1.5625,1.5625,-0.00018401
3.125,1.5625,4.6235*10^-5
4.6875,1.5625,-0.00022623
6.25,1.5625,-0.00021636
7.8125,1.5625,0.00098737
9.375,1.5625,0.00098719
10.938,1.5625,-0.0014791
12.5,1.5625,0.00075044
14.063,1.5625,-0.001484
15.625,1.5625,0.0017229
17.188,1.5625,0.00046603
18.75,1.5625,-1.6424*10^-5
20.313,1.5625,0.00060564
21.875,1.5625,-0.00019667
23.438,1.5625,4.0736*10^-5
25,1.5625,0.00067845
26.563,1.5625,0.00046444
28.125,1.5625,-0.0011463
29.688,1.5625,0.00062555
31.25,1.5625,-1.711*10^-5
32.813,1.5625,0.00082255
34.375,1.5625,8.8079*10^-5
35.938,1.5625,-0.00020114
37.5,1.5625,-0.00082199
39.063,1.5625,8.6435*10^-5
40.625,1.5625,-0.0015257
42.188,1.5625,-0.001699
43.75,1.5625,-0.00025629
45.313,1.5625,0.0025408
46.875,1.5625,-1.3824*10^-5
48.438,1.5625,-0.0017182
50,1.5625,0.0015856
51.563,1.5625,0.0011246
53.125,1.5625,0.00018591
54.688,1.5625,0
56.25,1.5625,0
57.813,1.5625,0.0012662
59.375,1.5625,0.00080409
60.938,1.5625,-0.001126
62.5,1.5625,0.00064248
64.063,1.5625,0.00088407
65.625,1.5625,0.0026093
67.188,1.5625,0.0016943
68.75,1.5625,0.0013095
70.313,1.5625,-0.00094736
71.875,1.5625,0.0010244
73.438,1.5625,0.0004378
75,1.5625,-0.00038365
76.563,1.5625,-0.0009568
78.125,1.5625,-0.0010204
79.688,1.5625,-0.00059366
81.25,1.5625,8.2355*10^-5
82.813,1.5625,-6.4316*10^-5
84.375,1.5625,0.00046534
85.938,1.5625,-0.0013418
87.5,1.5625,-0.00052107
89.063,1.5625,0.00029045
90.625,1.5625,-0.00034111
92.188,1.5625,0.0016392
93.75,1.5625,-0.00023393
95.313,1.5625,-0.00085997
96.875,1.5625,-0.00036514
98.438,1.5625,0.0013276
100,1.5625,0.00088313
1.5625,3.125,-0.00018401
3.125,3.125,4.6235*10^-5
4.6875,3.125,-0.00022623
6.25,3.125,-0.00021636
7.8125,3.125,0.00098737
9.375,3.125,0.00098719
10.938,3.125,-0.0014791
12.5,3.125,0.00075044
14.063,3.125,-0.001484
15.625,3.125,0.0017229
17.188,3.125,0.00046603
18.75,3.125,-1.6424*10^-5
20.313,3.125,0.00060564
21.875,3.125,-0.00019667
23.438,3.125,4.0736*10^-5
25,3.125,0.00067845
26.563,3.125,0.00046444
28.125,3.125,-0.0011463
29.688,3.125,0.00062555
31.25,3.125,-1.711*10^-5
32.813,3.125,0.00082255
34.375,3.125,8.8079*10^-5
35.938,3.125,-0.00020114
37.5,3.125,-0.00082199
39.063,3.125,8.6435*10^-5
40.625,3.125,-0.0015257
42.188,3.125,-0.001699
43.75,3.125,-0.00025629
45.313,3.125,0.0025408
46.875,3.125,-1.3824*10^-5
48.438,3.125,-0.0017182
50,3.125,0.0015856
51.563,3.125,0.0011246
53.125,3.125,0.00018591
54.688,3.125,0
56.25,3.125,0
57.813,3.125,0.0012662
59.375,3.125,0.00080409
60.938,3.125,-0.001126
62.5,3.125,0.00064248
64.063,3.125,0.00088407
65.625,3.125,0.0026093
67.188,3.125,0.0016943
68.75,3.125,0.0013095
70.313,3.125,-0.00094736
71.875,3.125,0.0010244
73.438,3.125,0.0004378
75,3.125,-0.00038365
76.563,3.125,-0.0009568
78.125,3.125,-0.0010204
79.688,3.125,-0.00059366
81.25,3.125,8.2355*10^-5
82.813,3.125,-6.4316*10^-5
84.375,3.125,0.00046534
85.938,3.125,-0.0013418
87.5,3.125,-0.00052107
89.063,3.125,0.00029045
90.625,3.125,-0.00034111
92.188,3.125,0.0016392
93.75,3.125,-0.00023393
95.313,3.125,-0.00085997
96.875,3.125,-0.00036514
98.438,3.125,0.0013276
100,3.125,0.00088313
1.5625,4.6875,-0.00018401
3.125,4.6875,4.6235*10^-5
4.6875,4.6875,-0.00022623
6.25,4.6875,-0.00021636
7.8125,4.6875,0.00098737
9.375,4.6875,0.00098719
10.938,4.6875,-0.0014791
12.5,4.6875,0.00075044
14.063,4.6875,-0.001484
15.625,4.6875,0.0017229
17.188,4.6875,0.00046603
18.75,4.6875,-1.6424*10^-5
20.313,4.6875,0.00060564
21.875,4.6875,-0.00019667
23.438,4.6875,4.0736*10^-5
25,4.6875,0.00067845
26.563,4.6875,0.00046444
28.125,4.6875,-0.0011463
29.688,4.6875,0.00062555
31.25,4.6875,-1.711*10^-5
32.813,4.6875,0.00082255
34.375,4.6875,8.8079*10^-5
35.938,4.6875,-0.00020114
37.5,4.6875,-0.00082199
39.063,4.6875,8.6435*10^-5
40.625,4.6875,-0.0015257
42.188,4.6875,-0.001699
43.75,4.6875,-0.00025629
45.313,4.6875,0.0025408
46.875,4.6875,-1.3824*10^-5
48.438,4.6875,-0.0017182
50,4.6875,0.0015856
51.563,4.6875,0.0011246
53.125,4.6875,0.00018591
54.688,4.6875,0
56.25,4.6875,0
57.813,4.6875,0.0012662
59.375,4.6875,0.00080409
60.938,4.6875,-0.001126
62.5,4.6875,0.00064248
64.063,4.6875,0.00088407
65.625,4.6875,0.0026093
67.188,4.6875,0.0016943
68.75,4.6875,0.0013095
70.313,4.6875,-0.00094736
71.875,4.6875,0.0010244
73.438,4.6875,0.0004378
75,4.6875,-0.00038365
76.563,4.6875,-0.0009568
78.125,4.6875,-0.0010204
79.688,4.6875,-0.00059366
81.25,4.6875,8.2355*10^-5
82.813,4.6875,-6.4316*10^-5
84.375,4.6875,0.00046534
85.938,4.6875,-0.0013418
87.5,4.6875,-0.00052107
89.063,4.6875,0.00029045
90.625,4.6875,-0.00034111
92.188,4.6875,0.0016392
93.75,4.6875,-0.00023393
95.313,4.6875,-0.00085997
96.875,4.6875,-0.00036514
98.438,4.6875,0.0013276
100,4.6875,0.00088313
1.5625,6.25,-0.00018401
3.125,6.25,4.6235*10^-5
4.6875,6.25,-0.00022623
6.25,6.25,-0.00021636
7.8125,6.25,0.00098737
9.375,6.25,0.00098719
10.938,6.25,-0.0014791
12.5,6.25,0.00075044
14.063,6.25,-0.001484
15.625,6.25,0.0017229
17.188,6.25,0.00046603
18.75,6.25,-1.6424*10^-5
20.313,6.25,0.00060564
21.875,6.25,-0.00019667
23.438,6.25,4.0736*10^-5
25,6.25,0.00067845
26.563,6.25,0.00046444
28.125,6.25,-0.0011463
29.688,6.25,0.00062555
31.25,6.25,-1.711*10^-5
32.813,6.25,0.00082255
34.375,6.25,8.8079*10^-5
35.938,6.25,-0.00020114
37.5,6.25,-0.00082199
39.063,6.25,8.6435*10^-5
40.625,6.25,-0.0015257
42.188,6.25,-0.001699
43.75,6.25,-0.00025629
45.313,6.25,0.0025408
46.875,6.25,-1.3824*10^-5
48.438,6.25,-0.0017182
50,6.25,0.0015856
51.563,6.25,0.0011246
53.125,6.25,0.00018591
54.688,6.25,0
56.25,6.25,0
57.813,6.25,0.0012662
59.375,6.25,0.00080409
60.938,6.25,-0.001126
62.5,6.25,0.00064248
64.063,6.25,0.00088407
65.625,6.25,0.0026093
67.188,6.25,0.0016943
68.75,6.25,0.0013095
70.313,6.25,-0.00094736
71.875,6.25,0.0010244
73.438,6.25,0.0004378
75,6.25,-0.00038365
76.563,6.25,-0.0009568
78.125,6.25,-0.0010204
79.688,6.25,-0.00059366
81.25,6.25,8.2355*10^-5
82.813,6.25,-6.4316*10^-5
84.375,6.25,0.00046534
85.938,6.25,-0.0013418
87.5,6.25,-0.00052107
89.063,6.25,0.00029045
90.625,6.25,-0.00034111
92.188,6.25,0.0016392
93.75,6.25,-0.00023393
95.313,6.25,-0.00085997
96.875,6.25,-0.00036514
98.438,6.25,0.0013276
100,6.25,0.00088313
1.5625,7.8125,-0.00018401
3.125,7.8125,4.6235*10^-5
4.6875,7.8125,-0.00022623
6.25,7.8125,-0.00021636
7.8125,7.8125,0.00098737
9.375,7.8125,0.00098719
10.938,7.8125,-0.0014791
12.5,7.8125,0.00075044
14.063,7.8125,-0.001484
15.625,7.8125,0.0017229
17.188,7.8125,0.00046603
18.75,7.8125,-1.6424*10^-5
20.313,7.8125,0.00060564
21.875,7.8125,-0.00019667
23.438,7.8125,4.0736*10^-5
25,7.8125,0.00067845
26.563,7.8125,0.00046444
28.125,7.8125,-0.0011463
29.688,7.8125,0.00062555
31.25,7.8125,-1.711*10^-5
32.813,7.8125,0.00082255
34.375,7.8125,8.8079*10^-5
35.938,7.8125,-0.00020114
37.5,7.8125,-0.00082199
39.063,7.8125,8.6435*10^-5
40.625,7.8125,-0.0015257
42.188,7.8125,-0.001699
43.75,7.8125,-0.00025629
45.313,7.8125,0.0025408
46.875,7.8125,-1.3824*10^-5
48.438,7.8125,-0.0017182
50,7.8125,0.0015856
51.563,7.8125,0.0011246
53.125,7.8125,0.00018591
54.688,7.8125,0
56.25,7.8125,0
57.813,7.8125,0.0012662
59.375,7.8125,0.00080409
60.938,7.8125,-0.001126
62.5,7.8125,0.00064248
64.063,7.8125,0.00088407
65.625,7.8125,0.0026093
67.188,7.8125,0.0016943
68.75,7.8125,0.0013095
70.313,7.8125,-0.00094736
71.875,7.8125,0.0010244
73.438,7.8125,0.0004378
75,7.8125,-0.00038365
76.563,7.8125,-0.0009568
78.125,7.8125,-0.0010204
79.688,7.8125,-0.00059366
81.25,7.8125,8.2355*10^-5
82.813,7.8125,-6.4316*10^-5
84.375,7.8125,0.00046534
85.938,7.8125,-0.0013418
87.5,7.8125,-0.00052107
89.063,7.8125,0.00029045
90.625,7.8125,-0.00034111
92.188,7.8125,0.0016392
93.75,7.8125,-0.00023393
95.313,7.8125,-0.00085997
96.875,7.8125,-0.00036514
98.438,7.8125,0.0013276
100,7.8125,0.00088313
1.5625,9.375,-0.00018401
3.125,9.375,4.6235*10^-5
4.6875,9.375,-0.00022623
6.25,9.375,-0.00021636
7.8125,9.375,0.00098737
9.375,9.375,0.00098719
10.938,9.375,-0.0014791
12.5,9.375,0.00075044
14.063,9.375,-0.001484
15.625,9.375,0.0017229
17.188,9.375,0.00046603
18.75,9.375,-1.6424*10^-5
20.313,9.375,0.00060564
21.875,9.375,-0.00019667
23.438,9.375,4.0736*10^-5
25,9.375,0.00067845
26.563,9.375,0.00046444
28.125,9.375,-0.0011463
29.688,9.375,0.00062555
31.25,9.375,-1.711*10^-5
32.813,9.375,0.00082255
34.375,9.375,8.8079*10^-5
35.938,9.375,-0.00020114
37.5,9.375,-0.00082199
39.063,9.375,8.6435*10^-5
40.625,9.375,-0.0015257
42.188,9.375,-0.001699
43.75,9.375,-0.00025629
45.313,9.375,0.0025408
46.875,9.375,-1.3824*10^-5
48.438,9.375,-0.0017182
50,9.375,0.0015856
51.563,9.375,0.0011246
53.125,9.375,0.00018591
54.688,9.375,0
56.25,9.375,0
57.813,9.375,0.0012662
59.375,9.375,0.00080409
60.938,9.375,-0.001126
62.5,9.375,0.00064248
64.063,9.375,0.00088407
65.625,9.375,0.0026093
67.188,9.375,0.0016943
68.75,9.375,0.0013095
70.313,9.375,-0.00094736
71.875,9.375,0.0010244
73.438,9.375,0.0004378
75,9.375,-0.00038365
76.563,9.375,-0.0009568
78.125,9.375,-0.0010204
79.688,9.375,-0.00059366
81.25,9.375,8.2355*10^-5
82.813,9.375,-6.4316*10^-5
84.375,9.375,0.00046534
85.938,9.375,-0.0013418
87.5,9.375,-0.00052107
89.063,9.375,0.00029045
90.625,9.375,-0.00034111
92.188,9.375,0.0016392
93.75,9.375,-0.00023393
95.313,9.375,-0.00085997
96.875,9.375,-0.00036514
98.438,9.375,0.0013276
100,9.375,0.00088313
1.5625,10.938,-0.00018401
3.125,10.938,4.6235*10^-5
4.6875,10.938,-0.00022623
6.25,10.938,-0.00021636
7.8125,10.938,0.00098737
9.375,10.938,0.00098719
10.938,10.938,-0.0014791
12.5,10.938,0.00075044
14.063,10.938,-0.001484
15.625,10.938,0.0017229
17.188,10.938,0.00046603
18.75,10.938,-1.6424*10^-5
20.313,10.938,0.00060564
21.875,10.938,-0.00019667
23.438,10.938,4.0736*10^-5
25,10.938,0.00067845
26.563,10.938,0.00046444
28.125,10.938,-0.0011463
29.688,10.938,0.00062555
31.25,10.938,-1.711*10^-5
32.813,10.938,0.00082255
34.375,10.938,8.8079*10^-5
35.938,10.938,-0.00020114
37.5,10.938,-0.00082199
39.063,10.938,8.6435*10^-5
40.625,10.938,-0.0015257
42.188,10.938,-0.001699
43.75,10.938,-0.00025629
45.313,10.938,0.0025408
46.875,10.938,-1.3824*10^-5
48.438,10.938,-0.0017182
50,10.938,0.0015856
51.563,10.938,0.0011246
53.125,10.938,0.00018591
54.688,10.938,0
56.25,10.938,0
57.813,10.938,0.0012662
59.375,10.938,0.00080409
60.938,10.938,-0.001126
62.5,10.938,0.00064248
64.063,10.938,0.00088407
65.625,10.938,0.0026093
67.188,10.938,0.0016943
68.75,10.938,0.0013095
70.313,10.938,-0.00094736
71.875,10.938,0.0010244
73.438,10.938,0.0004378
75,10.938,-0.00038365
76.563,10.938,-0.0009568
78.125,10.938,-0.0010204
79.688,10.938,-0.00059366
81.25,10.938,8.2355*10^-5
82.813,10.938,-6.4316*10^-5
84.375,10.938,0.00046534
85.938,10.938,-0.0013418
87.5,10.938,-0.00052107
89.063,10.938,0.00029045
90.625,10.938,-0.00034111
92.188,10.938,0.0016392
93.75,10.938,-0.00023393
95.313,10.938,-0.00085997
96.875,10.938,-0.00036514
98.438,10.938,0.0013276
100,10.938,0.00088313
1.5625,12.5,-0.00018401
3.125,12.5,4.6235*10^-5
4.6875,12.5,-0.00022623
6.25,12.5,-0.00021636
7.8125,12.5,0.00098737
9.375,12.5,0.00098719
10.938,12.5,-0.0014791
12.5,12.5,0.00075044
14.063,12.5,-0.001484
15.625,12.5,0.0017229
17.188,12.5,0.00046603
18.75,12.5,-1.6424*10^-5
20.313,12.5,0.00060564
21.875,12.5,-0.00019667
23.438,12.5,4.0736*10^-5
25,12.5,0.00067845
26.563,12.5,0.00046444
28.125,12.5,-0.0011463
29.688,12.5,0.00062555
31.25,12.5,-1.711*10^-5
32.813,12.5,0.00082255
34.375,12.5,8.8079*10^-5
35.938,12.5,-0.00020114
37.5,12.5,-0.00082199
39.063,12.5,8.6435*10^-5
40.625,12.5,-0.0015257
42.188,12.5,-0.001699
43.75,12.5,-0.00025629
45.313,12.5,0.0025408
46.875,12.5,-1.3824*10^-5
48.438,12.5,-0.0017182
50,12.5,0.0015856
51.563,12.5,0.0011246
53.125,12.5,0.00018591
54.688,12.5,0
56.25,12.5,0
57.813,12.5,0.0012662
59.375,12.5,0.00080409
60.938,12.5,-0.001126
62.5,12.5,0.00064248
64.063,12.5,0.00088407
65.625,12.5,0.0026093
67.188,12.5,0.0016943
68.75,12.5,0.0013095
70.313,12.5,-0.00094736
71.875,12.5,0.0010244
73.438,12.5,0.0004378
75,12.5,-0.00038365
76.563,12.5,-0.0009568
78.125,12.5,-0.0010204
79.688,12.5,-0.00059366
81.25,12.5,8.2355*10^-5
82.813,12.5,-6.4316*10^-5
84.375,12.5,0.00046534
85.938,12.5,-0.0013418
87.5,12.5,-0.00052107
89.063,12.5,0.00029045
90.625,12.5,-0.00034111
92.188,12.5,0.0016392
93.75,12.5,-0.00023393
95.313,12.5,-0.00085997
96.875,12.5,-0.00036514
98.438,12.5,0.0013276
100,12.5,0.00088313
1.5625,14.063,-0.00018401
3.125,14.063,4.6235*10^-5
4.6875,14.063,-0.00022623
6.25,14.063,-0.00021636
7.8125,14.063,0.00098737
9.375,14.063,0.00098719
10.938,14.063,-0.0014791
12.5,14.063,0.00075044
14.063,14.063,-0.001484
15.625,14.063,0.0017229
17.188,14.063,0.00046603
18.75,14.063,-1.6424*10^-5
20.313,14.063,0.00060564
21.875,14.063,-0.00019667
23.438,14.063,4.0736*10^-5
25,14.063,0.00067845
26.563,14.063,0.00046444
28.125,14.063,-0.0011463
29.688,14.063,0.00062555
31.25,14.063,-1.711*10^-5
32.813,14.063,0.00082255
34.375,14.063,8.8079*10^-5
35.938,14.063,-0.00020114
37.5,14.063,-0.00082199
39.063,14.063,8.6435*10^-5
40.625,14.063,-0.0015257
42.188,14.063,-0.001699
43.75,14.063,-0.00025629
45.313,14.063,0.0025408
46.875,14.063,-1.3824*10^-5
48.438,14.063,-0.0017182
50,14.063,0.0015856
51.563,14.063,0.0011246
53.125,14.063,0.00018591
54.688,14.063,0
56.25,14.063,0
57.813,14.063,0.0012662
59.375,14.063,0.00080409
60.938,14.063,-0.001126
62.5,14.063,0.00064248
64.063,14.063,0.00088407
65.625,14.063,0.0026093
67.188,14.063,0.0016943
68.75,14.063,0.0013095
70.313,14.063,-0.00094736
71.875,14.063,0.0010244
73.438,14.063,0.0004378
75,14.063,-0.00038365
76.563,14.063,-0.0009568
78.125,14.063,-0.0010204
79.688,14.063,-0.00059366
81.25,14.063,8.2355*10^-5
82.813,14.063,-6.4316*10^-5
84.375,14.063,0.00046534
85.938,14.063,-0.0013418
87.5,14.063,-0.00052107
89.063,14.063,0.00029045
90.625,14.063,-0.00034111
92.188,14.063,0.0016392
93.75,14.063,-0.00023393
95.313,14.063,-0.00085997
96.875,14.063,-0.00036514
98.438,14.063,0.0013276
100,14.063,0.00088313
1.5625,15.625,-0.00018401
3.125,15.625,4.6235*10^-5
4.6875,15.625,-0.00022623
6.25,15.625,-0.00021636
7.8125,15.625,0.00098737
9.375,15.625,0.00098719
10.938,15.625,-0.0014791
12.5,15.625,0.00075044
14.063,15.625,-0.001484
15.625,15.625,0.0017229
17.188,15.625,0.00046603
18.75,15.625,-1.6424*10^-5
20.313,15.625,0.00060564
21.875,15.625,-0.00019667
23.438,15.625,4.0736*10^-5
25,15.625,0.00067845
26.563,15.625,0.00046444
28.125,15.625,-0.0011463
29.688,15.625,0.00062555
31.25,15.625,-1.711*10^-5
32.813,15.625,0.00082255
34.375,15.625,8.8079*10^-5
35.938,15.625,-0.00020114
37.5,15.625,-0.00082199
39.063,15.625,8.6435*10^-5
40.625,15.625,-0.0015257
42.188,15.625,-0.001699
43.75,15.625,-0.00025629
45.313,15.625,0.0025408
46.875,15.625,-1.3824*10^-5
48.438,15.625,-0.0017182
50,15.625,0.0015856
51.563,15.625,0.0011246
53.125,15.625,0.00018591
54.688,15.625,0
56.25,15.625,0
57.813,15.625,0.0012662
59.375,15.625,0.00080409
60.938,15.625,-0.001126
62.5,15.625,0.00064248
64.063,15.625,0.00088407
65.625,15.625,0.0026093
67.188,15.625,0.0016943
68.75,15.625,0.0013095
70.313,15.625,-0.00094736
71.875,15.625,0.0010244
73.438,15.625,0.0004378
75,15.625,-0.00038365
76.563,15.625,-0.0009568
78.125,15.625,-0.0010204
79.688,15.625,-0.00059366
81.25,15.625,8.2355*10^-5
82.813,15.625,-6.4316*10^-5
84.375,15.625,0.00046534
85.938,15.625,-0.0013418
87.5,15.625,-0.00052107
89.063,15.625,0.00029045
90.625,15.625,-0.00034111
92.188,15.625,0.0016392
93.75,15.625,-0.00023393
95.313,15.625,-0.00085997
96.875,15.625,-0.00036514
98.438,15.625,0.0013276
100,15.625,0.00088313
1.5625,17.188,-0.00018401
3.125,17.188,4.6235*10^-5
4.6875,17.188,-0.00022623
6.25,17.188,-0.00021636
7.8125,17.188,0.00098737
9.375,17.188,0.00098719
10.938,17.188,-0.0014791
12.5,17.188,0.00075044
14.063,17.188,-0.001484
15.625,17.188,0.0017229
17.188,17.188,0.00046603
18.75,17.188,-1.6424*10^-5
20.313,17.188,0.00060564
21.875,17.188,-0.00019667
23.438,17.188,4.0736*10^-5
25,17.188,0.00067845
26.563,17.188,0.00046444
28.125,17.188,-0.0011463
29.688,17.188,0.00062555
31.25,17.188,-1.711*10^-5
32.813,17.188,0.00082255
34.375,17.188,8.8079*10^-5
35.938,17.188,-0.00020114
37.5,17.188,-0.00082199
39.063,17.188,8.6435*10^-5
40.625,17.188,-0.0015257
42.188,17.188,-0.001699
43.75,17.188,-0.00025629
45.313,17.188,0.0025408
46.875,17.188,-1.3824*10^-5
48.438,17.188,-0.0017182
50,17.188,0.0015856
51.563,17.188,0.0011246
53.125,17.188,0.00018591
54.688,17.188,0
56.25,17.188,0
57.813,17.188,0.0012662
59.375,17.188,0.00080409
60.938,17.188,-0.001126
62.5,17.188,0.00064248
64.063,17.188,0.00088407
65.625,17.188,0.0026093
67.188,17.188,0.0016943
68.75,17.188,0.0013095
70.313,17.188,-0.00094736
71.875,17.188,0.0010244
73.438,17.188,0.0004378
75,17.188,-0.00038365
76.563,17.188,-0.0009568
78.125,17.188,-0.0010204
79.688,17.188,-0.00059366
81.25,17.188,8.2355*10^-5
82.813,17.188,-6.4316*10^-5
84.375,17.188,0.00046534
85.938,17.188,-0.0013418
87.5,17.188,-0.00052107
89.063,17.188,0.00029045
90.625,17.188,-0.00034111
92.188,17.188,0.0016392
93.75,17.188,-0.00023393
95.313,17.188,-0.00085997
96.875,17.188,-0.00036514
98.438,17.188,0.0013276
100,17.188,0.00088313
1.5625,18.75,-0.00018401
3.125,18.75,4.6235*10^-5
4.6875,18.75,-0.00022623
6.25,18.75,-0.00021636
7.8125,18.75,0.00098737
9.375,18.75,0.00098719
10.938,18.75,-0.0014791
12.5,18.75,0.00075044
14.063,18.75,-0.001484
15.625,18.75,0.0017229
17.188,18.75,0.00046603
18.75,18.75,-1.6424*10^-5
20.313,18.75,0.00060564
21.875,18.75,-0.00019667
23.438,18.75,4.0736*10^-5
25,18.75,0.00067845
26.563,18.75,0.00046444
28.125,18.75,-0.0011463
29.688,18.75,0.00062555
31.25,18.75,-1.711*10^-5
32.813,18.75,0.00082255
34.375,18.75,8.8079*10^-5
35.938,18.75,-0.00020114
37.5,18.75,-0.00082199
39.063,18.75,8.6435*10^-5
40.625,18.75,-0.0015257
42.188,18.75,-0.001699
43.75,18.75,-0.00025629
45.313,18.75,0.0025408
46.875,18.75,-1.3824*10^-5
48.438,18.75,-0.0017182
50,18.75,0.0015856
51.563,18.75,0.0011246
53.125,18.75,0.00018591
54.688,18.75,0
56.25,18.75,0
57.813,18.75,0.0012662
59.375,18.75,0.00080409
60.938,18.75,-0.001126
62.5,18.75,0.00064248
64.063,18.75,0.00088407
65.625,18.75,0.0026093
67.188,18.75,0.0016943
68.75,18.75,0.0013095
70.313,18.75,-0.00094736
71.875,18.75,0.0010244
73.438,18.75,0.0004378
75,18.75,-0.00038365
76.563,18.75,-0.0009568
78.125,18.75,-0.0010204
79.688,18.75,-0.00059366
81.25,18.75,8.2355*10^-5
82.813,18.75,-6.4316*10^-5
84.375,18.75,0.00046534
85.938,18.75,-0.0013418
87.5,18.75,-0.00052107
89.063,18.75,0.00029045
90.625,18.75,-0.00034111
92.188,18.75,0.0016392
93.75,18.75,-0.00023393
95.313,18.75,-0.00085997
96.875,18.75,-0.00036514
98.438,18.75,0.0013276
100,18.75,0.00088313
1.5625,20.313,-0.00018401
3.125,20.313,4.6235*10^-5
4.6875,20.313,-0.00022623
6.25,20.313,-0.00021636
7.8125,20.313,0.00098737
9.375,20.313,0.00098719
10.938,20.313,-0.0014791
12.5,20.313,0.00075044
14.063,20.313,-0.001484
15.625,20.313,0.0017229
17.188,20.313,0.00046603
18.75,20.313,-1.6424*10^-5
20.313,20.313,0.00060564
21.875,20.313,-0.00019667
23.438,20.313,4.0736*10^-5
25,20.313,0.00067845
26.563,20.313,0.00046444
28.125,20.313,-0.0011463
29.688,20.313,0.00062555
31.25,20.313,-1.711*10^-5
32.813,20.313,0.00082255
34.375,20.313,8.8079*10^-5
35.938,20.313,-0.00020114
37.5,20.313,-0.00082199
39.063,20.313,8.6435*10^-5
40.625,20.313,-0.0015257
42.188,20.313,-0.001699
43.75,20.313,-0.00025629
45.313,20.313,0.0025408
46.875,20.313,-1.3824*10^-5
48.438,20.313,-0.0017182
50,20.313,0.0015856
51.563,20.313,0.0011246
53.125,20.313,0.00018591
54.688,20.313,0
56.25,20.313,0
57.813,20.313,0.0012662
59.375,20.313,0.00080409
60.938,20.313,-0.001126
62.5,20.313,0.00064248
64.063,20.313,0.00088407
65.625,20.313,0.0026093
67.188,20.313,0.0016943
68.75,20.313,0.0013095
70.313,20.313,-0.00094736
71.875,20.313,0.0010244
73.438,20.313,0.0004378
75,20.313,-0.00038365
76.563,20.313,-0.0009568
78.125,20.313,-0.0010204
79.688,20.313,-0.00059366
81.25,20.313,8.2355*10^-5
82.813,20.313,-6.4316*10^-5
84.375,20.313,0.00046534
85.938,20.313,-0.0013418
87.5,20.313,-0.00052107
89.063,20.313,0.00029045
90.625,20.313,-0.00034111
92.188,20.313,0.0016392
93.75,20.313,-0.00023393
95.313,20.313,-0.00085997
96.875,20.313,-0.00036514
98.438,20.313,0.0013276
100,20.313,0.00088313
1.5625,21.875,-0.00018401
3.125,21.875,4.6235*10^-5
4.6875,21.875,-0.00022623
6.25,21.875,-0.00021636
7.8125,21.875,0.00098737
9.375,21.875,0.00098719
10.938,21.875,-0.0014791
12.5,21.875,0.00075044
14.063,21.875,-0.001484
15.625,21.875,0.0017229
17.188,21.875,0.00046603
18.75,21.875,-1.6424*10^-5
20.313,21.875,0.00060564
21.875,21.875,-0.00019667
23.438,21.875,4.0736*10^-5
25,21.875,0.00067845
26.563,21.875,0.00046444
28.125,21.875,-0.0011463
29.688,21.875,0.00062555
31.25,21.875,-1.711*10^-5
32.813,21.875,0.00082255
34.375,21.875,8.8079*10^-5
35.938,21.875,-0.00020114
37.5,21.875,-0.00082199
39.063,21.875,8.6435*10^-5
40.625,21.875,-0.0015257
42.188,21.875,-0.001699
43.75,21.875,-0.00025629
45.313,21.875,0.0025408
46.875,21.875,-1.3824*10^-5
48.438,21.875,-0.0017182
50,21.875,0.0015856
51.563,21.875,0.0011246
53.125,21.875,0.00018591
54.688,21.875,0
56.25,21.875,0
57.813,21.875,0.0012662
59.375,21.875,0.00080409
60.938,21.875,-0.001126
62.5,21.875,0.00064248
64.063,21.875,0.00088407
65.625,21.875,0.0026093
67.188,21.875,0.0016943
68.75,21.875,0.0013095
70.313,21.875,-0.00094736
71.875,21.875,0.0010244
73.438,21.875,0.0004378
75,21.875,-0.00038365
76.563,21.875,-0.0009568
78.125,21.875,-0.0010204
79.688,21.875,-0.00059366
81.25,21.875,8.2355*10^-5
82.813,21.875,-6.4316*10^-5
84.375,21.875,0.00046534
85.938,21.875,-0.0013418
87.5,21.875,-0.00052107
89.063,21.875,0.00029045
90.625,21.875,-0.00034111
92.188,21.875,0.0016392
93.75,21.875,-0.00023393
95.313,21.875,-0.00085997
96.875,21.875,-0.00036514
98.438,21.875,0.0013276
100,21.875,0.00088313
1.5625,23.438,-0.00018401
3.125,23.438,4.6235*10^-5
4.6875,23.438,-0.00022623
6.25,23.438,-0.00021636
7.8125,23.438,0.00098737
9.375,23.438,0.00098719
10.938,23.438,-0.0014791
12.5,23.438,0.00075044
14.063,23.438,-0.001484
15.625,23.438,0.0017229
17.188,23.438,0.00046603
18.75,23.438,-1.6424*10^-5
20.313,23.438,0.00060564
21.875,23.438,-0.00019667
23.438,23.438,4.0736*10^-5
25,23.438,0.00067845
26.563,23.438,0.00046444
28.125,23.438,-0.0011463
29.688,23.438,0.00062555
31.25,23.438,-1.711*10^-5
32.813,23.438,0.00082255
34.375,23.438,8.8079*10^-5
35.938,23.438,-0.00020114
37.5,23.438,-0.00082199
39.063,23.438,8.6435*10^-5
40.625,23.438,-0.0015257
42.188,23.438,-0.001699
43.75,23.438,-0.00025629
45.313,23.438,0.0025408
46.875,23.438,-1.3824*10^-5
48.438,23.438,-0.0017182
50,23.438,0.0015856
51.563,23.438,0.0011246
53.125,23.438,0.00018591
54.688,23.438,0
56.25,23.438,0
57.813,23.438,0.0012662
59.375,23.438,0.00080409
60.938,23.438,-0.001126
62.5,23.438,0.00064248
64.063,23.438,0.00088407
65.625,23.438,0.0026093
67.188,23.438,0.0016943
68.75,23.438,0.0013095
70.313,23.438,-0.00094736
71.875,23.438,0.0010244
73.438,23.438,0.0004378
75,23.438,-0.00038365
76.563,23.438,-0.0009568
78.125,23.438,-0.0010204
79.688,23.438,-0.00059366
81.25,23.438,8.2355*10^-5
82.813,23.438,-6.4316*10^-5
84.375,23.438,0.00046534
85.938,23.438,-0.0013418
87.5,23.438,-0.00052107
89.063,23.438,0.00029045
90.625,23.438,-0.00034111
92.188,23.438,0.0016392
93.75,23.438,-0.00023393
95.313,23.438,-0.00085997
96.875,23.438,-0.00036514
98.438,23.438,0.0013276
100,23.438,0.00088313
1.5625,25,-0.00018401
3.125,25,4.6235*10^-5
4.6875,25,-0.00022623
6.25,25,-0.00021636
7.8125,25,0.00098737
9.375,25,0.00098719
10.938,25,-0.0014791
12.5,25,0.00075044
14.063,25,-0.001484
15.625,25,0.0017229
17.188,25,0.00046603
18.75,25,-1.6424*10^-5
20.313,25,0.00060564
21.875,25,-0.00019667
23.438,25,4.0736*10^-5
25,25,0.00067845
26.563,25,0.00046444
28.125,25,-0.0011463
29.688,25,0.00062555
31.25,25,-1.711*10^-5
32.813,25,0.00082255
34.375,25,8.8079*10^-5
35.938,25,-0.00020114
37.5,25,-0.00082199
39.063,25,8.6435*10^-5
40.625,25,-0.0015257
42.188,25,-0.001699
43.75,25,-0.00025629
45.313,25,0.0025408
46.875,25,-1.3824*10^-5
48.438,25,-0.0017182
50,25,0.0015856
51.563,25,0.0011246
53.125,25,0.00018591
54.688,25,0
56.25,25,0
57.813,25,0.0012662
59.375,25,0.00080409
60.938,25,-0.001126
62.5,25,0.00064248
64.063,25,0.00088407
65.625,25,0.0026093
67.188,25,0.0016943
68.75,25,0.0013095
70.313,25,-0.00094736
71.875,25,0.0010244
73.438,25,0.0004378
75,25,-0.00038365
76.563,25,-0.0009568
78.125,25,-0.0010204
79.688,25,-0.00059366
81.25,25,8.2355*10^-5
82.813,25,-6.4316*10^-5
84.375,25,0.00046534
85.938,25,-0.0013418
87.5,25,-0.00052107
89.063,25,0.00029045
90.625,25,-0.00034111
92.188,25,0.0016392
93.75,25,-0.00023393
95.313,25,-0.00085997
96.875,25,-0.00036514
98.438,25,0.0013276
100,25,0.00088313
1.5625,26.563,-0.00018401
3.125,26.563,4.6235*10^-5
4.6875,26.563,-0.00022623
6.25,26.563,-0.00021636
7.8125,26.563,0.00098737
9.375,26.563,0.00098719
10.938,26.563,-0.0014791
12.5,26.563,0.00075044
14.063,26.563,-0.001484
15.625,26.563,0.0017229
17.188,26.563,0.00046603
18.75,26.563,-1.6424*10^-5
20.313,26.563,0.00060564
21.875,26.563,-0.00019667
23.438,26.563,4.0736*10^-5
25,26.563,0.00067845
26.563,26.563,0.00046444
28.125,26.563,-0.0011463
29.688,26.563,0.00062555
31.25,26.563,-1.711*10^-5
32.813,26.563,0.00082255
34.375,26.563,8.8079*10^-5
35.938,26.563,-0.00020114
37.5,26.563,-0.00082199
39.063,26.563,8.6435*10^-5
40.625,26.563,-0.0015257
42.188,26.563,-0.001699
43.75,26.563,-0.00025629
45.313,26.563,0.0025408
46.875,26.563,-1.3824*10^-5
48.438,26.563,-0.0017182
50,26.563,0.0015856
51.563,26.563,0.0011246
53.125,26.563,0.00018591
54.688,26.563,0
56.25,26.563,0
57.813,26.563,0.0012662
59.375,26.563,0.00080409
60.938,26.563,-0.001126
62.5,26.563,0.00064248
64.063,26.563,0.00088407
65.625,26.563,0.0026093
67.188,26.563,0.0016943
68.75,26.563,0.0013095
70.313,26.563,-0.00094736
71.875,26.563,0.0010244
73.438,26.563,0.0004378
75,26.563,-0.00038365
76.563,26.563,-0.0009568
78.125,26.563,-0.0010204
79.688,26.563,-0.00059366
81.25,26.563,8.2355*10^-5
82.813,26.563,-6.4316*10^-5
84.375,26.563,0.00046534
85.938,26.563,-0.0013418
87.5,26.563,-0.00052107
89.063,26.563,0.00029045
90.625,26.563,-0.00034111
92.188,26.563,0.0016392
93.75,26.563,-0.00023393
95.313,26.563,-0.00085997
96.875,26.563,-0.00036514
98.438,26.563,0.0013276
100,26.563,0.00088313
1.5625,28.125,-0.00018401
3.125,28.125,4.6235*10^-5
4.6875,28.125,-0.00022623
6.25,28.125,-0.00021636
7.8125,28.125,0.00098737
9.375,28.125,0.00098719
10.938,28.125,-0.0014791
12.5,28.125,0.00075044
14.063,28.125,-0.001484
15.625,28.125,0.0017229
17.188,28.125,0.00046603
18.75,28.125,-1.6424*10^-5
20.313,28.125,0.00060564
21.875,28.125,-0.00019667
23.438,28.125,4.0736*10^-5
25,28.125,0.00067845
26.563,28.125,0.00046444
28.125,28.125,-0.0011463
29.688,28.125,0.00062555
31.25,28.125,-1.711*10^-5
32.813,28.125,0.00082255
34.375,28.125,8.8079*10^-5
35.938,28.125,-0.00020114
37.5,28.125,-0.00082199
39.063,28.125,8.6435*10^-5
40.625,28.125,-0.0015257
42.188,28.125,-0.001699
43.75,28.125,-0.00025629
45.313,28.125,0.0025408
46.875,28.125,-1.3824*10^-5
48.438,28.125,-0.0017182
50,28.125,0.0015856
51.563,28.125,0.0011246
53.125,28.125,0.00018591
54.688,28.125,0
56.25,28.125,0
57.813,28.125,0.0012662
59.375,28.125,0.00080409
60.938,28.125,-0.001126
62.5,28.125,0.00064248
64.063,28.125,0.00088407
65.625,28.125,0.0026093
67.188,28.125,0.0016943
68.75,28.125,0.0013095
70.313,28.125,-0.00094736
71.875,28.125,0.0010244
73.438,28.125,0.0004378
75,28.125,-0.00038365
76.563,28.125,-0.0009568
78.125,28.125,-0.0010204
79.688,28.125,-0.00059366
81.25,28.125,8.2355*10^-5
82.813,28.125,-6.4316*10^-5
84.375,28.125,0.00046534
85.938,28.125,-0.0013418
87.5,28.125,-0.00052107
89.063,28.125,0.00029045
90.625,28.125,-0.00034111
92.188,28.125,0.0016392
93.75,28.125,-0.00023393
95.313,28.125,-0.00085997
96.875,28.125,-0.00036514
98.438,28.125,0.0013276
100,28.125,0.00088313
1.5625,29.688,-0.00018401
3.125,29.688,4.6235*10^-5
4.6875,29.688,-0.00022623
6.25,29.688,-0.00021636
7.8125,29.688,0.00098737
9.375,29.688,0.00098719
10.938,29.688,-0.0014791
12.5,29.688,0.00075044
14.063,29.688,-0.001484
15.625,29.688,0.0017229
17.188,29.688,0.00046603
18.75,29.688,-1.6424*10^-5
20.313,29.688,0.00060564
21.875,29.688,-0.00019667
23.438,29.688,4.0736*10^-5
25,29.688,0.00067845
26.563,29.688,0.00046444
28.125,29.688,-0.0011463
29.688,29.688,0.00062555
31.25,29.688,-1.711*10^-5
32.813,29.688,0.00082255
34.375,29.688,8.8079*10^-5
35.938,29.688,-0.00020114
37.5,29.688,-0.00082199
39.063,29.688,8.6435*10^-5
40.625,29.688,-0.0015257
42.188,29.688,-0.001699
43.75,29.688,-0.00025629
45.313,29.688,0.0025408
46.875,29.688,-1.3824*10^-5
48.438,29.688,-0.0017182
50,29.688,0.0015856
51.563,29.688,0.0011246
53.125,29.688,0.00018591
54.688,29.688,0
56.25,29.688,0
57.813,29.688,0.0012662
59.375,29.688,0.00080409
60.938,29.688,-0.001126
62.5,29.688,0.00064248
64.063,29.688,0.00088407
65.625,29.688,0.0026093
67.188,29.688,0.0016943
68.75,29.688,0.0013095
70.313,29.688,-0.00094736
71.875,29.688,0.0010244
73.438,29.688,0.0004378
75,29.688,-0.00038365
76.563,29.688,-0.0009568
78.125,29.688,-0.0010204
79.688,29.688,-0.00059366
81.25,29.688,8.2355*10^-5
82.813,29.688,-6.4316*10^-5
84.375,29.688,0.00046534
85.938,29.688,-0.0013418
87.5,29.688,-0.00052107
89.063,29.688,0.00029045
90.625,29.688,-0.00034111
92.188,29.688,0.0016392
93.75,29.688,-0.00023393
95.313,29.688,-0.00085997
96.875,29.688,-0.00036514
98.438,29.688,0.0013276
100,29.688,0.00088313
1.5625,31.25,-0.00018401
3.125,31.25,4.6235*10^-5
4.6875,31.25,-0.00022623
6.25,31.25,-0.00021636
7.8125,31.25,0.00098737
9.375,31.25,0.00098719
10.938,31.25,-0.0014791
12.5,31.25,0.00075044
14.063,31.25,-0.001484
15.625,31.25,0.0017229
17.188,31.25,0.00046603
18.75,31.25,-1.6424*10^-5
20.313,31.25,0.00060564
21.875,31.25,-0.00019667
23.438,31.25,4.0736*10^-5
25,31.25,0.00067845
26.563,31.25,0.00046444
28.125,31.25,-0.0011463
29.688,31.25,0.00062555
31.25,31.25,-1.711*10^-5
32.813,31.25,0.00082255
34.375,31.25,8.8079*10^-5
35.938,31.25,-0.00020114
37.5,31.25,-0.00082199
39.063,31.25,8.6435*10^-5
40.625,31.25,-0.0015257
42.188,31.25,-0.001699
43.75,31.25,-0.00025629
45.313,31.25,0.0025408
46.875,31.25,-1.3824*10^-5
48.438,31.25,-0.0017182
50,31.25,0.0015856
51.563,31.25,0.0011246
53.125,31.25,0.00018591
54.688,31.25,0
56.25,31.25,0
57.813,31.25,0.0012662
59.375,31.25,0.00080409
60.938,31.25,-0.001126
62.5,31.25,0.00064248
64.063,31.25,0.00088407
65.625,31.25,0.0026093
67.188,31.25,0.0016943
68.75,31.25,0.0013095
70.313,31.25,-0.00094736
71.875,31.25,0.0010244
73.438,31.25,0.0004378
75,31.25,-0.00038365
76.563,31.25,-0.0009568
78.125,31.25,-0.0010204
79.688,31.25,-0.00059366
81.25,31.25,8.2355*10^-5
82.813,31.25,-6.4316*10^-5
84.375,31.25,0.00046534
85.938,31.25,-0.0013418
87.5,31.25,-0.00052107
89.063,31.25,0.00029045
90.625,31.25,-0.00034111
92.188,31.25,0.0016392
93.75,31.25,-0.00023393
95.313,31.25,-0.00085997
96.875,31.25,-0.00036514
98.438,31.25,0.0013276
100,31.25,0.00088313
1.5625,32.813,-0.00018401
3.125,32.813,4.6235*10^-5
4.6875,32.813,-0.00022623
6.25,32.813,-0.00021636
7.8125,32.813,0.00098737
9.375,32.813,0.00098719
10.938,32.813,-0.0014791
12.5,32.813,0.00075044
14.063,32.813,-0.001484
15.625,32.813,0.0017229
17.188,32.813,0.00046603
18.75,32.813,-1.6424*10^-5
20.313,32.813,0.00060564
21.875,32.813,-0.00019667
23.438,32.813,4.0736*10^-5
25,32.813,0.00067845
26.563,32.813,0.00046444
28.125,32.813,-0.0011463
29.688,32.813,0.00062555
31.25,32.813,-1.711*10^-5
32.813,32.813,0.00082255
34.375,32.813,8.8079*10^-5
35.938,32.813,-0.00020114
37.5,32.813,-0.00082199
39.063,32.813,8.6435*10^-5
40.625,32.813,-0.0015257
42.188,32.813,-0.001699
43.75,32.813,-0.00025629
45.313,32.813,0.0025408
46.875,32.813,-1.3824*10^-5
48.438,32.813,-0.0017182
50,32.813,0.0015856
51.563,32.813,0.0011246
53.125,32.813,0.00018591
54.688,32.813,0
56.25,32.813,0
57.813,32.813,0.0012662
59.375,32.813,0.00080409
60.938,32.813,-0.001126
62.5,32.813,0.00064248
64.063,32.813,0.00088407
65.625,32.813,0.0026093
67.188,32.813,0.0016943
68.75,32.813,0.0013095
70.313,32.813,-0.00094736
71.875,32.813,0.0010244
73.438,32.813,0.0004378
75,32.813,-0.00038365
76.563,32.813,-0.0009568
78.125,32.813,-0.0010204
79.688,32.813,-0.00059366
81.25,32.813,8.2355*10^-5
82.813,32.813,-6.4316*10^-5
84.375,32.813,0.00046534
85.938,32.813,-0.0013418
87.5,32.813,-0.00052107
89.063,32.813,0.00029045
90.625,32.813,-0.00034111
92.188,32.813,0.0016392
93.75,32.813,-0.00023393
95.313,32.813,-0.00085997
96.875,32.813,-0.00036514
98.438,32.813,0.0013276
100,32.813,0.00088313
1.5625,34.375,-0.00018401
3.125,34.375,4.6235*10^-5
4.6875,34.375,-0.00022623
6.25,34.375,-0.00021636
7.8125,34.375,0.00098737
9.375,34.375,0.00098719
10.938,34.375,-0.0014791
12.5,34.375,0.00075044
14.063,34.375,-0.001484
15.625,34.375,0.0017229
17.188,34.375,0.00046603
18.75,34.375,-1.6424*10^-5
20.313,34.375,0.00060564
21.875,34.375,-0.00019667
23.438,34.375,4.0736*10^-5
25,34.375,0.00067845
26.563,34.375,0.00046444
28.125,34.375,-0.0011463
29.688,34.375,0.00062555
31.25,34.375,-1.711*10^-5
32.813,34.375,0.00082255
34.375,34.375,8.8079*10^-5
35.938,34.375,-0.00020114
37.5,34.375,-0.00082199
39.063,34.375,8.6435*10^-5
40.625,34.375,-0.0015257
42.188,34.375,-0.001699
43.75,34.375,-0.00025629
45.313,34.375,0.0025408
46.875,34.375,-1.3824*10^-5
48.438,34.375,-0.0017182
50,34.375,0.0015856
51.563,34.375,0.0011246
53.125,34.375,0.00018591
54.688,34.375,0
56.25,34.375,0
57.813,34.375,0.0012662
59.375,34.375,0.00080409
60.938,34.375,-0.001126
62.5,34.375,0.00064248
64.063,34.375,0.00088407
65.625,34.375,0.0026093
67.188,34.375,0.0016943
68.75,34.375,0.0013095
70.313,34.375,-0.00094736
71.875,34.375,0.0010244
73.438,34.375,0.0004378
75,34.375,-0.00038365
76.563,34.375,-0.0009568
78.125,34.375,-0.0010204
79.688,34.375,-0.00059366
81.25,34.375,8.2355*10^-5
82.813,34.375,-6.4316*10^-5
84.375,34.375,0.00046534
85.938,34.375,-0.0013418
87.5,34.375,-0.00052107
89.063,34.375,0.00029045
90.625,34.375,-0.00034111
92.188,34.375,0.0016392
93.75,34.375,-0.00023393
95.313,34.375,-0.00085997
96.875,34.375,-0.00036514
98.438,34.375,0.0013276
100,34.375,0.00088313
1.5625,35.938,-0.00018401
3.125,35.938,4.6235*10^-5
4.6875,35.938,-0.00022623
6.25,35.938,-0.00021636
7.8125,35.938,0.00098737
9.375,35.938,0.00098719
10.938,35.938,-0.0014791
12.5,35.938,0.00075044
14.063,35.938,-0.001484
15.625,35.938,0.0017229
17.188,35.938,0.00046603
18.75,35.938,-1.6424*10^-5
20.313,35.938,0.00060564
21.875,35.938,-0.00019667
23.438,35.938,4.0736*10^-5
25,35.938,0.00067845
26.563,35.938,0.00046444
28.125,35.938,-0.0011463
29.688,35.938,0.00062555
31.25,35.938,-1.711*10^-5
32.813,35.938,0.00082255
34.375,35.938,8.8079*10^-5
35.938,35.938,-0.00020114
37.5,35.938,-0.00082199
39.063,35.938,8.6435*10^-5
40.625,35.938,-0.0015257
42.188,35.938,-0.001699
43.75,35.938,-0.00025629
45.313,35.938,0.0025408
46.875,35.938,-1.3824*10^-5
48.438,35.938,-0.0017182
50,35.938,0.0015856
51.563,35.938,0.0011246
53.125,35.938,0.00018591
54.688,35.938,0
56.25,35.938,0
57.813,35.938,0.0012662
59.375,35.938,0.00080409
60.938,35.938,-0.001126
62.5,35.938,0.00064248
64.063,35.938,0.00088407
65.625,35.938,0.0026093
67.188,35.938,0.0016943
68.75,35.938,0.0013095
70.313,35.938,-0.00094736
71.875,35.938,0.0010244
73.438,35.938,0.0004378
75,35.938,-0.00038365
76.563,35.938,-0.0009568
78.125,35.938,-0.0010204
79.688,35.938,-0.00059366
81.25,35.938,8.2355*10^-5
82.813,35.938,-6.4316*10^-5
84.375,35.938,0.00046534
85.938,35.938,-0.0013418
87.5,35.938,-0.00052107
89.063,35.938,0.00029045
90.625,35.938,-0.00034111
92.188,35.938,0.0016392
93.75,35.938,-0.00023393
95.313,35.938,-0.00085997
96.875,35.938,-0.00036514
98.438,35.938,0.0013276
100,35.938,0.00088313
1.5625,37.5,-0.00018401
3.125,37.5,4.6235*10^-5
4.6875,37.5,-0.00022623
6.25,37.5,-0.00021636
7.8125,37.5,0.00098737
9.375,37.5,0.00098719
10.938,37.5,-0.0014791
12.5,37.5,0.00075044
14.063,37.5,-0.001484
15.625,37.5,0.0017229
17.188,37.5,0.00046603
18.75,37.5,-1.6424*10^-5
20.313,37.5,0.00060564
21.875,37.5,-0.00019667
23.438,37.5,4.0736*10^-5
25,37.5,0.00067845
26.563,37.5,0.00046444
28.125,37.5,-0.0011463
29.688,37.5,0.00062555
31.25,37.5,-1.711*10^-5
32.813,37.5,0.00082255
34.375,37.5,8.8079*10^-5
35.938,37.5,-0.00020114
37.5,37.5,-0.00082199
39.063,37.5,8.6435*10^-5
40.625,37.5,-0.0015257
42.188,37.5,-0.001699
43.75,37.5,-0.00025629
45.313,37.5,0.0025408
46.875,37.5,-1.3824*10^-5
48.438,37.5,-0.0017182
50,37.5,0.0015856
51.563,37.5,0.0011246
53.125,37.5,0.00018591
54.688,37.5,0
56.25,37.5,0
57.813,37.5,0.0012662
59.375,37.5,0.00080409
60.938,37.5,-0.001126
62.5,37.5,0.00064248
64.063,37.5,0.00088407
65.625,37.5,0.0026093
67.188,37.5,0.0016943
68.75,37.5,0.0013095
70.313,37.5,-0.00094736
71.875,37.5,0.0010244
73.438,37.5,0.0004378
75,37.5,-0.00038365
76.563,37.5,-0.0009568
78.125,37.5,-0.0010204
79.688,37.5,-0.00059366
81.25,37.5,8.2355*10^-5
82.813,37.5,-6.4316*10^-5
84.375,37.5,0.00046534
85.938,37.5,-0.0013418
87.5,37.5,-0.00052107
89.063,37.5,0.00029045
90.625,37.5,-0.00034111
92.188,37.5,0.0016392
93.75,37.5,-0.00023393
95.313,37.5,-0.00085997
96.875,37.5,-0.00036514
98.438,37.5,0.0013276
100,37.5,0.00088313
1.5625,39.063,-0.00018401
3.125,39.063,4.6235*10^-5
4.6875,39.063,-0.00022623
6.25,39.063,-0.00021636
7.8125,39.063,0.00098737
9.375,39.063,0.00098719
10.938,39.063,-0.0014791
12.5,39.063,0.00075044
14.063,39.063,-0.001484
15.625,39.063,0.0017229
17.188,39.063,0.00046603
18.75,39.063,-1.6424*10^-5
20.313,39.063,0.00060564
21.875,39.063,-0.00019667
23.438,39.063,4.0736*10^-5
25,39.063,0.00067845
26.563,39.063,0.00046444
28.125,39.063,-0.0011463
29.688,39.063,0.00062555
31.25,39.063,-1.711*10^-5
32.813,39.063,0.00082255
34.375,39.063,8.8079*10^-5
35.938,39.063,-0.00020114
37.5,39.063,-0.00082199
39.063,39.063,8.6435*10^-5
40.625,39.063,-0.0015257
42.188,39.063,-0.001699
43.75,39.063,-0.00025629
45.313,39.063,0.0025408
46.875,39.063,-1.3824*10^-5
48.438,39.063,-0.0017182
50,39.063,0.0015856
51.563,39.063,0.0011246
53.125,39.063,0.00018591
54.688,39.063,0
56.25,39.063,0
57.813,39.063,0.0012662
59.375,39.063,0.00080409
60.938,39.063,-0.001126
62.5,39.063,0.00064248
64.063,39.063,0.00088407
65.625,39.063,0.0026093
67.188,39.063,0.0016943
68.75,39.063,0.0013095
70.313,39.063,-0.00094736
71.875,39.063,0.0010244
73.438,39.063,0.0004378
75,39.063,-0.00038365
76.563,39.063,-0.0009568
78.125,39.063,-0.0010204
79.688,39.063,-0.00059366
81.25,39.063,8.2355*10^-5
82.813,39.063,-6.4316*10^-5
84.375,39.063,0.00046534
85.938,39.063,-0.0013418
87.5,39.063,-0.00052107
89.063,39.063,0.00029045
90.625,39.063,-0.00034111
92.188,39.063,0.0016392
93.75,39.063,-0.00023393
95.313,39.063,-0.00085997
96.875,39.063,-0.00036514
98.438,39.063,0.0013276
100,39.063,0.00088313
1.5625,40.625,-0.00018401
3.125,40.625,4.6235*10^-5
4.6875,40.625,-0.00022623
6.25,40.625,-0.00021636
7.8125,40.625,0.00098737
9.375,40.625,0.00098719
10.938,40.625,-0.0014791
12.5,40.625,0.00075044
14.063,40.625,-0.001484
15.625,40.625,0.0017229
17.188,40.625,0.00046603
18.75,40.625,-1.6424*10^-5
20.313,40.625,0.00060564
21.875,40.625,-0.00019667
23.438,40.625,4.0736*10^-5
25,40.625,0.00067845
26.563,40.625,0.00046444
28.125,40.625,-0.0011463
29.688,40.625,0.00062555
31.25,40.625,-1.711*10^-5
32.813,40.625,0.00082255
34.375,40.625,8.8079*10^-5
35.938,40.625,-0.00020114
37.5,40.625,-0.00082199
39.063,40.625,8.6435*10^-5
40.625,40.625,-0.0015257
42.188,40.625,-0.001699
43.75,40.625,-0.00025629
45.313,40.625,0.0025408
46.875,40.625,-1.3824*10^-5
48.438,40.625,-0.0017182
50,40.625,0.0015856
51.563,40.625,0.0011246
53.125,40.625,0.00018591
54.688,40.625,0
56.25,40.625,0
57.813,40.625,0.0012662
59.375,40.625,0.00080409
60.938,40.625,-0.001126
62.5,40.625,0.00064248
64.063,40.625,0.00088407
65.625,40.625,0.0026093
67.188,40.625,0.0016943
68.75,40.625,0.0013095
70.313,40.625,-0.00094736
71.875,40.625,0.0010244
73.438,40.625,0.0004378
75,40.625,-0.00038365
76.563,40.625,-0.0009568
78.125,40.625,-0.0010204
79.688,40.625,-0.00059366
81.25,40.625,8.2355*10^-5
82.813,40.625,-6.4316*10^-5
84.375,40.625,0.00046534
85.938,40.625,-0.0013418
87.5,40.625,-0.00052107
89.063,40.625,0.00029045
90.625,40.625,-0.00034111
92.188,40.625,0.0016392
93.75,40.625,-0.00023393
95.313,40.625,-0.00085997
96.875,40.625,-0.00036514
98.438,40.625,0.0013276
100,40.625,0.00088313
1.5625,42.188,-0.00018401
3.125,42.188,4.6235*10^-5
4.6875,42.188,-0.00022623
6.25,42.188,-0.00021636
7.8125,42.188,0.00098737
9.375,42.188,0.00098719
10.938,42.188,-0.0014791
12.5,42.188,0.00075044
14.063,42.188,-0.001484
15.625,42.188,0.0017229
17.188,42.188,0.00046603
18.75,42.188,-1.6424*10^-5
20.313,42.188,0.00060564
21.875,42.188,-0.00019667
23.438,42.188,4.0736*10^-5
25,42.188,0.00067845
26.563,42.188,0.00046444
28.125,42.188,-0.0011463
29.688,42.188,0.00062555
31.25,42.188,-1.711*10^-5
32.813,42.188,0.00082255
34.375,42.188,8.8079*10^-5
35.938,42.188,-0.00020114
37.5,42.188,-0.00082199
39.063,42.188,8.6435*10^-5
40.625,42.188,-0.0015257
42.188,42.188,-0.001699
43.75,42.188,-0.00025629
45.313,42.188,0.0025408
46.875,42.188,-1.3824*10^-5
48.438,42.188,-0.0017182
50,42.188,0.0015856
51.563,42.188,0.0011246
53.125,42.188,0.00018591
54.688,42.188,0
56.25,42.188,0
57.813,42.188,0.0012662
59.375,42.188,0.00080409
60.938,42.188,-0.001126
62.5,42.188,0.00064248
64.063,42.188,0.00088407
65.625,42.188,0.0026093
67.188,42.188,0.0016943
68.75,42.188,0.0013095
70.313,42.188,-0.00094736
71.875,42.188,0.0010244
73.438,42.188,0.0004378
75,42.188,-0.00038365
76.563,42.188,-0.0009568
78.125,42.188,-0.0010204
79.688,42.188,-0.00059366
81.25,42.188,8.2355*10^-5
82.813,42.188,-6.4316*10^-5
84.375,42.188,0.00046534
85.938,42.188,-0.0013418
87.5,42.188,-0.00052107
89.063,42.188,0.00029045
90.625,42.188,-0.00034111
92.188,42.188,0.0016392
93.75,42.188,-0.00023393
95.313,42.188,-0.00085997
96.875,42.188,-0.00036514
98.438,42.188,0.0013276
100,42.188,0.00088313
1.5625,43.75,-0.00018401
3.125,43.75,4.6235*10^-5
4.6875,43.75,-0.00022623
6.25,43.75,-0.00021636
7.8125,43.75,0.00098737
9.375,43.75,0.00098719
10.938,43.75,-0.0014791
12.5,43.75,0.00075044
14.063,43.75,-0.001484
15.625,43.75,0.0017229
17.188,43.75,0.00046603
18.75,43.75,-1.6424*10^-5
20.313,43.75,0.00060564
21.875,43.75,-0.00019667
23.438,43.75,4.0736*10^-5
25,43.75,0.00067845
26.563,43.75,0.00046444
28.125,43.75,-0.0011463
29.688,43.75,0.00062555
31.25,43.75,-1.711*10^-5
32.813,43.75,0.00082255
34.375,43.75,8.8079*10^-5
35.938,43.75,-0.00020114
37.5,43.75,-0.00082199
39.063,43.75,8.6435*10^-5
40.625,43.75,-0.0015257
42.188,43.75,-0.001699
43.75,43.75,-0.00025629
45.313,43.75,0.0025408
46.875,43.75,-1.3824*10^-5
48.438,43.75,-0.0017182
50,43.75,0.0015856
51.563,43.75,0.0011246
53.125,43.75,0.00018591
54.688,43.75,0
56.25,43.75,0
57.813,43.75,0.0012662
59.375,43.75,0.00080409
60.938,43.75,-0.001126
62.5,43.75,0.00064248
64.063,43.75,0.00088407
65.625,43.75,0.0026093
67.188,43.75,0.0016943
68.75,43.75,0.0013095
70.313,43.75,-0.00094736
71.875,43.75,0.0010244
73.438,43.75,0.0004378
75,43.75,-0.00038365
76.563,43.75,-0.0009568
78.125,43.75,-0.0010204
79.688,43.75,-0.00059366
81.25,43.75,8.2355*10^-5
82.813,43.75,-6.4316*10^-5
84.375,43.75,0.00046534
85.938,43.75,-0.0013418
87.5,43.75,-0.00052107
89.063,43.75,0.00029045
90.625,43.75,-0.00034111
92.188,43.75,0.0016392
93.75,43.75,-0.00023393
95.313,43.75,-0.00085997
96.875,43.75,-0.00036514
98.438,43.75,0.0013276
100,43.75,0.00088313
1.5625,45.313,-0.00018401
3.125,45.313,4.6235*10^-5
4.6875,45.313,-0.00022623
6.25,45.313,-0.00021636
7.8125,45.313,0.00098737
9.375,45.313,0.00098719
10.938,45.313,-0.0014791
12.5,45.313,0.00075044
14.063,45.313,-0.001484
15.625,45.313,0.0017229
17.188,45.313,0.00046603
18.75,45.313,-1.6424*10^-5
20.313,45.313,0.00060564
21.875,45.313,-0.00019667
23.438,45.313,4.0736*10^-5
25,45.313,0.00067845
26.563,45.313,0.00046444
28.125,45.313,-0.0011463
29.688,45.313,0.00062555
31.25,45.313,-1.711*10^-5
32.813,45.313,0.00082255
34.375,45.313,8.8079*10^-5
35.938,45.313,-0.00020114
37.5,45.313,-0.00082199
39.063,45.313,8.6435*10^-5
40.625,45.313,-0.0015257
42.188,45.313,-0.001699
43.75,45.313,-0.00025629
45.313,45.313,0.0025408
46.875,45.313,-1.3824*10^-5
48.438,45.313,-0.0017182
50,45.313,0.0015856
51.563,45.313,0.0011246
53.125,45.313,0.00018591
54.688,45.313,0
56.25,45.313,0
57.813,45.313,0.0012662
59.375,45.313,0.00080409
60.938,45.313,-0.001126
62.5,45.313,0.00064248
64.063,45.313,0.00088407
65.625,45.313,0.0026093
67.188,45.313,0.0016943
68.75,45.313,0.0013095
70.313,45.313,-0.00094736
71.875,45.313,0.0010244
73.438,45.313,0.0004378
75,45.313,-0.00038365
76.563,45.313,-0.0009568
78.125,45.313,-0.0010204
79.688,45.313,-0.00059366
81.25,45.313,8.2355*10^-5
82.813,45.313,-6.4316*10^-5
84.375,45.313,0.00046534
85.938,45.313,-0.0013418
87.5,45.313,-0.00052107
89.063,45.313,0.00029045
90.625,45.313,-0.00034111
92.188,45.313,0.0016392
93.75,45.313,-0.00023393
95.313,45.313,-0.00085997
96.875,45.313,-0.00036514
98.438,45.313,0.0013276
100,45.313,0.00088313
1.5625,46.875,-0.00018401
3.125,46.875,4.6235*10^-5
4.6875,46.875,-0.00022623
6.25,46.875,-0.00021636
7.8125,46.875,0.00098737
9.375,46.875,0.00098719
10.938,46.875,-0.0014791
12.5,46.875,0.00075044
14.063,46.875,-0.001484
15.625,46.875,0.0017229
17.188,46.875,0.00046603
18.75,46.875,-1.6424*10^-5
20.313,46.875,0.00060564
21.875,46.875,-0.00019667
23.438,46.875,4.0736*10^-5
25,46.875,0.00067845
26.563,46.875,0.00046444
28.125,46.875,-0.0011463
29.688,46.875,0.00062555
31.25,46.875,-1.711*10^-5
32.813,46.875,0.00082255
34.375,46.875,8.8079*10^-5
35.938,46.875,-0.00020114
37.5,46.875,-0.00082199
39.063,46.875,8.6435*10^-5
40.625,46.875,-0.0015257
42.188,46.875,-0.001699
43.75,46.875,-0.00025629
45.313,46.875,0.0025408
46.875,46.875,-1.3824*10^-5
48.438,46.875,-0.0017182
50,46.875,0.0015856
51.563,46.875,0.0011246
53.125,46.875,0.00018591
54.688,46.875,0
56.25,46.875,0
57.813,46.875,0.0012662
59.375,46.875,0.00080409
60.938,46.875,-0.001126
62.5,46.875,0.00064248
64.063,46.875,0.00088407
65.625,46.875,0.0026093
67.188,46.875,0.0016943
68.75,46.875,0.0013095
70.313,46.875,-0.00094736
71.875,46.875,0.0010244
73.438,46.875,0.0004378
75,46.875,-0.00038365
76.563,46.875,-0.0009568
78.125,46.875,-0.0010204
79.688,46.875,-0.00059366
81.25,46.875,8.2355*10^-5
82.813,46.875,-6.4316*10^-5
84.375,46.875,0.00046534
85.938,46.875,-0.0013418
87.5,46.875,-0.00052107
89.063,46.875,0.00029045
90.625,46.875,-0.00034111
92.188,46.875,0.0016392
93.75,46.875,-0.00023393
95.313,46.875,-0.00085997
96.875,46.875,-0.00036514
98.438,46.875,0.0013276
100,46.875,0.00088313
1.5625,48.438,-0.00018401
3.125,48.438,4.6235*10^-5
4.6875,48.438,-0.00022623
6.25,48.438,-0.00021636
7.8125,48.438,0.00098737
9.375,48.438,0.00098719
10.938,48.438,-0.0014791
12.5,48.438,0.00075044
14.063,48.438,-0.001484
15.625,48.438,0.0017229
17.188,48.438,0.00046603
18.75,48.438,-1.6424*10^-5
20.313,48.438,0.00060564
21.875,48.438,-0.00019667
23.438,48.438,4.0736*10^-5
25,48.438,0.00067845
26.563,48.438,0.00046444
28.125,48.438,-0.0011463
29.688,48.438,0.00062555
31.25,48.438,-1.711*10^-5
32.813,48.438,0.00082255
34.375,48.438,8.8079*10^-5
35.938,48.438,-0.00020114
37.5,48.438,-0.00082199
39.063,48.438,8.6435*10^-5
40.625,48.438,-0.0015257
42.188,48.438,-0.001699
43.75,48.438,-0.00025629
45.313,48.438,0.0025408
46.875,48.438,-1.3824*10^-5
48.438,48.438,-0.0017182
50,48.438,0.0015856
51.563,48.438,0.0011246
53.125,48.438,0.00018591
54.688,48.438,0
56.25,48.438,0
57.813,48.438,0.0012662
59.375,48.438,0.00080409
60.938,48.438,-0.001126
62.5,48.438,0.00064248
64.063,48.438,0.00088407
65.625,48.438,0.0026093
67.188,48.438,0.0016943
68.75,48.438,0.0013095
70.313,48.438,-0.00094736
71.875,48.438,0.0010244
73.438,48.438,0.0004378
75,48.438,-0.00038365
76.563,48.438,-0.0009568
78.125,48.438,-0.0010204
79.688,48.438,-0.00059366
81.25,48.438,8.2355*10^-5
82.813,48.438,-6.4316*10^-5
84.375,48.438,0.00046534
85.938,48.438,-0.0013418
87.5,48.438,-0.00052107
89.063,48.438,0.00029045
90.625,48.438,-0.00034111
92.188,48.438,0.0016392
93.75,48.438,-0.00023393
95.313,48.438,-0.00085997
96.875,48.438,-0.00036514
98.438,48.438,0.0013276
100,48.438,0.00088313
1.5625,50,-0.00018401
3.125,50,4.6235*10^-5
4.6875,50,-0.00022623
6.25,50,-0.00021636
7.8125,50,0.00098737
9.375,50,0.00098719
10.938,50,-0.0014791
12.5,50,0.00075044
14.063,50,-0.001484
15.625,50,0.0017229
17.188,50,0.00046603
18.75,50,-1.6424*10^-5
20.313,50,0.00060564
21.875,50,-0.00019667
23.438,50,4.0736*10^-5
25,50,0.00067845
26.563,50,0.00046444
28.125,50,-0.0011463
29.688,50,0.00062555
31.25,50,-1.711*10^-5
32.813,50,0.00082255
34.375,50,8.8079*10^-5
35.938,50,-0.00020114
37.5,50,-0.00082199
39.063,50,8.6435*10^-5
40.625,50,-0.0015257
42.188,50,-0.001699
43.75,50,-0.00025629
45.313,50,0.0025408
46.875,50,-1.3824*10^-5
48.438,50,-0.0017182
50,50,0.0015856
51.563,50,0.0011246
53.125,50,0.00018591
54.688,50,0
56.25,50,0
57.813,50,0.0012662
59.375,50,0.00080409
60.938,50,-0.001126
62.5,50,0.00064248
64.063,50,0.00088407
65.625,50,0.0026093
67.188,50,0.0016943
68.75,50,0.0013095
70.313,50,-0.00094736
71.875,50,0.0010244
73.438,50,0.0004378
75,50,-0.00038365
76.563,50,-0.0009568
78.125,50,-0.0010204
79.688,50,-0.00059366
81.25,50,8.2355*10^-5
82.813,50,-6.4316*10^-5
84.375,50,0.00046534
85.938,50,-0.0013418
87.5,50,-0.00052107
89.063,50,0.00029045
90.625,50,-0.00034111
92.188,50,0.0016392
93.75,50,-0.00023393
95.313,50,-0.00085997
96.875,50,-0.00036514
98.438,50,0.0013276
100,50,0.00088313
1.5625,51.563,-0.00018401
3.125,51.563,4.6235*10^-5
4.6875,51.563,-0.00022623
6.25,51.563,-0.00021636
7.8125,51.563,0.00098737
9.375,51.563,0.00098719
10.938,51.563,-0.0014791
12.5,51.563,0.00075044
14.063,51.563,-0.001484
15.625,51.563,0.0017229
17.188,51.563,0.00046603
18.75,51.563,-1.6424*10^-5
20.313,51.563,0.00060564
21.875,51.563,-0.00019667
23.438,51.563,4.0736*10^-5
25,51.563,0.00067845
26.563,51.563,0.00046444
28.125,51.563,-0.0011463
29.688,51.563,0.00062555
31.25,51.563,-1.711*10^-5
32.813,51.563,0.00082255
34.375,51.563,8.8079*10^-5
35.938,51.563,-0.00020114
37.5,51.563,-0.00082199
39.063,51.563,8.6435*10^-5
40.625,51.563,-0.0015257
42.188,51.563,-0.001699
43.75,51.563,-0.00025629
45.313,51.563,0.0025408
46.875,51.563,-1.3824*10^-5
48.438,51.563,-0.0017182
50,51.563,0.0015856
51.563,51.563,0.0011246
53.125,51.563,0.00018591
54.688,51.563,0
56.25,51.563,0
57.813,51.563,0.0012662
59.375,51.563,0.00080409
60.938,51.563,-0.001126
62.5,51.563,0.00064248
64.063,51.563,0.00088407
65.625,51.563,0.0026093
67.188,51.563,0.0016943
68.75,51.563,0.0013095
70.313,51.563,-0.00094736
71.875,51.563,0.0010244
73.438,51.563,0.0004378
75,51.563,-0.00038365
76.563,51.563,-0.0009568
78.125,51.563,-0.0010204
79.688,51.563,-0.00059366
81.25,51.563,8.2355*10^-5
82.813,51.563,-6.4316*10^-5
84.375,51.563,0.00046534
85.938,51.563,-0.0013418
87.5,51.563,-0.00052107
89.063,51.563,0.00029045
90.625,51.563,-0.00034111
92.188,51.563,0.0016392
93.75,51.563,-0.00023393
95.313,51.563,-0.00085997
96.875,51.563,-0.00036514
98.438,51.563,0.0013276
100,51.563,0.00088313
1.5625,53.125,-0.00018401
3.125,53.125,4.6235*10^-5
4.6875,53.125,-0.00022623
6.25,53.125,-0.00021636
7.8125,53.125,0.00098737
9.375,53.125,0.00098719
10.938,53.125,-0.0014791
12.5,53.125,0.00075044
14.063,53.125,-0.001484
15.625,53.125,0.0017229
17.188,53.125,0.00046603
18.75,53.125,-1.6424*10^-5
20.313,53.125,0.00060564
21.875,53.125,-0.00019667
23.438,53.125,4.0736*10^-5
25,53.125,0.00067845
26.563,53.125,0.00046444
28.125,53.125,-0.0011463
29.688,53.125,0.00062555
31.25,53.125,-1.711*10^-5
32.813,53.125,0.00082255
34.375,53.125,8.8079*10^-5
35.938,53.125,-0.00020114
37.5,53.125,-0.00082199
39.063,53.125,8.6435*10^-5
40.625,53.125,-0.0015257
42.188,53.125,-0.001699
43.75,53.125,-0.00025629
45.313,53.125,0.0025408
46.875,53.125,-1.3824*10^-5
48.438,53.125,-0.0017182
50,53.125,0.0015856
51.563,53.125,0.0011246
53.125,53.125,0.00018591
54.688,53.125,0
56.25,53.125,0
57.813,53.125,0.0012662
59.375,53.125,0.00080409
60.938,53.125,-0.001126
62.5,53.125,0.00064248
64.063,53.125,0.00088407
65.625,53.125,0.0026093
67.188,53.125,0.0016943
68.75,53.125,0.0013095
70.313,53.125,-0.00094736
71.875,53.125,0.0010244
73.438,53.125,0.0004378
75,53.125,-0.00038365
76.563,53.125,-0.0009568
78.125,53.125,-0.0010204
79.688,53.125,-0.00059366
81.25,53.125,8.2355*10^-5
82.813,53.125,-6.4316*10^-5
84.375,53.125,0.00046534
85.938,53.125,-0.0013418
87.5,53.125,-0.00052107
89.063,53.125,0.00029045
90.625,53.125,-0.00034111
92.188,53.125,0.0016392
93.75,53.125,-0.00023393
95.313,53.125,-0.00085997
96.875,53.125,-0.00036514
98.438,53.125,0.0013276
100,53.125,0.00088313
1.5625,54.688,-0.00018401
3.125,54.688,4.6235*10^-5
4.6875,54.688,-0.00022623
6.25,54.688,-0.00021636
7.8125,54.688,0.00098737
9.375,54.688,0.00098719
10.938,54.688,-0.0014791
12.5,54.688,0.00075044
14.063,54.688,-0.001484
15.625,54.688,0.0017229
17.188,54.688,0.00046603
18.75,54.688,-1.6424*10^-5
20.313,54.688,0.00060564
21.875,54.688,-0.00019667
23.438,54.688,4.0736*10^-5
25,54.688,0.00067845
26.563,54.688,0.00046444
28.125,54.688,-0.0011463
29.688,54.688,0.00062555
31.25,54.688,-1.711*10^-5
32.813,54.688,0.00082255
34.375,54.688,8.8079*10^-5
35.938,54.688,-0.00020114
37.5,54.688,-0.00082199
39.063,54.688,8.6435*10^-5
40.625,54.688,-0.0015257
42.188,54.688,-0.001699
43.75,54.688,-0.00025629
45.313,54.688,0.0025408
46.875,54.688,-1.3824*10^-5
48.438,54.688,-0.0017182
50,54.688,0.0015856
51.563,54.688,0.0011246
53.125,54.688,0.00018591
54.688,54.688,0
56.25,54.688,0
57.813,54.688,0.0012662
59.375,54.688,0.00080409
60.938,54.688,-0.001126
62.5,54.688,0.00064248
64.063,54.688,0.00088407
65.625,54.688,0.0026093
67.188,54.688,0.0016943
68.75,54.688,0.0013095
70.313,54.688,-0.00094736
71.875,54.688,0.0010244
73.438,54.688,0.0004378
75,54.688,-0.00038365
76.563,54.688,-0.0009568
78.125,54.688,-0.0010204
79.688,54.688,-0.00059366
81.25,54.688,8.2355*10^-5
82.813,54.688,-6.4316*10^-5
84.375,54.688,0.00046534
85.938,54.688,-0.0013418
87.5,54.688,-0.00052107
89.063,54.688,0.00029045
90.625,54.688,-0.00034111
92.188,54.688,0.0016392
93.75,54.688,-0.00023393
95.313,54.688,-0.00085997
96.875,54.688,-0.00036514
98.438,54.688,0.0013276
100,54.688,0.00088313
1.5625,56.25,-0.00018401
3.125,56.25,4.6235*10^-5
4.6875,56.25,-0.00022623
6.25,56.25,-0.00021636
7.8125,56.25,0.00098737
9.375,56.25,0.00098719
10.938,56.25,-0.0014791
12.5,56.25,0.00075044
14.063,56.25,-0.001484
15.625,56.25,0.0017229
17.188,56.25,0.00046603
18.75,56.25,-1.6424*10^-5
20.313,56.25,0.00060564
21.875,56.25,-0.00019667
23.438,56.25,4.0736*10^-5
25,56.25,0.00067845
26.563,56.25,0.00046444
28.125,56.25,-0.0011463
29.688,56.25,0.00062555
31.25,56.25,-1.711*10^-5
32.813,56.25,0.00082255
34.375,56.25,8.8079*10^-5
35.938,56.25,-0.00020114
37.5,56.25,-0.00082199
39.063,56.25,8.6435*10^-5
40.625,56.25,-0.0015257
42.188,56.25,-0.001699
43.75,56.25,-0.00025629
45.313,56.25,0.0025408
46.875,56.25,-1.3824*10^-5
48.438,56.25,-0.0017182
50,56.25,0.0015856
51.563,56.25,0.0011246
53.125,56.25,0.00018591
54.688,56.25,0
56.25,56.25,0
57.813,56.25,0.0012662
59.375,56.25,0.00080409
60.938,56.25,-0.001126
62.5,56.25,0.00064248
64.063,56.25,0.00088407
65.625,56.25,0.0026093
67.188,56.25,0.0016943
68.75,56.25,0.0013095
70.313,56.25,-0.00094736
71.875,56.25,0.0010244
73.438,56.25,0.0004378
75,56.25,-0.00038365
76.563,56.25,-0.0009568
78.125,56.25,-0.0010204
79.688,56.25,-0.00059366
81.25,56.25,8.2355*10^-5
82.813,56.25,-6.4316*10^-5
84.375,56.25,0.00046534
85.938,56.25,-0.0013418
87.5,56.25,-0.00052107
89.063,56.25,0.00029045
90.625,56.25,-0.00034111
92.188,56.25,0.0016392
93.75,56.25,-0.00023393
95.313,56.25,-0.00085997
96.875,56.25,-0.00036514
98.438,56.25,0.0013276
100,56.25,0.00088313
1.5625,57.813,-0.00018401
3.125,57.813,4.6235*10^-5
4.6875,57.813,-0.00022623
6.25,57.813,-0.00021636
7.8125,57.813,0.00098737
9.375,57.813,0.00098719
10.938,57.813,-0.0014791
12.5,57.813,0.00075044
14.063,57.813,-0.001484
15.625,57.813,0.0017229
17.188,57.813,0.00046603
18.75,57.813,-1.6424*10^-5
20.313,57.813,0.00060564
21.875,57.813,-0.00019667
23.438,57.813,4.0736*10^-5
25,57.813,0.00067845
26.563,57.813,0.00046444
28.125,57.813,-0.0011463
29.688,57.813,0.00062555
31.25,57.813,-1.711*10^-5
32.813,57.813,0.00082255
34.375,57.813,8.8079*10^-5
35.938,57.813,-0.00020114
37.5,57.813,-0.00082199
39.063,57.813,8.6435*10^-5
40.625,57.813,-0.0015257
42.188,57.813,-0.001699
43.75,57.813,-0.00025629
45.313,57.813,0.0025408
46.875,57.813,-1.3824*10^-5
48.438,57.813,-0.0017182
50,57.813,0.0015856
51.563,57.813,0.0011246
53.125,57.813,0.00018591
54.688,57.813,0
56.25,57.813,0
57.813,57.813,0.0012662
59.375,57.813,0.00080409
60.938,57.813,-0.001126
62.5,57.813,0.00064248
64.063,57.813,0.00088407
65.625,57.813,0.0026093
67.188,57.813,0.0016943
68.75,57.813,0.0013095
70.313,57.813,-0.00094736
71.875,57.813,0.0010244
73.438,57.813,0.0004378
75,57.813,-0.00038365
76.563,57.813,-0.0009568
78.125,57.813,-0.0010204
79.688,57.813,-0.00059366
81.25,57.813,8.2355*10^-5
82.813,57.813,-6.4316*10^-5
84.375,57.813,0.00046534
85.938,57.813,-0.0013418
87.5,57.813,-0.00052107
89.063,57.813,0.00029045
90.625,57.813,-0.00034111
92.188,57.813,0.0016392
93.75,57.813,-0.00023393
95.313,57.813,-0.00085997
96.875,57.813,-0.00036514
98.438,57.813,0.0013276
100,57.813,0.00088313
1.5625,59.375,-0.00018401
3.125,59.375,4.6235*10^-5
4.6875,59.375,-0.00022623
6.25,59.375,-0.00021636
7.8125,59.375,0.00098737
9.375,59.375,0.00098719
10.938,59.375,-0.0014791
12.5,59.375,0.00075044
14.063,59.375,-0.001484
15.625,59.375,0.0017229
17.188,59.375,0.00046603
18.75,59.375,-1.6424*10^-5
20.313,59.375,0.00060564
21.875,59.375,-0.00019667
23.438,59.375,4.0736*10^-5
25,59.375,0.00067845
26.563,59.375,0.00046444
28.125,59.375,-0.0011463
29.688,59.375,0.00062555
31.25,59.375,-1.711*10^-5
32.813,59.375,0.00082255
34.375,59.375,8.8079*10^-5
35.938,59.375,-0.00020114
37.5,59.375,-0.00082199
39.063,59.375,8.6435*10^-5
40.625,59.375,-0.0015257
42.188,59.375,-0.001699
43.75,59.375,-0.00025629
45.313,59.375,0.0025408
46.875,59.375,-1.3824*10^-5
48.438,59.375,-0.0017182
50,59.375,0.0015856
51.563,59.375,0.0011246
53.125,59.375,0.00018591
54.688,59.375,0
56.25,59.375,0
57.813,59.375,0.0012662
59.375,59.375,0.00080409
60.938,59.375,-0.001126
62.5,59.375,0.00064248
64.063,59.375,0.00088407
65.625,59.375,0.0026093
67.188,59.375,0.0016943
68.75,59.375,0.0013095
70.313,59.375,-0.00094736
71.875,59.375,0.0010244
73.438,59.375,0.0004378
75,59.375,-0.00038365
76.563,59.375,-0.0009568
78.125,59.375,-0.0010204
79.688,59.375,-0.00059366
81.25,59.375,8.2355*10^-5
82.813,59.375,-6.4316*10^-5
84.375,59.375,0.00046534
85.938,59.375,-0.0013418
87.5,59.375,-0.00052107
89.063,59.375,0.00029045
90.625,59.375,-0.00034111
92.188,59.375,0.0016392
93.75,59.375,-0.00023393
95.313,59.375,-0.00085997
96.875,59.375,-0.00036514
98.438,59.375,0.0013276
100,59.375,0.00088313
1.5625,60.938,-0.00018401
3.125,60.938,4.6235*10^-5
4.6875,60.938,-0.00022623
6.25,60.938,-0.00021636
7.8125,60.938,0.00098737
9.375,60.938,0.00098719
10.938,60.938,-0.0014791
12.5,60.938,0.00075044
14.063,60.938,-0.001484
15.625,60.938,0.0017229
17.188,60.938,0.00046603
18.75,60.938,-1.6424*10^-5
20.313,60.938,0.00060564
21.875,60.938,-0.00019667
23.438,60.938,4.0736*10^-5
25,60.938,0.00067845
26.563,60.938,0.00046444
28.125,60.938,-0.0011463
29.688,60.938,0.00062555
31.25,60.938,-1.711*10^-5
32.813,60.938,0.00082255
34.375,60.938,8.8079*10^-5
35.938,60.938,-0.00020114
37.5,60.938,-0.00082199
39.063,60.938,8.6435*10^-5
40.625,60.938,-0.0015257
42.188,60.938,-0.001699
43.75,60.938,-0.00025629
45.313,60.938,0.0025408
46.875,60.938,-1.3824*10^-5
48.438,60.938,-0.0017182
50,60.938,0.0015856
51.563,60.938,0.0011246
53.125,60.938,0.00018591
54.688,60.938,0
56.25,60.938,0
57.813,60.938,0.0012662
59.375,60.938,0.00080409
60.938,60.938,-0.001126
62.5,60.938,0.00064248
64.063,60.938,0.00088407
65.625,60.938,0.0026093
67.188,60.938,0.0016943
68.75,60.938,0.0013095
70.313,60.938,-0.00094736
71.875,60.938,0.0010244
73.438,60.938,0.0004378
75,60.938,-0.00038365
76.563,60.938,-0.0009568
78.125,60.938,-0.0010204
79.688,60.938,-0.00059366
81.25,60.938,8.2355*10^-5
82.813,60.938,-6.4316*10^-5
84.375,60.938,0.00046534
85.938,60.938,-0.0013418
87.5,60.938,-0.00052107
89.063,60.938,0.00029045
90.625,60.938,-0.00034111
92.188,60.938,0.0016392
93.75,60.938,-0.00023393
95.313,60.938,-0.00085997
96.875,60.938,-0.00036514
98.438,60.938,0.0013276
100,60.938,0.00088313
1.5625,62.5,-0.00018401
3.125,62.5,4.6235*10^-5
4.6875,62.5,-0.00022623
6.25,62.5,-0.00021636
7.8125,62.5,0.00098737
9.375,62.5,0.00098719
10.938,62.5,-0.0014791
12.5,62.5,0.00075044
14.063,62.5,-0.001484
15.625,62.5,0.0017229
17.188,62.5,0.00046603
18.75,62.5,-1.6424*10^-5
20.313,62.5,0.00060564
21.875,62.5,-0.00019667
23.438,62.5,4.0736*10^-5
25,62.5,0.00067845
26.563,62.5,0.00046444
28.125,62.5,-0.0011463
29.688,62.5,0.00062555
31.25,62.5,-1.711*10^-5
32.813,62.5,0.00082255
34.375,62.5,8.8079*10^-5
35.938,62.5,-0.00020114
37.5,62.5,-0.00082199
39.063,62.5,8.6435*10^-5
40.625,62.5,-0.0015257
42.188,62.5,-0.001699
43.75,62.5,-0.00025629
45.313,62.5,0.0025408
46.875,62.5,-1.3824*10^-5
48.438,62.5,-0.0017182
50,62.5,0.0015856
51.563,62.5,0.0011246
53.125,62.5,0.00018591
54.688,62.5,0
56.25,62.5,0
57.813,62.5,0.0012662
59.375,62.5,0.00080409
60.938,62.5,-0.001126
62.5,62.5,0.00064248
64.063,62.5,0.00088407
65.625,62.5,0.0026093
67.188,62.5,0.0016943
68.75,62.5,0.0013095
70.313,62.5,-0.00094736
71.875,62.5,0.0010244
73.438,62.5,0.0004378
75,62.5,-0.00038365
76.563,62.5,-0.0009568
78.125,62.5,-0.0010204
79.688,62.5,-0.00059366
81.25,62.5,8.2355*10^-5
82.813,62.5,-6.4316*10^-5
84.375,62.5,0.00046534
85.938,62.5,-0.0013418
87.5,62.5,-0.00052107
89.063,62.5,0.00029045
90.625,62.5,-0.00034111
92.188,62.5,0.0016392
93.75,62.5,-0.00023393
95.313,62.5,-0.00085997
96.875,62.5,-0.00036514
98.438,62.5,0.0013276
100,62.5,0.00088313
1.5625,64.063,-0.00018401
3.125,64.063,4.6235*10^-5
4.6875,64.063,-0.00022623
6.25,64.063,-0.00021636
7.8125,64.063,0.00098737
9.375,64.063,0.00098719
10.938,64.063,-0.0014791
12.5,64.063,0.00075044
14.063,64.063,-0.001484
15.625,64.063,0.0017229
17.188,64.063,0.00046603
18.75,64.063,-1.6424*10^-5
20.313,64.063,0.00060564
21.875,64.063,-0.00019667
23.438,64.063,4.0736*10^-5
25,64.063,0.00067845
26.563,64.063,0.00046444
28.125,64.063,-0.0011463
29.688,64.063,0.00062555
31.25,64.063,-1.711*10^-5
32.813,64.063,0.00082255
34.375,64.063,8.8079*10^-5
35.938,64.063,-0.00020114
37.5,64.063,-0.00082199
39.063,64.063,8.6435*10^-5
40.625,64.063,-0.0015257
42.188,64.063,-0.001699
43.75,64.063,-0.00025629
45.313,64.063,0.0025408
46.875,64.063,-1.3824*10^-5
48.438,64.063,-0.0017182
50,64.063,0.0015856
51.563,64.063,0.0011246
53.125,64.063,0.00018591
54.688,64.063,0
56.25,64.063,0
57.813,64.063,0.0012662
59.375,64.063,0.00080409
60.938,64.063,-0.001126
62.5,64.063,0.00064248
64.063,64.063,0.00088407
65.625,64.063,0.0026093
67.188,64.063,0.0016943
68.75,64.063,0.0013095
70.313,64.063,-0.00094736
71.875,64.063,0.0010244
73.438,64.063,0.0004378
75,64.063,-0.00038365
76.563,64.063,-0.0009568
78.125,64.063,-0.0010204
79.688,64.063,-0.00059366
81.25,64.063,8.2355*10^-5
82.813,64.063,-6.4316*10^-5
84.375,64.063,0.00046534
85.938,64.063,-0.0013418
87.5,64.063,-0.00052107
89.063,64.063,0.00029045
90.625,64.063,-0.00034111
92.188,64.063,0.0016392
93.75,64.063,-0.00023393
95.313,64.063,-0.00085997
96.875,64.063,-0.00036514
98.438,64.063,0.0013276
100,64.063,0.00088313
1.5625,65.625,-0.00018401
3.125,65.625,4.6235*10^-5
4.6875,65.625,-0.00022623
6.25,65.625,-0.00021636
7.8125,65.625,0.00098737
9.375,65.625,0.00098719
10.938,65.625,-0.0014791
12.5,65.625,0.00075044
14.063,65.625,-0.001484
15.625,65.625,0.0017229
17.188,65.625,0.00046603
18.75,65.625,-1.6424*10^-5
20.313,65.625,0.00060564
21.875,65.625,-0.00019667
23.438,65.625,4.0736*10^-5
25,65.625,0.00067845
26.563,65.625,0.00046444
28.125,65.625,-0.0011463
29.688,65.625,0.00062555
31.25,65.625,-1.711*10^-5
32.813,65.625,0.00082255
34.375,65.625,8.8079*10^-5
35.938,65.625,-0.00020114
37.5,65.625,-0.00082199
39.063,65.625,8.6435*10^-5
40.625,65.625,-0.0015257
42.188,65.625,-0.001699
43.75,65.625,-0.00025629
45.313,65.625,0.0025408
46.875,65.625,-1.3824*10^-5
48.438,65.625,-0.0017182
50,65.625,0.0015856
51.563,65.625,0.0011246
53.125,65.625,0.00018591
54.688,65.625,0
56.25,65.625,0
57.813,65.625,0.0012662
59.375,65.625,0.00080409
60.938,65.625,-0.001126
62.5,65.625,0.00064248
64.063,65.625,0.00088407
65.625,65.625,0.0026093
67.188,65.625,0.0016943
68.75,65.625,0.0013095
70.313,65.625,-0.00094736
71.875,65.625,0.0010244
73.438,65.625,0.0004378
75,65.625,-0.00038365
76.563,65.625,-0.0009568
78.125,65.625,-0.0010204
79.688,65.625,-0.00059366
81.25,65.625,8.2355*10^-5
82.813,65.625,-6.4316*10^-5
84.375,65.625,0.00046534
85.938,65.625,-0.0013418
87.5,65.625,-0.00052107
89.063,65.625,0.00029045
90.625,65.625,-0.00034111
92.188,65.625,0.0016392
93.75,65.625,-0.00023393
95.313,65.625,-0.00085997
96.875,65.625,-0.00036514
98.438,65.625,0.0013276
100,65.625,0.00088313
1.5625,67.188,-0.00018401
3.125,67.188,4.6235*10^-5
4.6875,67.188,-0.00022623
6.25,67.188,-0.00021636
7.8125,67.188,0.00098737
9.375,67.188,0.00098719
10.938,67.188,-0.0014791
12.5,67.188,0.00075044
14.063,67.188,-0.001484
15.625,67.188,0.0017229
17.188,67.188,0.00046603
18.75,67.188,-1.6424*10^-5
20.313,67.188,0.00060564
21.875,67.188,-0.00019667
23.438,67.188,4.0736*10^-5
25,67.188,0.00067845
26.563,67.188,0.00046444
28.125,67.188,-0.0011463
29.688,67.188,0.00062555
31.25,67.188,-1.711*10^-5
32.813,67.188,0.00082255
34.375,67.188,8.8079*10^-5
35.938,67.188,-0.00020114
37.5,67.188,-0.00082199
39.063,67.188,8.6435*10^-5
40.625,67.188,-0.0015257
42.188,67.188,-0.001699
43.75,67.188,-0.00025629
45.313,67.188,0.0025408
46.875,67.188,-1.3824*10^-5
48.438,67.188,-0.0017182
50,67.188,0.0015856
51.563,67.188,0.0011246
53.125,67.188,0.00018591
54.688,67.188,0
56.25,67.188,0
57.813,67.188,0.0012662
59.375,67.188,0.00080409
60.938,67.188,-0.001126
62.5,67.188,0.00064248
64.063,67.188,0.00088407
65.625,67.188,0.0026093
67.188,67.188,0.0016943
68.75,67.188,0.0013095
70.313,67.188,-0.00094736
71.875,67.188,0.0010244
73.438,67.188,0.0004378
75,67.188,-0.00038365
76.563,67.188,-0.0009568
78.125,67.188,-0.0010204
79.688,67.188,-0.00059366
81.25,67.188,8.2355*10^-5
82.813,67.188,-6.4316*10^-5
84.375,67.188,0.00046534
85.938,67.188,-0.0013418
87.5,67.188,-0.00052107
89.063,67.188,0.00029045
90.625,67.188,-0.00034111
92.188,67.188,0.0016392
93.75,67.188,-0.00023393
95.313,67.188,-0.00085997
96.875,67.188,-0.00036514
98.438,67.188,0.0013276
100,67.188,0.00088313
1.5625,68.75,-0.00018401
3.125,68.75,4.6235*10^-5
4.6875,68.75,-0.00022623
6.25,68.75,-0.00021636
7.8125,68.75,0.00098737
9.375,68.75,0.00098719
10.938,68.75,-0.0014791
12.5,68.75,0.00075044
14.063,68.75,-0.001484
15.625,68.75,0.0017229
17.188,68.75,0.00046603
18.75,68.75,-1.6424*10^-5
20.313,68.75,0.00060564
21.875,68.75,-0.00019667
23.438,68.75,4.0736*10^-5
25,68.75,0.00067845
26.563,68.75,0.00046444
28.125,68.75,-0.0011463
29.688,68.75,0.00062555
31.25,68.75,-1.711*10^-5
32.813,68.75,0.00082255
34.375,68.75,8.8079*10^-5
35.938,68.75,-0.00020114
37.5,68.75,-0.00082199
39.063,68.75,8.6435*10^-5
40.625,68.75,-0.0015257
42.188,68.75,-0.001699
43.75,68.75,-0.00025629
45.313,68.75,0.0025408
46.875,68.75,-1.3824*10^-5
48.438,68.75,-0.0017182
50,68.75,0.0015856
51.563,68.75,0.0011246
53.125,68.75,0.00018591
54.688,68.75,0
56.25,68.75,0
57.813,68.75,0.0012662
59.375,68.75,0.00080409
60.938,68.75,-0.001126
62.5,68.75,0.00064248
64.063,68.75,0.00088407
65.625,68.75,0.0026093
67.188,68.75,0.0016943
68.75,68.75,0.0013095
70.313,68.75,-0.00094736
71.875,68.75,0.0010244
73.438,68.75,0.0004378
75,68.75,-0.00038365
76.563,68.75,-0.0009568
78.125,68.75,-0.0010204
79.688,68.75,-0.00059366
81.25,68.75,8.2355*10^-5
82.813,68.75,-6.4316*10^-5
84.375,68.75,0.00046534
85.938,68.75,-0.0013418
87.5,68.75,-0.00052107
89.063,68.75,0.00029045
90.625,68.75,-0.00034111
92.188,68.75,0.0016392
93.75,68.75,-0.00023393
95.313,68.75,-0.00085997
96.875,68.75,-0.00036514
98.438,68.75,0.0013276
100,68.75,0.00088313
1.5625,70.313,-0.00018401
3.125,70.313,4.6235*10^-5
4.6875,70.313,-0.00022623
6.25,70.313,-0.00021636
7.8125,70.313,0.00098737
9.375,70.313,0.00098719
10.938,70.313,-0.0014791
12.5,70.313,0.00075044
14.063,70.313,-0.001484
15.625,70.313,0.0017229
17.188,70.313,0.00046603
18.75,70.313,-1.6424*10^-5
20.313,70.313,0.00060564
21.875,70.313,-0.00019667
23.438,70.313,4.0736*10^-5
25,70.313,0.00067845
26.563,70.313,0.00046444
28.125,70.313,-0.0011463
29.688,70.313,0.00062555
31.25,70.313,-1.711*10^-5
32.813,70.313,0.00082255
34.375,70.313,8.8079*10^-5
35.938,70.313,-0.00020114
37.5,70.313,-0.00082199
39.063,70.313,8.6435*10^-5
40.625,70.313,-0.0015257
42.188,70.313,-0.001699
43.75,70.313,-0.00025629
45.313,70.313,0.0025408
46.875,70.313,-1.3824*10^-5
48.438,70.313,-0.0017182
50,70.313,0.0015856
51.563,70.313,0.0011246
53.125,70.313,0.00018591
54.688,70.313,0
56.25,70.313,0
57.813,70.313,0.0012662
59.375,70.313,0.00080409
60.938,70.313,-0.001126
62.5,70.313,0.00064248
64.063,70.313,0.00088407
65.625,70.313,0.0026093
67.188,70.313,0.0016943
68.75,70.313,0.0013095
70.313,70.313,-0.00094736
71.875,70.313,0.0010244
73.438,70.313,0.0004378
75,70.313,-0.00038365
76.563,70.313,-0.0009568
78.125,70.313,-0.0010204
79.688,70.313,-0.00059366
81.25,70.313,8.2355*10^-5
82.813,70.313,-6.4316*10^-5
84.375,70.313,0.00046534
85.938,70.313,-0.0013418
87.5,70.313,-0.00052107
89.063,70.313,0.00029045
90.625,70.313,-0.00034111
92.188,70.313,0.0016392
93.75,70.313,-0.00023393
95.313,70.313,-0.00085997
96.875,70.313,-0.00036514
98.438,70.313,0.0013276
100,70.313,0.00088313
1.5625,71.875,-0.00018401
3.125,71.875,4.6235*10^-5
4.6875,71.875,-0.00022623
6.25,71.875,-0.00021636
7.8125,71.875,0.00098737
9.375,71.875,0.00098719
10.938,71.875,-0.0014791
12.5,71.875,0.00075044
14.063,71.875,-0.001484
15.625,71.875,0.0017229
17.188,71.875,0.00046603
18.75,71.875,-1.6424*10^-5
20.313,71.875,0.00060564
21.875,71.875,-0.00019667
23.438,71.875,4.0736*10^-5
25,71.875,0.00067845
26.563,71.875,0.00046444
28.125,71.875,-0.0011463
29.688,71.875,0.00062555
31.25,71.875,-1.711*10^-5
32.813,71.875,0.00082255
34.375,71.875,8.8079*10^-5
35.938,71.875,-0.00020114
37.5,71.875,-0.00082199
39.063,71.875,8.6435*10^-5
40.625,71.875,-0.0015257
42.188,71.875,-0.001699
43.75,71.875,-0.00025629
45.313,71.875,0.0025408
46.875,71.875,-1.3824*10^-5
48.438,71.875,-0.0017182
50,71.875,0.0015856
51.563,71.875,0.0011246
53.125,71.875,0.00018591
54.688,71.875,0
56.25,71.875,0
57.813,71.875,0.0012662
59.375,71.875,0.00080409
60.938,71.875,-0.001126
62.5,71.875,0.00064248
64.063,71.875,0.00088407
65.625,71.875,0.0026093
67.188,71.875,0.0016943
68.75,71.875,0.0013095
70.313,71.875,-0.00094736
71.875,71.875,0.0010244
73.438,71.875,0.0004378
75,71.875,-0.00038365
76.563,71.875,-0.0009568
78.125,71.875,-0.0010204
79.688,71.875,-0.00059366
81.25,71.875,8.2355*10^-5
82.813,71.875,-6.4316*10^-5
84.375,71.875,0.00046534
85.938,71.875,-0.0013418
87.5,71.875,-0.00052107
89.063,71.875,0.00029045
90.625,71.875,-0.00034111
92.188,71.875,0.0016392
93.75,71.875,-0.00023393
95.313,71.875,-0.00085997
96.875,71.875,-0.00036514
98.438,71.875,0.0013276
100,71.875,0.00088313
1.5625,73.438,-0.00018401
3.125,73.438,4.6235*10^-5
4.6875,73.438,-0.00022623
6.25,73.438,-0.00021636
7.8125,73.438,0.00098737
9.375,73.438,0.00098719
10.938,73.438,-0.0014791
12.5,73.438,0.00075044
14.063,73.438,-0.001484
15.625,73.438,0.0017229
17.188,73.438,0.00046603
18.75,73.438,-1.6424*10^-5
20.313,73.438,0.00060564
21.875,73.438,-0.00019667
23.438,73.438,4.0736*10^-5
25,73.438,0.00067845
26.563,73.438,0.00046444
28.125,73.438,-0.0011463
29.688,73.438,0.00062555
31.25,73.438,-1.711*10^-5
32.813,73.438,0.00082255
34.375,73.438,8.8079*10^-5
35.938,73.438,-0.00020114
37.5,73.438,-0.00082199
39.063,73.438,8.6435*10^-5
40.625,73.438,-0.0015257
42.188,73.438,-0.001699
43.75,73.438,-0.00025629
45.313,73.438,0.0025408
46.875,73.438,-1.3824*10^-5
48.438,73.438,-0.0017182
50,73.438,0.0015856
51.563,73.438,0.0011246
53.125,73.438,0.00018591
54.688,73.438,0
56.25,73.438,0
57.813,73.438,0.0012662
59.375,73.438,0.00080409
60.938,73.438,-0.001126
62.5,73.438,0.00064248
64.063,73.438,0.00088407
65.625,73.438,0.0026093
67.188,73.438,0.0016943
68.75,73.438,0.0013095
70.313,73.438,-0.00094736
71.875,73.438,0.0010244
73.438,73.438,0.0004378
75,73.438,-0.00038365
76.563,73.438,-0.0009568
78.125,73.438,-0.0010204
79.688,73.438,-0.00059366
81.25,73.438,8.2355*10^-5
82.813,73.438,-6.4316*10^-5
84.375,73.438,0.00046534
85.938,73.438,-0.0013418
87.5,73.438,-0.00052107
89.063,73.438,0.00029045
90.625,73.438,-0.00034111
92.188,73.438,0.0016392
93.75,73.438,-0.00023393
95.313,73.438,-0.00085997
96.875,73.438,-0.00036514
98.438,73.438,0.0013276
100,73.438,0.00088313
1.5625,75,-0.00018401
3.125,75,4.6235*10^-5
4.6875,75,-0.00022623
6.25,75,-0.00021636
7.8125,75,0.00098737
9.375,75,0.00098719
10.938,75,-0.0014791
12.5,75,0.00075044
14.063,75,-0.001484
15.625,75,0.0017229
17.188,75,0.00046603
18.75,75,-1.6424*10^-5
20.313,75,0.00060564
21.875,75,-0.00019667
23.438,75,4.0736*10^-5
25,75,0.00067845
26.563,75,0.00046444
28.125,75,-0.0011463
29.688,75,0.00062555
31.25,75,-1.711*10^-5
32.813,75,0.00082255
34.375,75,8.8079*10^-5
35.938,75,-0.00020114
37.5,75,-0.00082199
39.063,75,8.6435*10^-5
40.625,75,-0.0015257
42.188,75,-0.001699
43.75,75,-0.00025629
45.313,75,0.0025408
46.875,75,-1.3824*10^-5
48.438,75,-0.0017182
50,75,0.0015856
51.563,75,0.0011246
53.125,75,0.00018591
54.688,75,0
56.25,75,0
57.813,75,0.0012662
59.375,75,0.00080409
60.938,75,-0.001126
62.5,75,0.00064248
64.063,75,0.00088407
65.625,75,0.0026093
67.188,75,0.0016943
68.75,75,0.0013095
70.313,75,-0.00094736
71.875,75,0.0010244
73.438,75,0.0004378
75,75,-0.00038365
76.563,75,-0.0009568
78.125,75,-0.0010204
79.688,75,-0.00059366
81.25,75,8.2355*10^-5
82.813,75,-6.4316*10^-5
84.375,75,0.00046534
85.938,75,-0.0013418
87.5,75,-0.00052107
89.063,75,0.00029045
90.625,75,-0.00034111
92.188,75,0.0016392
93.75,75,-0.00023393
95.313,75,-0.00085997
96.875,75,-0.00036514
98.438,75,0.0013276
100,75,0.00088313
1.5625,76.563,-0.00018401
3.125,76.563,4.6235*10^-5
4.6875,76.563,-0.00022623
6.25,76.563,-0.00021636
7.8125,76.563,0.00098737
9.375,76.563,0.00098719
10.938,76.563,-0.0014791
12.5,76.563,0.00075044
14.063,76.563,-0.001484
15.625,76.563,0.0017229
17.188,76.563,0.00046603
18.75,76.563,-1.6424*10^-5
20.313,76.563,0.00060564
21.875,76.563,-0.00019667
23.438,76.563,4.0736*10^-5
25,76.563,0.00067845
26.563,76.563,0.00046444
28.125,76.563,-0.0011463
29.688,76.563,0.00062555
31.25,76.563,-1.711*10^-5
32.813,76.563,0.00082255
34.375,76.563,8.8079*10^-5
35.938,76.563,-0.00020114
37.5,76.563,-0.00082199
39.063,76.563,8.6435*10^-5
40.625,76.563,-0.0015257
42.188,76.563,-0.001699
43.75,76.563,-0.00025629
45.313,76.563,0.0025408
46.875,76.563,-1.3824*10^-5
48.438,76.563,-0.0017182
50,76.563,0.0015856
51.563,76.563,0.0011246
53.125,76.563,0.00018591
54.688,76.563,0
56.25,76.563,0
57.813,76.563,0.0012662
59.375,76.563,0.00080409
60.938,76.563,-0.001126
62.5,76.563,0.00064248
64.063,76.563,0.00088407
65.625,76.563,0.0026093
67.188,76.563,0.0016943
68.75,76.563,0.0013095
70.313,76.563,-0.00094736
71.875,76.563,0.0010244
73.438,76.563,0.0004378
75,76.563,-0.00038365
76.563,76.563,-0.0009568
78.125,76.563,-0.0010204
79.688,76.563,-0.00059366
81.25,76.563,8.2355*10^-5
82.813,76.563,-6.4316*10^-5
84.375,76.563,0.00046534
85.938,76.563,-0.0013418
87.5,76.563,-0.00052107
89.063,76.563,0.00029045
90.625,76.563,-0.00034111
92.188,76.563,0.0016392
93.75,76.563,-0.00023393
95.313,76.563,-0.00085997
96.875,76.563,-0.00036514
98.438,76.563,0.0013276
100,76.563,0.00088313
1.5625,78.125,-0.00018401
3.125,78.125,4.6235*10^-5
4.6875,78.125,-0.00022623
6.25,78.125,-0.00021636
7.8125,78.125,0.00098737
9.375,78.125,0.00098719
10.938,78.125,-0.0014791
12.5,78.125,0.00075044
14.063,78.125,-0.001484
15.625,78.125,0.0017229
17.188,78.125,0.00046603
18.75,78.125,-1.6424*10^-5
20.313,78.125,0.00060564
21.875,78.125,-0.00019667
23.438,78.125,4.0736*10^-5
25,78.125,0.00067845
26.563,78.125,0.00046444
28.125,78.125,-0.0011463
29.688,78.125,0.00062555
31.25,78.125,-1.711*10^-5
32.813,78.125,0.00082255
34.375,78.125,8.8079*10^-5
35.938,78.125,-0.00020114
37.5,78.125,-0.00082199
39.063,78.125,8.6435*10^-5
40.625,78.125,-0.0015257
42.188,78.125,-0.001699
43.75,78.125,-0.00025629
45.313,78.125,0.0025408
46.875,78.125,-1.3824*10^-5
48.438,78.125,-0.0017182
50,78.125,0.0015856
51.563,78.125,0.0011246
53.125,78.125,0.00018591
54.688,78.125,0
56.25,78.125,0
57.813,78.125,0.0012662
59.375,78.125,0.00080409
60.938,78.125,-0.001126
62.5,78.125,0.00064248
64.063,78.125,0.00088407
65.625,78.125,0.0026093
67.188,78.125,0.0016943
68.75,78.125,0.0013095
70.313,78.125,-0.00094736
71.875,78.125,0.0010244
73.438,78.125,0.0004378
75,78.125,-0.00038365
76.563,78.125,-0.0009568
78.125,78.125,-0.0010204
79.688,78.125,-0.00059366
81.25,78.125,8.2355*10^-5
82.813,78.125,-6.4316*10^-5
84.375,78.125,0.00046534
85.938,78.125,-0.0013418
87.5,78.125,-0.00052107
89.063,78.125,0.00029045
90.625,78.125,-0.00034111
92.188,78.125,0.0016392
93.75,78.125,-0.00023393
95.313,78.125,-0.00085997
96.875,78.125,-0.00036514
98.438,78.125,0.0013276
100,78.125,0.00088313
1.5625,79.688,-0.00018401
3.125,79.688,4.6235*10^-5
4.6875,79.688,-0.00022623
6.25,79.688,-0.00021636
7.8125,79.688,0.00098737
9.375,79.688,0.00098719
10.938,79.688,-0.0014791
12.5,79.688,0.00075044
14.063,79.688,-0.001484
15.625,79.688,0.0017229
17.188,79.688,0.00046603
18.75,79.688,-1.6424*10^-5
20.313,79.688,0.00060564
21.875,79.688,-0.00019667
23.438,79.688,4.0736*10^-5
25,79.688,0.00067845
26.563,79.688,0.00046444
28.125,79.688,-0.0011463
29.688,79.688,0.00062555
31.25,79.688,-1.711*10^-5
32.813,79.688,0.00082255
34.375,79.688,8.8079*10^-5
35.938,79.688,-0.00020114
37.5,79.688,-0.00082199
39.063,79.688,8.6435*10^-5
40.625,79.688,-0.0015257
42.188,79.688,-0.001699
43.75,79.688,-0.00025629
45.313,79.688,0.0025408
46.875,79.688,-1.3824*10^-5
48.438,79.688,-0.0017182
50,79.688,0.0015856
51.563,79.688,0.0011246
53.125,79.688,0.00018591
54.688,79.688,0
56.25,79.688,0
57.813,79.688,0.0012662
59.375,79.688,0.00080409
60.938,79.688,-0.001126
62.5,79.688,0.00064248
64.063,79.688,0.00088407
65.625,79.688,0.0026093
67.188,79.688,0.0016943
68.75,79.688,0.0013095
70.313,79.688,-0.00094736
71.875,79.688,0.0010244
73.438,79.688,0.0004378
75,79.688,-0.00038365
76.563,79.688,-0.0009568
78.125,79.688,-0.0010204
79.688,79.688,-0.00059366
81.25,79.688,8.2355*10^-5
82.813,79.688,-6.4316*10^-5
84.375,79.688,0.00046534
85.938,79.688,-0.0013418
87.5,79.688,-0.00052107
89.063,79.688,0.00029045
90.625,79.688,-0.00034111
92.188,79.688,0.0016392
93.75,79.688,-0.00023393
95.313,79.688,-0.00085997
96.875,79.688,-0.00036514
98.438,79.688,0.0013276
100,79.688,0.00088313
1.5625,81.25,-0.00018401
3.125,81.25,4.6235*10^-5
4.6875,81.25,-0.00022623
6.25,81.25,-0.00021636
7.8125,81.25,0.00098737
9.375,81.25,0.00098719
10.938,81.25,-0.0014791
12.5,81.25,0.00075044
14.063,81.25,-0.001484
15.625,81.25,0.0017229
17.188,81.25,0.00046603
18.75,81.25,-1.6424*10^-5
20.313,81.25,0.00060564
21.875,81.25,-0.00019667
23.438,81.25,4.0736*10^-5
25,81.25,0.00067845
26.563,81.25,0.00046444
28.125,81.25,-0.0011463
29.688,81.25,0.00062555
31.25,81.25,-1.711*10^-5
32.813,81.25,0.00082255
34.375,81.25,8.8079*10^-5
35.938,81.25,-0.00020114
37.5,81.25,-0.00082199
39.063,81.25,8.6435*10^-5
40.625,81.25,-0.0015257
42.188,81.25,-0.001699
43.75,81.25,-0.00025629
45.313,81.25,0.0025408
46.875,81.25,-1.3824*10^-5
48.438,81.25,-0.0017182
50,81.25,0.0015856
51.563,81.25,0.0011246
53.125,81.25,0.00018591
54.688,81.25,0
56.25,81.25,0
57.813,81.25,0.0012662
59.375,81.25,0.00080409
60.938,81.25,-0.001126
62.5,81.25,0.00064248
64.063,81.25,0.00088407
65.625,81.25,0.0026093
67.188,81.25,0.0016943
68.75,81.25,0.0013095
70.313,81.25,-0.00094736
71.875,81.25,0.0010244
73.438,81.25,0.0004378
75,81.25,-0.00038365
76.563,81.25,-0.0009568
78.125,81.25,-0.0010204
79.688,81.25,-0.00059366
81.25,81.25,8.2355*10^-5
82.813,81.25,-6.4316*10^-5
84.375,81.25,0.00046534
85.938,81.25,-0.0013418
87.5,81.25,-0.00052107
89.063,81.25,0.00029045
90.625,81.25,-0.00034111
92.188,81.25,0.0016392
93.75,81.25,-0.00023393
95.313,81.25,-0.00085997
96.875,81.25,-0.00036514
98.438,81.25,0.0013276
100,81.25,0.00088313
1.5625,82.813,-0.00018401
3.125,82.813,4.6235*10^-5
4.6875,82.813,-0.00022623
6.25,82.813,-0.00021636
7.8125,82.813,0.00098737
9.375,82.813,0.00098719
10.938,82.813,-0.0014791
12.5,82.813,0.00075044
14.063,82.813,-0.001484
15.625,82.813,0.0017229
17.188,82.813,0.00046603
18.75,82.813,-1.6424*10^-5
20.313,82.813,0.00060564
21.875,82.813,-0.00019667
23.438,82.813,4.0736*10^-5
25,82.813,0.00067845
26.563,82.813,0.00046444
28.125,82.813,-0.0011463
29.688,82.813,0.00062555
31.25,82.813,-1.711*10^-5
32.813,82.813,0.00082255
34.375,82.813,8.8079*10^-5
35.938,82.813,-0.00020114
37.5,82.813,-0.00082199
39.063,82.813,8.6435*10^-5
40.625,82.813,-0.0015257
42.188,82.813,-0.001699
43.75,82.813,-0.00025629
45.313,82.813,0.0025408
46.875,82.813,-1.3824*10^-5
48.438,82.813,-0.0017182
50,82.813,0.0015856
51.563,82.813,0.0011246
53.125,82.813,0.00018591
54.688,82.813,0
56.25,82.813,0
57.813,82.813,0.0012662
59.375,82.813,0.00080409
60.938,82.813,-0.001126
62.5,82.813,0.00064248
64.063,82.813,0.00088407
65.625,82.813,0.0026093
67.188,82.813,0.0016943
68.75,82.813,0.0013095
70.313,82.813,-0.00094736
71.875,82.813,0.0010244
73.438,82.813,0.0004378
75,82.813,-0.00038365
76.563,82.813,-0.0009568
78.125,82.813,-0.0010204
79.688,82.813,-0.00059366
81.25,82.813,8.2355*10^-5
82.813,82.813,-6.4316*10^-5
84.375,82.813,0.00046534
85.938,82.813,-0.0013418
87.5,82.813,-0.00052107
89.063,82.813,0.00029045
90.625,82.813,-0.00034111
92.188,82.813,0.0016392
93.75,82.813,-0.00023393
95.313,82.813,-0.00085997
96.875,82.813,-0.00036514
98.438,82.813,0.0013276
100,82.813,0.00088313
1.5625,84.375,-0.00018401
3.125,84.375,4.6235*10^-5
4.6875,84.375,-0.00022623
6.25,84.375,-0.00021636
7.8125,84.375,0.00098737
9.375,84.375,0.00098719
10.938,84.375,-0.0014791
12.5,84.375,0.00075044
14.063,84.375,-0.001484
15.625,84.375,0.0017229
17.188,84.375,0.00046603
18.75,84.375,-1.6424*10^-5
20.313,84.375,0.00060564
21.875,84.375,-0.00019667
23.438,84.375,4.0736*10^-5
25,84.375,0.00067845
26.563,84.375,0.00046444
28.125,84.375,-0.0011463
29.688,84.375,0.00062555
31.25,84.375,-1.711*10^-5
32.813,84.375,0.00082255
34.375,84.375,8.8079*10^-5
35.938,84.375,-0.00020114
37.5,84.375,-0.00082199
39.063,84.375,8.6435*10^-5
40.625,84.375,-0.0015257
42.188,84.375,-0.001699
43.75,84.375,-0.00025629
45.313,84.375,0.0025408
46.875,84.375,-1.3824*10^-5
48.438,84.375,-0.0017182
50,84.375,0.0015856
51.563,84.375,0.0011246
53.125,84.375,0.00018591
54.688,84.375,0
56.25,84.375,0
57.813,84.375,0.0012662
59.375,84.375,0.00080409
60.938,84.375,-0.001126
62.5,84.375,0.00064248
64.063,84.375,0.00088407
65.625,84.375,0.0026093
67.188,84.375,0.0016943
68.75,84.375,0.0013095
70.313,84.375,-0.00094736
71.875,84.375,0.0010244
73.438,84.375,0.0004378
75,84.375,-0.00038365
76.563,84.375,-0.0009568
78.125,84.375,-0.0010204
79.688,84.375,-0.00059366
81.25,84.375,8.2355*10^-5
82.813,84.375,-6.4316*10^-5
84.375,84.375,0.00046534
85.938,84.375,-0.0013418
87.5,84.375,-0.00052107
89.063,84.375,0.00029045
90.625,84.375,-0.00034111
92.188,84.375,0.0016392
93.75,84.375,-0.00023393
95.313,84.375,-0.00085997
96.875,84.375,-0.00036514
98.438,84.375,0.0013276
100,84.375,0.00088313
1.5625,85.938,-0.00018401
3.125,85.938,4.6235*10^-5
4.6875,85.938,-0.00022623
6.25,85.938,-0.00021636
7.8125,85.938,0.00098737
9.375,85.938,0.00098719
10.938,85.938,-0.0014791
12.5,85.938,0.00075044
14.063,85.938,-0.001484
15.625,85.938,0.0017229
17.188,85.938,0.00046603
18.75,85.938,-1.6424*10^-5
20.313,85.938,0.00060564
21.875,85.938,-0.00019667
23.438,85.938,4.0736*10^-5
25,85.938,0.00067845
26.563,85.938,0.00046444
28.125,85.938,-0.0011463
29.688,85.938,0.00062555
31.25,85.938,-1.711*10^-5
32.813,85.938,0.00082255
34.375,85.938,8.8079*10^-5
35.938,85.938,-0.00020114
37.5,85.938,-0.00082199
39.063,85.938,8.6435*10^-5
40.625,85.938,-0.0015257
42.188,85.938,-0.001699
43.75,85.938,-0.00025629
45.313,85.938,0.0025408
46.875,85.938,-1.3824*10^-5
48.438,85.938,-0.0017182
50,85.938,0.0015856
51.563,85.938,0.0011246
53.125,85.938,0.00018591
54.688,85.938,0
56.25,85.938,0
57.813,85.938,0.0012662
59.375,85.938,0.00080409
60.938,85.938,-0.001126
62.5,85.938,0.00064248
64.063,85.938,0.00088407
65.625,85.938,0.0026093
67.188,85.938,0.0016943
68.75,85.938,0.0013095
70.313,85.938,-0.00094736
71.875,85.938,0.0010244
73.438,85.938,0.0004378
75,85.938,-0.00038365
76.563,85.938,-0.0009568
78.125,85.938,-0.0010204
79.688,85.938,-0.00059366
81.25,85.938,8.2355*10^-5
82.813,85.938,-6.4316*10^-5
84.375,85.938,0.00046534
85.938,85.938,-0.0013418
87.5,85.938,-0.00052107
89.063,85.938,0.00029045
90.625,85.938,-0.00034111
92.188,85.938,0.0016392
93.75,85.938,-0.00023393
95.313,85.938,-0.00085997
96.875,85.938,-0.00036514
98.438,85.938,0.0013276
100,85.938,0.00088313
1.5625,87.5,-0.00018401
3.125,87.5,4.6235*10^-5
4.6875,87.5,-0.00022623
6.25,87.5,-0.00021636
7.8125,87.5,0.00098737
9.375,87.5,0.00098719
10.938,87.5,-0.0014791
12.5,87.5,0.00075044
14.063,87.5,-0.001484
15.625,87.5,0.0017229
17.188,87.5,0.00046603
18.75,87.5,-1.6424*10^-5
20.313,87.5,0.00060564
21.875,87.5,-0.00019667
23.438,87.5,4.0736*10^-5
25,87.5,0.00067845
26.563,87.5,0.00046444
28.125,87.5,-0.0011463
29.688,87.5,0.00062555
31.25,87.5,-1.711*10^-5
32.813,87.5,0.00082255
34.375,87.5,8.8079*10^-5
35.938,87.5,-0.00020114
37.5,87.5,-0.00082199
39.063,87.5,8.6435*10^-5
40.625,87.5,-0.0015257
42.188,87.5,-0.001699
43.75,87.5,-0.00025629
45.313,87.5,0.0025408
46.875,87.5,-1.3824*10^-5
48.438,87.5,-0.0017182
50,87.5,0.0015856
51.563,87.5,0.0011246
53.125,87.5,0.00018591
54.688,87.5,0
56.25,87.5,0
57.813,87.5,0.0012662
59.375,87.5,0.00080409
60.938,87.5,-0.001126
62.5,87.5,0.00064248
64.063,87.5,0.00088407
65.625,87.5,0.0026093
67.188,87.5,0.0016943
68.75,87.5,0.0013095
70.313,87.5,-0.00094736
71.875,87.5,0.0010244
73.438,87.5,0.0004378
75,87.5,-0.00038365
76.563,87.5,-0.0009568
78.125,87.5,-0.0010204
79.688,87.5,-0.00059366
81.25,87.5,8.2355*10^-5
82.813,87.5,-6.4316*10^-5
84.375,87.5,0.00046534
85.938,87.5,-0.0013418
87.5,87.5,-0.00052107
89.063,87.5,0.00029045
90.625,87.5,-0.00034111
92.188,87.5,0.0016392
93.75,87.5,-0.00023393
95.313,87.5,-0.00085997
96.875,87.5,-0.00036514
98.438,87.5,0.0013276
100,87.5,0.00088313
1.5625,89.063,-0.00018401
3.125,89.063,4.6235*10^-5
4.6875,89.063,-0.00022623
6.25,89.063,-0.00021636
7.8125,89.063,0.00098737
9.375,89.063,0.00098719
10.938,89.063,-0.0014791
12.5,89.063,0.00075044
14.063,89.063,-0.001484
15.625,89.063,0.0017229
17.188,89.063,0.00046603
18.75,89.063,-1.6424*10^-5
20.313,89.063,0.00060564
21.875,89.063,-0.00019667
23.438,89.063,4.0736*10^-5
25,89.063,0.00067845
26.563,89.063,0.00046444
28.125,89.063,-0.0011463
29.688,89.063,0.00062555
31.25,89.063,-1.711*10^-5
32.813,89.063,0.00082255
34.375,89.063,8.8079*10^-5
35.938,89.063,-0.00020114
37.5,89.063,-0.00082199
39.063,89.063,8.6435*10^-5
40.625,89.063,-0.0015257
42.188,89.063,-0.001699
43.75,89.063,-0.00025629
45.313,89.063,0.0025408
46.875,89.063,-1.3824*10^-5
48.438,89.063,-0.0017182
50,89.063,0.0015856
51.563,89.063,0.0011246
53.125,89.063,0.00018591
54.688,89.063,0
56.25,89.063,0
57.813,89.063,0.0012662
59.375,89.063,0.00080409
60.938,89.063,-0.001126
62.5,89.063,0.00064248
64.063,89.063,0.00088407
65.625,89.063,0.0026093
67.188,89.063,0.0016943
68.75,89.063,0.0013095
70.313,89.063,-0.00094736
71.875,89.063,0.0010244
73.438,89.063,0.0004378
75,89.063,-0.00038365
76.563,89.063,-0.0009568
78.125,89.063,-0.0010204
79.688,89.063,-0.00059366
81.25,89.063,8.2355*10^-5
82.813,89.063,-6.4316*10^-5
84.375,89.063,0.00046534
85.938,89.063,-0.0013418
87.5,89.063,-0.00052107
89.063,89.063,0.00029045
90.625,89.063,-0.00034111
92.188,89.063,0.0016392
93.75,89.063,-0.00023393
95.313,89.063,-0.00085997
96.875,89.063,-0.00036514
98.438,89.063,0.0013276
100,89.063,0.00088313
1.5625,90.625,-0.00018401
3.125,90.625,4.6235*10^-5
4.6875,90.625,-0.00022623
6.25,90.625,-0.00021636
7.8125,90.625,0.00098737
9.375,90.625,0.00098719
10.938,90.625,-0.0014791
12.5,90.625,0.00075044
14.063,90.625,-0.001484
15.625,90.625,0.0017229
17.188,90.625,0.00046603
18.75,90.625,-1.6424*10^-5
20.313,90.625,0.00060564
21.875,90.625,-0.00019667
23.438,90.625,4.0736*10^-5
25,90.625,0.00067845
26.563,90.625,0.00046444
28.125,90.625,-0.0011463
29.688,90.625,0.00062555
31.25,90.625,-1.711*10^-5
32.813,90.625,0.00082255
34.375,90.625,8.8079*10^-5
35.938,90.625,-0.00020114
37.5,90.625,-0.00082199
39.063,90.625,8.6435*10^-5
40.625,90.625,-0.0015257
42.188,90.625,-0.001699
43.75,90.625,-0.00025629
45.313,90.625,0.0025408
46.875,90.625,-1.3824*10^-5
48.438,90.625,-0.0017182
50,90.625,0.0015856
51.563,90.625,0.0011246
53.125,90.625,0.00018591
54.688,90.625,0
56.25,90.625,0
57.813,90.625,0.0012662
59.375,90.625,0.00080409
60.938,90.625,-0.001126
62.5,90.625,0.00064248
64.063,90.625,0.00088407
65.625,90.625,0.0026093
67.188,90.625,0.0016943
68.75,90.625,0.0013095
70.313,90.625,-0.00094736
71.875,90.625,0.0010244
73.438,90.625,0.0004378
75,90.625,-0.00038365
76.563,90.625,-0.0009568
78.125,90.625,-0.0010204
79.688,90.625,-0.00059366
81.25,90.625,8.2355*10^-5
82.813,90.625,-6.4316*10^-5
84.375,90.625,0.00046534
85.938,90.625,-0.0013418
87.5,90.625,-0.00052107
89.063,90.625,0.00029045
90.625,90.625,-0.00034111
92.188,90.625,0.0016392
93.75,90.625,-0.00023393
95.313,90.625,-0.00085997
96.875,90.625,-0.00036514
98.438,90.625,0.0013276
100,90.625,0.00088313
1.5625,92.188,-0.00018401
3.125,92.188,4.6235*10^-5
4.6875,92.188,-0.00022623
6.25,92.188,-0.00021636
7.8125,92.188,0.00098737
9.375,92.188,0.00098719
10.938,92.188,-0.0014791
12.5,92.188,0.00075044
14.063,92.188,-0.001484
15.625,92.188,0.0017229
17.188,92.188,0.00046603
18.75,92.188,-1.6424*10^-5
20.313,92.188,0.00060564
21.875,92.188,-0.00019667
23.438,92.188,4.0736*10^-5
25,92.188,0.00067845
26.563,92.188,0.00046444
28.125,92.188,-0.0011463
29.688,92.188,0.00062555
31.25,92.188,-1.711*10^-5
32.813,92.188,0.00082255
34.375,92.188,8.8079*10^-5
35.938,92.188,-0.00020114
37.5,92.188,-0.00082199
39.063,92.188,8.6435*10^-5
40.625,92.188,-0.0015257
42.188,92.188,-0.001699
43.75,92.188,-0.00025629
45.313,92.188,0.0025408
46.875,92.188,-1.3824*10^-5
48.438,92.188,-0.0017182
50,92.188,0.0015856
51.563,92.188,0.0011246
53.125,92.188,0.00018591
54.688,92.188,0
56.25,92.188,0
57.813,92.188,0.0012662
59.375,92.188,0.00080409
60.938,92.188,-0.001126
62.5,92.188,0.00064248
64.063,92.188,0.00088407
65.625,92.188,0.0026093
67.188,92.188,0.0016943
68.75,92.188,0.0013095
70.313,92.188,-0.00094736
71.875,92.188,0.0010244
73.438,92.188,0.0004378
75,92.188,-0.00038365
76.563,92.188,-0.0009568
78.125,92.188,-0.0010204
79.688,92.188,-0.00059366
81.25,92.188,8.2355*10^-5
82.813,92.188,-6.4316*10^-5
84.375,92.188,0.00046534
85.938,92.188,-0.0013418
87.5,92.188,-0.00052107
89.063,92.188,0.00029045
90.625,92.188,-0.00034111
92.188,92.188,0.0016392
93.75,92.188,-0.00023393
95.313,92.188,-0.00085997
96.875,92.188,-0.00036514
98.438,92.188,0.0013276
100,92.188,0.00088313
1.5625,93.75,-0.00018401
3.125,93.75,4.6235*10^-5
4.6875,93.75,-0.00022623
6.25,93.75,-0.00021636
7.8125,93.75,0.00098737
9.375,93.75,0.00098719
10.938,93.75,-0.0014791
12.5,93.75,0.00075044
14.063,93.75,-0.001484
15.625,93.75,0.0017229
17.188,93.75,0.00046603
18.75,93.75,-1.6424*10^-5
20.313,93.75,0.00060564
21.875,93.75,-0.00019667
23.438,93.75,4.0736*10^-5
25,93.75,0.00067845
26.563,93.75,0.00046444
28.125,93.75,-0.0011463
29.688,93.75,0.00062555
31.25,93.75,-1.711*10^-5
32.813,93.75,0.00082255
34.375,93.75,8.8079*10^-5
35.938,93.75,-0.00020114
37.5,93.75,-0.00082199
39.063,93.75,8.6435*10^-5
40.625,93.75,-0.0015257
42.188,93.75,-0.001699
43.75,93.75,-0.00025629
45.313,93.75,0.0025408
46.875,93.75,-1.3824*10^-5
48.438,93.75,-0.0017182
50,93.75,0.0015856
51.563,93.75,0.0011246
53.125,93.75,0.00018591
54.688,93.75,0
56.25,93.75,0
57.813,93.75,0.0012662
59.375,93.75,0.00080409
60.938,93.75,-0.001126
62.5,93.75,0.00064248
64.063,93.75,0.00088407
65.625,93.75,0.0026093
67.188,93.75,0.0016943
68.75,93.75,0.0013095
70.313,93.75,-0.00094736
71.875,93.75,0.0010244
73.438,93.75,0.0004378
75,93.75,-0.00038365
76.563,93.75,-0.0009568
78.125,93.75,-0.0010204
79.688,93.75,-0.00059366
81.25,93.75,8.2355*10^-5
82.813,93.75,-6.4316*10^-5
84.375,93.75,0.00046534
85.938,93.75,-0.0013418
87.5,93.75,-0.00052107
89.063,93.75,0.00029045
90.625,93.75,-0.00034111
92.188,93.75,0.0016392
93.75,93.75,-0.00023393
95.313,93.75,-0.00085997
96.875,93.75,-0.00036514
98.438,93.75,0.0013276
100,93.75,0.00088313
1.5625,95.313,-0.00018401
3.125,95.313,4.6235*10^-5
4.6875,95.313,-0.00022623
6.25,95.313,-0.00021636
7.8125,95.313,0.00098737
9.375,95.313,0.00098719
10.938,95.313,-0.0014791
12.5,95.313,0.00075044
14.063,95.313,-0.001484
15.625,95.313,0.0017229
17.188,95.313,0.00046603
18.75,95.313,-1.6424*10^-5
20.313,95.313,0.00060564
21.875,95.313,-0.00019667
23.438,95.313,4.0736*10^-5
25,95.313,0.00067845
26.563,95.313,0.00046444
28.125,95.313,-0.0011463
29.688,95.313,0.00062555
31.25,95.313,-1.711*10^-5
32.813,95.313,0.00082255
34.375,95.313,8.8079*10^-5
35.938,95.313,-0.00020114
37.5,95.313,-0.00082199
39.063,95.313,8.6435*10^-5
40.625,95.313,-0.0015257
42.188,95.313,-0.001699
43.75,95.313,-0.00025629
45.313,95.313,0.0025408
46.875,95.313,-1.3824*10^-5
48.438,95.313,-0.0017182
50,95.313,0.0015856
51.563,95.313,0.0011246
53.125,95.313,0.00018591
54.688,95.313,0
56.25,95.313,0
57.813,95.313,0.0012662
59.375,95.313,0.00080409
60.938,95.313,-0.001126
62.5,95.313,0.00064248
64.063,95.313,0.00088407
65.625,95.313,0.0026093
67.188,95.313,0.0016943
68.75,95.313,0.0013095
70.313,95.313,-0.00094736
71.875,95.313,0.0010244
73.438,95.313,0.0004378
75,95.313,-0.00038365
76.563,95.313,-0.0009568
78.125,95.313,-0.0010204
79.688,95.313,-0.00059366
81.25,95.313,8.2355*10^-5
82.813,95.313,-6.4316*10^-5
84.375,95.313,0.00046534
85.938,95.313,-0.0013418
87.5,95.313,-0.00052107
89.063,95.313,0.00029045
90.625,95.313,-0.00034111
92.188,95.313,0.0016392
93.75,95.313,-0.00023393
95.313,95.313,-0.00085997
96.875,95.313,-0.00036514
98.438,95.313,0.0013276
100,95.313,0.00088313
1.5625,96.875,-0.00018401
3.125,96.875,4.6235*10^-5
4.6875,96.875,-0.00022623
6.25,96.875,-0.00021636
7.8125,96.875,0.00098737
9.375,96.875,0.00098719
10.938,96.875,-0.0014791
12.5,96.875,0.00075044
14.063,96.875,-0.001484
15.625,96.875,0.0017229
17.188,96.875,0.00046603
18.75,96.875,-1.6424*10^-5
20.313,96.875,0.00060564
21.875,96.875,-0.00019667
23.438,96.875,4.0736*10^-5
25,96.875,0.00067845
26.563,96.875,0.00046444
28.125,96.875,-0.0011463
29.688,96.875,0.00062555
31.25,96.875,-1.711*10^-5
32.813,96.875,0.00082255
34.375,96.875,8.8079*10^-5
35.938,96.875,-0.00020114
37.5,96.875,-0.00082199
39.063,96.875,8.6435*10^-5
40.625,96.875,-0.0015257
42.188,96.875,-0.001699
43.75,96.875,-0.00025629
45.313,96.875,0.0025408
46.875,96.875,-1.3824*10^-5
48.438,96.875,-0.0017182
50,96.875,0.0015856
51.563,96.875,0.0011246
53.125,96.875,0.00018591
54.688,96.875,0
56.25,96.875,0
57.813,96.875,0.0012662
59.375,96.875,0.00080409
60.938,96.875,-0.001126
62.5,96.875,0.00064248
64.063,96.875,0.00088407
65.625,96.875,0.0026093
67.188,96.875,0.0016943
68.75,96.875,0.0013095
70.313,96.875,-0.00094736
71.875,96.875,0.0010244
73.438,96.875,0.0004378
75,96.875,-0.00038365
76.563,96.875,-0.0009568
78.125,96.875,-0.0010204
79.688,96.875,-0.00059366
81.25,96.875,8.2355*10^-5
82.813,96.875,-6.4316*10^-5
84.375,96.875,0.00046534
85.938,96.875,-0.0013418
87.5,96.875,-0.00052107
89.063,96.875,0.00029045
90.625,96.875,-0.00034111
92.188,96.875,0.0016392
93.75,96.875,-0.00023393
95.313,96.875,-0.00085997
96.875,96.875,-0.00036514
98.438,96.875,0.0013276
100,96.875,0.00088313
1.5625,98.438,-0.00018401
3.125,98.438,4.6235*10^-5
4.6875,98.438,-0.00022623
6.25,98.438,-0.00021636
7.8125,98.438,0.00098737
9.375,98.438,0.00098719
10.938,98.438,-0.0014791
12.5,98.438,0.00075044
14.063,98.438,-0.001484
15.625,98.438,0.0017229
17.188,98.438,0.00046603
18.75,98.438,-1.6424*10^-5
20.313,98.438,0.00060564
21.875,98.438,-0.00019667
23.438,98.438,4.0736*10^-5
25,98.438,0.00067845
26.563,98.438,0.00046444
28.125,98.438,-0.0011463
29.688,98.438,0.00062555
31.25,98.438,-1.711*10^-5
32.813,98.438,0.00082255
34.375,98.438,8.8079*10^-5
35.938,98.438,-0.00020114
37.5,98.438,-0.00082199
39.063,98.438,8.6435*10^-5
40.625,98.438,-0.0015257
42.188,98.438,-0.001699
43.75,98.438,-0.00025629
45.313,98.438,0.0025408
46.875,98.438,-1.3824*10^-5
48.438,98.438,-0.0017182
50,98.438,0.0015856
51.563,98.438,0.0011246
53.125,98.438,0.00018591
54.688,98.438,0
56.25,98.438,0
57.813,98.438,0.0012662
59.375,98.438,0.00080409
60.938,98.438,-0.001126
62.5,98.438,0.00064248
64.063,98.438,0.00088407
65.625,98.438,0.0026093
67.188,98.438,0.0016943
68.75,98.438,0.0013095
70.313,98.438,-0.00094736
71.875,98.438,0.0010244
73.438,98.438,0.0004378
75,98.438,-0.00038365
76.563,98.438,-0.0009568
78.125,98.438,-0.0010204
79.688,98.438,-0.00059366
81.25,98.438,8.2355*10^-5
82.813,98.438,-6.4316*10^-5
84.375,98.438,0.00046534
85.938,98.438,-0.0013418
87.5,98.438,-0.00052107
89.063,98.438,0.00029045
90.625,98.438,-0.00034111
92.188,98.438,0.0016392
93.75,98.438,-0.00023393
95.313,98.438,-0.00085997
96.875,98.438,-0.00036514
98.438,98.438,0.0013276
100,98.438,0.00088313
1.5625,100,-0.00018401
3.125,100,4.6235*10^-5
4.6875,100,-0.00022623
6.25,100,-0.00021636
7.8125,100,0.00098737
9.375,100,0.00098719
10.938,100,-0.0014791
12.5,100,0.00075044
14.063,100,-0.001484
15.625,100,0.0017229
17.188,100,0.00046603
18.75,100,-1.6424*10^-5
20.313,100,0.00060564
21.875,100,-0.00019667
23.438,100,4.0736*10^-5
25,100,0.00067845
26.563,100,0.00046444
28.125,100,-0.0011463
29.688,100,0.00062555
31.25,100,-1.711*10^-5
32.813,100,0.00082255
34.375,100,8.8079*10^-5
35.938,100,-0.00020114
37.5,100,-0.00082199
39.063,100,8.6435*10^-5
40.625,100,-0.0015257
42.188,100,-0.001699
43.75,100,-0.00025629
45.313,100,0.0025408
46.875,100,-1.3824*10^-5
48.438,100,-0.0017182
50,100,0.0015856
51.563,100,0.0011246
53.125,100,0.00018591
54.688,100,0
56.25,100,0
57.813,100,0.0012662
59.375,100,0.00080409
60.938,100,-0.001126
62.5,100,0.00064248
64.063,100,0.00088407
65.625,100,0.0026093
67.188,100,0.0016943
68.75,100,0.0013095
70.313,100,-0.00094736
71.875,100,0.0010244
73.438,100,0.0004378
75,100,-0.00038365
76.563,100,-0.0009568
78.125,100,-0.0010204
79.688,100,-0.00059366
81.25,100,8.2355*10^-5
82.813,100,-6.4316*10^-5
84.375,100,0.00046534
85.938,100,-0.0013418
87.5,100,-0.00052107
89.063,100,0.00029045
90.625,100,-0.00034111
92.188,100,0.0016392
93.75,100,-0.00023393
95.313,100,-0.00085997
96.875,100,-0.00036514
98.438,100,0.0013276
100,100,0.00088313
