-24.219 -24.219 -0.17593
-24.219 -23.438 -0.23274
-24.219 -22.656 -0.20789
-24.219 -21.875 -0.17947
-24.219 -21.094 -0.1666
-24.219 -20.313 -0.09059
-24.219 -19.531 -0.10036
-24.219 -18.75 -0.023676
-24.219 -17.969 0.064256
-24.219 -17.188 0.10573
-24.219 -16.406 0.049542
-24.219 -15.625 -0.040069
-24.219 -14.844 -0.090878
-24.219 -14.063 -0.20456
-24.219 -13.281 -0.26123
-24.219 -12.5 -0.14172
-24.219 -11.719 -0.010785
-24.219 -10.938 0.085229
-24.219 -10.156 0.10405
-24.219 -9.375 0.15924
-24.219 -8.5938 0.21101
-24.219 -7.8125 0.19061
-24.219 -7.0313 0.17399
-24.219 -6.25 0.13907
-24.219 -5.4688 0.12626
-24.219 -4.6875 0.075018
-24.219 -3.9063 0.012068
-24.219 -3.125 -0.059009
-24.219 -2.3438 -0.12627
-24.219 -1.5625 -0.13611
-24.219 -0.78125 -0.11749
-24.219 0 -0.0042852
-24.219 0.78125 0.10748
-24.219 1.5625 0.20877
-24.219 2.3438 0.13811
-24.219 3.125 0.025634
-24.219 3.9063 -0.12555
-24.219 4.6875 -0.24295
-24.219 5.4688 -0.21034
-24.219 6.25 -0.10667
-24.219 7.0313 -0.035246
-24.219 7.8125 0.0578
-24.219 8.5938 0.053096
-24.219 9.375 -0.026929
-24.219 10.156 0.061279
-24.219 10.938 0.12019
-24.219 11.719 0.19254
-24.219 12.5 0.2056
-24.219 13.281 0.12806
-24.219 14.063 0.010383
-24.219 14.844 -0.016317
-24.219 15.625 -0.023365
-24.219 16.406 -0.0053539
-24.219 17.188 0.0039809
-24.219 17.969 0.084506
-24.219 18.75 0.11923
-24.219 19.531 0.052656
-24.219 20.313 0.010961
-24.219 21.094 -0.0031359
-24.219 21.875 -0.0084856
-24.219 22.656 0.013235
-24.219 23.438 -0.059468
-24.219 24.219 -0.071347
-24.219 25 -0.085751
-23.438 -24.219 -0.18971
-23.438 -23.438 -0.20299
-23.438 -22.656 -0.14949
-23.438 -21.875 -0.15804
-23.438 -21.094 -0.15161
-23.438 -20.313 -0.06963
-23.438 -19.531 -0.033104
-23.438 -18.75 0.073208
-23.438 -17.969 0.11812
-23.438 -17.188 0.052791
-23.438 -16.406 0.0061299
-23.438 -15.625 -0.074094
-23.438 -14.844 -0.11638
-23.438 -14.063 -0.15951
-23.438 -13.281 -0.18438
-23.438 -12.5 -0.10112
-23.438 -11.719 -0.021653
-23.438 -10.938 0.042971
-23.438 -10.156 0.14163
-23.438 -9.375 0.17849
-23.438 -8.5938 0.19479
-23.438 -7.8125 0.1758
-23.438 -7.0313 0.19019
-23.438 -6.25 0.12857
-23.438 -5.4688 0.078033
-23.438 -4.6875 0.078489
-23.438 -3.9063 0.055525
-23.438 -3.125 0.0053374
-23.438 -2.3438 -0.025713
-23.438 -1.5625 -0.12432
-23.438 -0.78125 -0.068266
-23.438 0 0.054
-23.438 0.78125 0.13664
-23.438 1.5625 0.13896
-23.438 2.3438 0.05187
-23.438 3.125 -0.061977
-23.438 3.9063 -0.19788
-23.438 4.6875 -0.28453
-23.438 5.4688 -0.16271
-23.438 6.25 -0.052782
-23.438 7.0313 -0.014359
-23.438 7.8125 0.02824
-23.438 8.5938 -0.0067975
-23.438 9.375 -0.06004
-23.438 10.156 0.040175
-23.438 10.938 0.063635
-23.438 11.719 0.15947
-23.438 12.5 0.17034
-23.438 13.281 0.08886
-23.438 14.063 -0.032947
-23.438 14.844 -0.014607
-23.438 15.625 0.019925
-23.438 16.406 0.093197
-23.438 17.188 0.041961
-23.438 17.969 0.12684
-23.438 18.75 0.17696
-23.438 19.531 0.10767
-23.438 20.313 0.051697
-23.438 21.094 0.049508
-23.438 21.875 0.025208
-23.438 22.656 -0.040462
-23.438 23.438 -0.095413
-23.438 24.219 -0.078403
-23.438 25 -0.093573
-22.656 -24.219 -0.23697
-22.656 -23.438 -0.19549
-22.656 -22.656 -0.12934
-22.656 -21.875 -0.16519
-22.656 -21.094 -0.11091
-22.656 -20.313 0.00064571
-22.656 -19.531 0.012729
-22.656 -18.75 0.15006
-22.656 -17.969 0.096408
-22.656 -17.188 -0.0073436
-22.656 -16.406 -0.0667
-22.656 -15.625 -0.10134
-22.656 -14.844 -0.078835
-22.656 -14.063 -0.12398
-22.656 -13.281 -0.15762
-22.656 -12.5 -0.12812
-22.656 -11.719 -0.049127
-22.656 -10.938 0.11301
-22.656 -10.156 0.16755
-22.656 -9.375 0.16329
-22.656 -8.5938 0.1887
-22.656 -7.8125 0.1594
-22.656 -7.0313 0.18083
-22.656 -6.25 0.10688
-22.656 -5.4688 0.070099
-22.656 -4.6875 0.064472
-22.656 -3.9063 0.027722
-22.656 -3.125 -0.035676
-22.656 -2.3438 -0.03066
-22.656 -1.5625 -0.076246
-22.656 -0.78125 0.015321
-22.656 0 0.17608
-22.656 0.78125 0.22769
-22.656 1.5625 0.14234
-22.656 2.3438 -0.0060542
-22.656 3.125 -0.14168
-22.656 3.9063 -0.26525
-22.656 4.6875 -0.26844
-22.656 5.4688 -0.10921
-22.656 6.25 0.01857
-22.656 7.0313 0.02043
-22.656 7.8125 -0.015554
-22.656 8.5938 -0.029825
-22.656 9.375 -0.038975
-22.656 10.156 -0.0056991
-22.656 10.938 0.052339
-22.656 11.719 0.15366
-22.656 12.5 0.12312
-22.656 13.281 0.066582
-22.656 14.063 -0.00901
-22.656 14.844 0.0072134
-22.656 15.625 0.073011
-22.656 16.406 0.14647
-22.656 17.188 0.1528
-22.656 17.969 0.14271
-22.656 18.75 0.13543
-22.656 19.531 0.10292
-22.656 20.313 0.098835
-22.656 21.094 0.1259
-22.656 21.875 0.038959
-22.656 22.656 -0.07836
-22.656 23.438 -0.11313
-22.656 24.219 -0.10623
-22.656 25 -0.1259
-21.875 -24.219 -0.16165
-21.875 -23.438 -0.20132
-21.875 -22.656 -0.22688
-21.875 -21.875 -0.15255
-21.875 -21.094 -0.097719
-21.875 -20.313 0.012933
-21.875 -19.531 0.086866
-21.875 -18.75 0.1479
-21.875 -17.969 0.073279
-21.875 -17.188 -0.010223
-21.875 -16.406 -0.063594
-21.875 -15.625 -0.12659
-21.875 -14.844 -0.11019
-21.875 -14.063 -0.10195
-21.875 -13.281 -0.083928
-21.875 -12.5 -0.075678
-21.875 -11.719 -0.044298
-21.875 -10.938 0.10488
-21.875 -10.156 0.16314
-21.875 -9.375 0.19606
-21.875 -8.5938 0.24676
-21.875 -7.8125 0.17453
-21.875 -7.0313 0.11658
-21.875 -6.25 0.068909
-21.875 -5.4688 0.038492
-21.875 -4.6875 -0.0045624
-21.875 -3.9063 -0.0036773
-21.875 -3.125 -0.044561
-21.875 -2.3438 -0.048765
-21.875 -1.5625 0.034479
-21.875 -0.78125 0.14194
-21.875 0 0.25251
-21.875 0.78125 0.2563
-21.875 1.5625 0.13826
-21.875 2.3438 -0.045778
-21.875 3.125 -0.18436
-21.875 3.9063 -0.28294
-21.875 4.6875 -0.24939
-21.875 5.4688 -0.082293
-21.875 6.25 0.019972
-21.875 7.0313 0.0024708
-21.875 7.8125 0.004187
-21.875 8.5938 0.0084486
-21.875 9.375 -0.0055787
-21.875 10.156 -0.0027708
-21.875 10.938 0.055399
-21.875 11.719 0.15095
-21.875 12.5 0.1597
-21.875 13.281 0.10276
-21.875 14.063 -0.012893
-21.875 14.844 -0.040111
-21.875 15.625 0.055268
-21.875 16.406 0.14788
-21.875 17.188 0.17751
-21.875 17.969 0.15725
-21.875 18.75 0.1457
-21.875 19.531 0.11138
-21.875 20.313 0.13983
-21.875 21.094 0.089437
-21.875 21.875 -0.0027647
-21.875 22.656 -0.1038
-21.875 23.438 -0.14239
-21.875 24.219 -0.1146
-21.875 25 -0.14233
-21.094 -24.219 -0.095309
-21.094 -23.438 -0.14294
-21.094 -22.656 -0.19832
-21.094 -21.875 -0.15149
-21.094 -21.094 -0.099677
-21.094 -20.313 0.00020051
-21.094 -19.531 0.11933
-21.094 -18.75 0.11655
-21.094 -17.969 0.07548
-21.094 -17.188 0.0084833
-21.094 -16.406 -0.073595
-21.094 -15.625 -0.095617
-21.094 -14.844 -0.088374
-21.094 -14.063 -0.066607
-21.094 -13.281 -0.046007
-21.094 -12.5 -0.021566
-21.094 -11.719 -0.026914
-21.094 -10.938 0.052739
-21.094 -10.156 0.12616
-21.094 -9.375 0.18271
-21.094 -8.5938 0.23242
-21.094 -7.8125 0.11435
-21.094 -7.0313 0.0093415
-21.094 -6.25 0.0071187
-21.094 -5.4688 -0.0084689
-21.094 -4.6875 -0.026918
-21.094 -3.9063 0.0067641
-21.094 -3.125 -0.018558
-21.094 -2.3438 -0.0013839
-21.094 -1.5625 0.10267
-21.094 -0.78125 0.20765
-21.094 0 0.26067
-21.094 0.78125 0.22037
-21.094 1.5625 0.11286
-21.094 2.3438 -0.096043
-21.094 3.125 -0.19748
-21.094 3.9063 -0.27011
-21.094 4.6875 -0.23095
-21.094 5.4688 -0.074074
-21.094 6.25 -0.059562
-21.094 7.0313 -0.027617
-21.094 7.8125 -0.022907
-21.094 8.5938 -0.0090465
-21.094 9.375 -0.0050165
-21.094 10.156 0.037145
-21.094 10.938 0.079112
-21.094 11.719 0.095197
-21.094 12.5 0.097607
-21.094 13.281 0.035264
-21.094 14.063 -0.08069
-21.094 14.844 -0.080041
-21.094 15.625 -0.032073
-21.094 16.406 0.14287
-21.094 17.188 0.2237
-21.094 17.969 0.20381
-21.094 18.75 0.16873
-21.094 19.531 0.17776
-21.094 20.313 0.12277
-21.094 21.094 0.027895
-21.094 21.875 -0.090698
-21.094 22.656 -0.1383
-21.094 23.438 -0.15782
-21.094 24.219 -0.12431
-21.094 25 -0.0826
-20.313 -24.219 -0.068822
-20.313 -23.438 -0.10667
-20.313 -22.656 -0.14159
-20.313 -21.875 -0.13514
-20.313 -21.094 -0.057407
-20.313 -20.313 -0.018971
-20.313 -19.531 0.11488
-20.313 -18.75 0.097812
-20.313 -17.969 0.04173
-20.313 -17.188 0.033984
-20.313 -16.406 -0.051745
-20.313 -15.625 -0.065332
-20.313 -14.844 -0.077518
-20.313 -14.063 -0.05823
-20.313 -13.281 -0.016138
-20.313 -12.5 -0.031672
-20.313 -11.719 0.0040567
-20.313 -10.938 0.063892
-20.313 -10.156 0.10301
-20.313 -9.375 0.10276
-20.313 -8.5938 0.16765
-20.313 -7.8125 0.12138
-20.313 -7.0313 -0.008185
-20.313 -6.25 -0.035274
-20.313 -5.4688 -0.091727
-20.313 -4.6875 -0.043007
-20.313 -3.9063 0.017028
-20.313 -3.125 0.0099781
-20.313 -2.3438 0.050849
-20.313 -1.5625 0.12092
-20.313 -0.78125 0.23479
-20.313 0 0.24777
-20.313 0.78125 0.20479
-20.313 1.5625 0.083672
-20.313 2.3438 -0.13004
-20.313 3.125 -0.24787
-20.313 3.9063 -0.26167
-20.313 4.6875 -0.25609
-20.313 5.4688 -0.16328
-20.313 6.25 -0.095748
-20.313 7.0313 -0.1116
-20.313 7.8125 -0.065082
-20.313 8.5938 -0.010661
-20.313 9.375 0.056391
-20.313 10.156 0.070721
-20.313 10.938 0.10539
-20.313 11.719 0.049788
-20.313 12.5 -0.020666
-20.313 13.281 -0.056589
-20.313 14.063 -0.10889
-20.313 14.844 -0.044683
-20.313 15.625 -0.0095461
-20.313 16.406 0.1302
-20.313 17.188 0.26753
-20.313 17.969 0.25807
-20.313 18.75 0.22617
-20.313 19.531 0.21337
-20.313 20.313 0.095981
-20.313 21.094 -0.054613
-20.313 21.875 -0.10563
-20.313 22.656 -0.12948
-20.313 23.438 -0.12325
-20.313 24.219 -0.1092
-20.313 25 -0.071779
-19.531 -24.219 -0.023795
-19.531 -23.438 -0.097806
-19.531 -22.656 -0.084149
-19.531 -21.875 -0.09053
-19.531 -21.094 -0.059386
-19.531 -20.313 -0.010383
-19.531 -19.531 0.03513
-19.531 -18.75 0.056105
-19.531 -17.969 0.026099
-19.531 -17.188 0.002824
-19.531 -16.406 -0.024142
-19.531 -15.625 -0.047564
-19.531 -14.844 -0.10035
-19.531 -14.063 -0.058943
-19.531 -13.281 0.0002587
-19.531 -12.5 -0.033039
-19.531 -11.719 -0.03324
-19.531 -10.938 0.0028058
-19.531 -10.156 0.047603
-19.531 -9.375 0.053219
-19.531 -8.5938 0.062367
-19.531 -7.8125 0.084593
-19.531 -7.0313 -0.0074748
-19.531 -6.25 -0.092891
-19.531 -5.4688 -0.15377
-19.531 -4.6875 -0.076008
-19.531 -3.9063 -0.022135
-19.531 -3.125 0.041513
-19.531 -2.3438 0.016986
-19.531 -1.5625 0.12986
-19.531 -0.78125 0.19392
-19.531 0 0.25706
-19.531 0.78125 0.18691
-19.531 1.5625 0.020821
-19.531 2.3438 -0.14433
-19.531 3.125 -0.23958
-19.531 3.9063 -0.30282
-19.531 4.6875 -0.24431
-19.531 5.4688 -0.21323
-19.531 6.25 -0.14912
-19.531 7.0313 -0.17721
-19.531 7.8125 -0.1247
-19.531 8.5938 0.00071701
-19.531 9.375 0.16416
-19.531 10.156 0.15099
-19.531 10.938 0.1223
-19.531 11.719 0.073896
-19.531 12.5 -0.036847
-19.531 13.281 -0.12919
-19.531 14.063 -0.10598
-19.531 14.844 -0.040228
-19.531 15.625 -0.0078336
-19.531 16.406 0.11054
-19.531 17.188 0.28338
-19.531 17.969 0.35108
-19.531 18.75 0.26085
-19.531 19.531 0.15154
-19.531 20.313 0.013705
-19.531 21.094 -0.062636
-19.531 21.875 -0.10922
-19.531 22.656 -0.10075
-19.531 23.438 -0.12007
-19.531 24.219 -0.077684
-19.531 25 -0.0080745
-18.75 -24.219 0.04242
-18.75 -23.438 0.023822
-18.75 -22.656 0.009374
-18.75 -21.875 -0.028218
-18.75 -21.094 -0.038924
-18.75 -20.313 -0.018529
-18.75 -19.531 0.034873
-18.75 -18.75 0.028508
-18.75 -17.969 -0.0017397
-18.75 -17.188 -0.059666
-18.75 -16.406 -0.046256
-18.75 -15.625 -0.050896
-18.75 -14.844 -0.10271
-18.75 -14.063 -0.016998
-18.75 -13.281 0.056536
-18.75 -12.5 0.023913
-18.75 -11.719 -0.03753
-18.75 -10.938 -0.092612
-18.75 -10.156 -0.090395
-18.75 -9.375 -0.0057979
-18.75 -8.5938 0.0306
-18.75 -7.8125 -0.010737
-18.75 -7.0313 -0.07825
-18.75 -6.25 -0.1064
-18.75 -5.4688 -0.14909
-18.75 -4.6875 -0.072992
-18.75 -3.9063 -0.038012
-18.75 -3.125 0.0099923
-18.75 -2.3438 -0.0016374
-18.75 -1.5625 0.097108
-18.75 -0.78125 0.13902
-18.75 0 0.1836
-18.75 0.78125 0.14673
-18.75 1.5625 0.014181
-18.75 2.3438 -0.11138
-18.75 3.125 -0.24916
-18.75 3.9063 -0.33612
-18.75 4.6875 -0.30335
-18.75 5.4688 -0.27326
-18.75 6.25 -0.20956
-18.75 7.0313 -0.20321
-18.75 7.8125 -0.13057
-18.75 8.5938 0.060202
-18.75 9.375 0.23539
-18.75 10.156 0.15546
-18.75 10.938 0.13149
-18.75 11.719 0.022294
-18.75 12.5 -0.063485
-18.75 13.281 -0.14605
-18.75 14.063 -0.13554
-18.75 14.844 -0.075357
-18.75 15.625 -0.0021596
-18.75 16.406 0.15754
-18.75 17.188 0.30902
-18.75 17.969 0.38704
-18.75 18.75 0.21808
-18.75 19.531 0.075366
-18.75 20.313 -0.0073916
-18.75 21.094 -0.083952
-18.75 21.875 -0.085218
-18.75 22.656 -0.063263
-18.75 23.438 -0.11325
-18.75 24.219 -0.090441
-18.75 25 -0.022756
-17.969 -24.219 0.054686
-17.969 -23.438 0.12095
-17.969 -22.656 0.10364
-17.969 -21.875 0.047425
-17.969 -21.094 0.0019508
-17.969 -20.313 0.0052927
-17.969 -19.531 0.023584
-17.969 -18.75 0.033378
-17.969 -17.969 -0.0060839
-17.969 -17.188 -0.13168
-17.969 -16.406 -0.10047
-17.969 -15.625 -0.069618
-17.969 -14.844 -0.018231
-17.969 -14.063 0.061584
-17.969 -13.281 0.10821
-17.969 -12.5 0.029931
-17.969 -11.719 -0.025023
-17.969 -10.938 -0.12142
-17.969 -10.156 -0.10473
-17.969 -9.375 -0.076953
-17.969 -8.5938 -0.013484
-17.969 -7.8125 -0.061442
-17.969 -7.0313 -0.12131
-17.969 -6.25 -0.13374
-17.969 -5.4688 -0.10294
-17.969 -4.6875 -0.068077
-17.969 -3.9063 -0.044721
-17.969 -3.125 -0.091127
-17.969 -2.3438 -0.080661
-17.969 -1.5625 -0.02075
-17.969 -0.78125 0.08272
-17.969 0 0.12582
-17.969 0.78125 0.11983
-17.969 1.5625 0.019509
-17.969 2.3438 -0.096586
-17.969 3.125 -0.21066
-17.969 3.9063 -0.26425
-17.969 4.6875 -0.32936
-17.969 5.4688 -0.31501
-17.969 6.25 -0.22272
-17.969 7.0313 -0.20769
-17.969 7.8125 -0.10975
-17.969 8.5938 0.061367
-17.969 9.375 0.15678
-17.969 10.156 0.13187
-17.969 10.938 0.090956
-17.969 11.719 -0.0099508
-17.969 12.5 -0.042223
-17.969 13.281 -0.092959
-17.969 14.063 -0.1494
-17.969 14.844 -0.10158
-17.969 15.625 0.02313
-17.969 16.406 0.19252
-17.969 17.188 0.30167
-17.969 17.969 0.33128
-17.969 18.75 0.16829
-17.969 19.531 0.073349
-17.969 20.313 -0.017999
-17.969 21.094 -0.1123
-17.969 21.875 -0.049004
-17.969 22.656 -0.029744
-17.969 23.438 -0.12287
-17.969 24.219 -0.1327
-17.969 25 -0.031703
-17.188 -24.219 0.095339
-17.188 -23.438 0.18083
-17.188 -22.656 0.15581
-17.188 -21.875 0.060495
-17.188 -21.094 -0.021998
-17.188 -20.313 -0.011532
-17.188 -19.531 0.020836
-17.188 -18.75 0.013496
-17.188 -17.969 0.010944
-17.188 -17.188 -0.094
-17.188 -16.406 -0.070491
-17.188 -15.625 -0.015814
-17.188 -14.844 0.04022
-17.188 -14.063 0.11671
-17.188 -13.281 0.14246
-17.188 -12.5 0.056588
-17.188 -11.719 -0.076521
-17.188 -10.938 -0.11861
-17.188 -10.156 -0.10095
-17.188 -9.375 -0.16527
-17.188 -8.5938 -0.10942
-17.188 -7.8125 -0.086662
-17.188 -7.0313 -0.11915
-17.188 -6.25 -0.08893
-17.188 -5.4688 -0.049092
-17.188 -4.6875 -0.063267
-17.188 -3.9063 -0.079326
-17.188 -3.125 -0.094632
-17.188 -2.3438 -0.11868
-17.188 -1.5625 -0.065193
-17.188 -0.78125 0.021884
-17.188 0 0.062103
-17.188 0.78125 0.0942
-17.188 1.5625 0.034469
-17.188 2.3438 -0.13496
-17.188 3.125 -0.178
-17.188 3.9063 -0.25704
-17.188 4.6875 -0.28978
-17.188 5.4688 -0.32504
-17.188 6.25 -0.2286
-17.188 7.0313 -0.1286
-17.188 7.8125 -0.031263
-17.188 8.5938 0.030539
-17.188 9.375 0.10336
-17.188 10.156 0.11348
-17.188 10.938 0.046168
-17.188 11.719 0.004663
-17.188 12.5 -0.01581
-17.188 13.281 -0.0965
-17.188 14.063 -0.11295
-17.188 14.844 -0.092292
-17.188 15.625 0.031543
-17.188 16.406 0.21905
-17.188 17.188 0.24384
-17.188 17.969 0.27638
-17.188 18.75 0.13792
-17.188 19.531 0.0813
-17.188 20.313 -0.036371
-17.188 21.094 -0.07866
-17.188 21.875 -0.061528
-17.188 22.656 -0.045784
-17.188 23.438 -0.14643
-17.188 24.219 -0.11362
-17.188 25 -0.02676
-16.406 -24.219 0.09601
-16.406 -23.438 0.15143
-16.406 -22.656 0.11495
-16.406 -21.875 0.029312
-16.406 -21.094 -0.029835
-16.406 -20.313 -0.0065155
-16.406 -19.531 0.036884
-16.406 -18.75 -0.031438
-16.406 -17.969 0.014047
-16.406 -17.188 -0.088172
-16.406 -16.406 -0.055341
-16.406 -15.625 0.0052583
-16.406 -14.844 0.095243
-16.406 -14.063 0.14231
-16.406 -13.281 0.13715
-16.406 -12.5 0.01226
-16.406 -11.719 -0.05251
-16.406 -10.938 -0.06492
-16.406 -10.156 -0.13001
-16.406 -9.375 -0.22994
-16.406 -8.5938 -0.13734
-16.406 -7.8125 -0.10636
-16.406 -7.0313 -0.11829
-16.406 -6.25 -0.052139
-16.406 -5.4688 -0.06607
-16.406 -4.6875 -0.061995
-16.406 -3.9063 -0.080126
-16.406 -3.125 -0.084457
-16.406 -2.3438 -0.063864
-16.406 -1.5625 -0.06489
-16.406 -0.78125 0.010892
-16.406 0 0.038703
-16.406 0.78125 0.11117
-16.406 1.5625 0.0092863
-16.406 2.3438 -0.13743
-16.406 3.125 -0.20496
-16.406 3.9063 -0.23396
-16.406 4.6875 -0.23281
-16.406 5.4688 -0.28299
-16.406 6.25 -0.16836
-16.406 7.0313 -0.049677
-16.406 7.8125 0.0181
-16.406 8.5938 0.082302
-16.406 9.375 0.065952
-16.406 10.156 0.064704
-16.406 10.938 0.060637
-16.406 11.719 0.039267
-16.406 12.5 -0.02593
-16.406 13.281 -0.1298
-16.406 14.063 -0.15324
-16.406 14.844 -0.066011
-16.406 15.625 0.080098
-16.406 16.406 0.22784
-16.406 17.188 0.25081
-16.406 17.969 0.29049
-16.406 18.75 0.12968
-16.406 19.531 0.056963
-16.406 20.313 -0.019973
-16.406 21.094 -0.088227
-16.406 21.875 -0.076745
-16.406 22.656 -0.065547
-16.406 23.438 -0.12685
-16.406 24.219 -0.10662
-16.406 25 0.014656
-15.625 -24.219 0.13929
-15.625 -23.438 0.15734
-15.625 -22.656 0.073137
-15.625 -21.875 -0.022634
-15.625 -21.094 -0.063872
-15.625 -20.313 -0.020252
-15.625 -19.531 0.018694
-15.625 -18.75 -0.061782
-15.625 -17.969 -0.052312
-15.625 -17.188 -0.027632
-15.625 -16.406 -0.031032
-15.625 -15.625 0.053929
-15.625 -14.844 0.14864
-15.625 -14.063 0.048801
-15.625 -13.281 0.02685
-15.625 -12.5 -0.022277
-15.625 -11.719 -0.017168
-15.625 -10.938 -0.047032
-15.625 -10.156 -0.10806
-15.625 -9.375 -0.24166
-15.625 -8.5938 -0.1905
-15.625 -7.8125 -0.12938
-15.625 -7.0313 -0.1103
-15.625 -6.25 -0.061634
-15.625 -5.4688 -0.025089
-15.625 -4.6875 -0.059948
-15.625 -3.9063 -0.10115
-15.625 -3.125 -0.12899
-15.625 -2.3438 -0.10421
-15.625 -1.5625 -0.091554
-15.625 -0.78125 0.034206
-15.625 0 0.089182
-15.625 0.78125 0.092668
-15.625 1.5625 -0.0088325
-15.625 2.3438 -0.17155
-15.625 3.125 -0.20417
-15.625 3.9063 -0.17966
-15.625 4.6875 -0.18622
-15.625 5.4688 -0.26261
-15.625 6.25 -0.14499
-15.625 7.0313 -0.025515
-15.625 7.8125 0.022965
-15.625 8.5938 0.054934
-15.625 9.375 0.047654
-15.625 10.156 0.050543
-15.625 10.938 -0.0024288
-15.625 11.719 -0.020252
-15.625 12.5 -0.029886
-15.625 13.281 -0.12074
-15.625 14.063 -0.12185
-15.625 14.844 0.00028716
-15.625 15.625 0.14773
-15.625 16.406 0.24526
-15.625 17.188 0.23957
-15.625 17.969 0.2697
-15.625 18.75 0.14898
-15.625 19.531 0.011958
-15.625 20.313 -0.026618
-15.625 21.094 -0.097099
-15.625 21.875 -0.10616
-15.625 22.656 -0.083514
-15.625 23.438 -0.1107
-15.625 24.219 -0.094926
-15.625 25 0.062472
-14.844 -24.219 0.1142
-14.844 -23.438 0.19337
-14.844 -22.656 0.060788
-14.844 -21.875 -0.073679
-14.844 -21.094 -0.13383
-14.844 -20.313 -0.086374
-14.844 -19.531 -0.10987
-14.844 -18.75 -0.030003
-14.844 -17.969 -0.052084
-14.844 -17.188 -0.0083173
-14.844 -16.406 0.01424
-14.844 -15.625 0.092563
-14.844 -14.844 0.12378
-14.844 -14.063 0.0084198
-14.844 -13.281 -0.10987
-14.844 -12.5 -0.025479
-14.844 -11.719 -0.0016968
-14.844 -10.938 -0.037773
-14.844 -10.156 -0.14801
-14.844 -9.375 -0.18777
-14.844 -8.5938 -0.15283
-14.844 -7.8125 -0.12851
-14.844 -7.0313 -0.088497
-14.844 -6.25 -0.053336
-14.844 -5.4688 -0.03369
-14.844 -4.6875 -0.09734
-14.844 -3.9063 -0.13286
-14.844 -3.125 -0.157
-14.844 -2.3438 -0.11277
-14.844 -1.5625 -0.011884
-14.844 -0.78125 0.084952
-14.844 0 0.12541
-14.844 0.78125 0.066546
-14.844 1.5625 -0.039715
-14.844 2.3438 -0.14269
-14.844 3.125 -0.17646
-14.844 3.9063 -0.16674
-14.844 4.6875 -0.16821
-14.844 5.4688 -0.16575
-14.844 6.25 -0.11318
-14.844 7.0313 -0.055982
-14.844 7.8125 0.070552
-14.844 8.5938 0.11274
-14.844 9.375 0.034981
-14.844 10.156 -0.0033773
-14.844 10.938 -0.048864
-14.844 11.719 -0.078203
-14.844 12.5 -0.042279
-14.844 13.281 -0.081656
-14.844 14.063 -0.083404
-14.844 14.844 0.012372
-14.844 15.625 0.12403
-14.844 16.406 0.23726
-14.844 17.188 0.2467
-14.844 17.969 0.21173
-14.844 18.75 0.11551
-14.844 19.531 0.010191
-14.844 20.313 -0.070528
-14.844 21.094 -0.14167
-14.844 21.875 -0.17222
-14.844 22.656 -0.13884
-14.844 23.438 -0.10317
-14.844 24.219 -0.013183
-14.844 25 0.061815
-14.063 -24.219 0.096447
-14.063 -23.438 0.15085
-14.063 -22.656 0.03181
-14.063 -21.875 -0.11944
-14.063 -21.094 -0.20102
-14.063 -20.313 -0.089551
-14.063 -19.531 -0.11303
-14.063 -18.75 -0.079163
-14.063 -17.969 -0.062343
-14.063 -17.188 -0.0028696
-14.063 -16.406 0.054094
-14.063 -15.625 0.05865
-14.063 -14.844 0.0557
-14.063 -14.063 0.0088388
-14.063 -13.281 -0.066613
-14.063 -12.5 -0.029054
-14.063 -11.719 -0.0047572
-14.063 -10.938 -0.11261
-14.063 -10.156 -0.17576
-14.063 -9.375 -0.14421
-14.063 -8.5938 -0.059826
-14.063 -7.8125 -0.0042096
-14.063 -7.0313 9.3952e-05
-14.063 -6.25 -0.056519
-14.063 -5.4688 -0.082526
-14.063 -4.6875 -0.17763
-14.063 -3.9063 -0.22484
-14.063 -3.125 -0.21149
-14.063 -2.3438 -0.10411
-14.063 -1.5625 -0.0072745
-14.063 -0.78125 0.085845
-14.063 0 0.16353
-14.063 0.78125 0.10014
-14.063 1.5625 -0.0071722
-14.063 2.3438 -0.072636
-14.063 3.125 -0.13256
-14.063 3.9063 -0.12747
-14.063 4.6875 -0.19084
-14.063 5.4688 -0.16298
-14.063 6.25 -0.14322
-14.063 7.0313 -0.087166
-14.063 7.8125 0.056806
-14.063 8.5938 0.080132
-14.063 9.375 0.023722
-14.063 10.156 -0.035328
-14.063 10.938 -0.032453
-14.063 11.719 -0.037987
-14.063 12.5 -0.0088949
-14.063 13.281 -0.028292
-14.063 14.063 -0.028182
-14.063 14.844 0.025596
-14.063 15.625 0.091117
-14.063 16.406 0.19104
-14.063 17.188 0.3055
-14.063 17.969 0.26145
-14.063 18.75 0.10047
-14.063 19.531 -0.075313
-14.063 20.313 -0.14938
-14.063 21.094 -0.19315
-14.063 21.875 -0.19934
-14.063 22.656 -0.16441
-14.063 23.438 -0.070841
-14.063 24.219 0.012569
-14.063 25 0.081665
-13.281 -24.219 0.073842
-13.281 -23.438 0.065874
-13.281 -22.656 -0.067672
-13.281 -21.875 -0.21926
-13.281 -21.094 -0.23538
-13.281 -20.313 -0.13018
-13.281 -19.531 -0.0751
-13.281 -18.75 -0.079976
-13.281 -17.969 -0.044955
-13.281 -17.188 0.054531
-13.281 -16.406 0.019126
-13.281 -15.625 -0.0049197
-13.281 -14.844 -0.00061213
-13.281 -14.063 -0.035556
-13.281 -13.281 -0.02435
-13.281 -12.5 0.010188
-13.281 -11.719 -0.084799
-13.281 -10.938 -0.13345
-13.281 -10.156 -0.14699
-13.281 -9.375 -0.087818
-13.281 -8.5938 -0.019819
-13.281 -7.8125 -0.0052792
-13.281 -7.0313 0.031216
-13.281 -6.25 -0.030155
-13.281 -5.4688 -0.11576
-13.281 -4.6875 -0.22687
-13.281 -3.9063 -0.29206
-13.281 -3.125 -0.27235
-13.281 -2.3438 -0.1759
-13.281 -1.5625 -0.038807
-13.281 -0.78125 0.020823
-13.281 0 0.11794
-13.281 0.78125 0.097197
-13.281 1.5625 0.0073413
-13.281 2.3438 -0.040767
-13.281 3.125 -0.10149
-13.281 3.9063 -0.10741
-13.281 4.6875 -0.19082
-13.281 5.4688 -0.22397
-13.281 6.25 -0.16403
-13.281 7.0313 -0.11384
-13.281 7.8125 -0.022197
-13.281 8.5938 0.007594
-13.281 9.375 -0.05525
-13.281 10.156 -0.067724
-13.281 10.938 -0.036064
-13.281 11.719 -0.023178
-13.281 12.5 0.027116
-13.281 13.281 0.063626
-13.281 14.063 0.017069
-13.281 14.844 0.041616
-13.281 15.625 0.090987
-13.281 16.406 0.24584
-13.281 17.188 0.33983
-13.281 17.969 0.27203
-13.281 18.75 0.083131
-13.281 19.531 -0.075849
-13.281 20.313 -0.15048
-13.281 21.094 -0.22083
-13.281 21.875 -0.20171
-13.281 22.656 -0.12057
-13.281 23.438 -0.0037043
-13.281 24.219 0.049395
-13.281 25 0.12329
-12.5 -24.219 0.064749
-12.5 -23.438 -0.034364
-12.5 -22.656 -0.12393
-12.5 -21.875 -0.27603
-12.5 -21.094 -0.27894
-12.5 -20.313 -0.18476
-12.5 -19.531 -0.058084
-12.5 -18.75 0.013575
-12.5 -17.969 0.0090284
-12.5 -17.188 0.098432
-12.5 -16.406 0.023559
-12.5 -15.625 -0.045728
-12.5 -14.844 -0.0431
-12.5 -14.063 -0.083645
-12.5 -13.281 -0.057637
-12.5 -12.5 -0.023829
-12.5 -11.719 -0.10861
-12.5 -10.938 -0.10764
-12.5 -10.156 -0.065136
-12.5 -9.375 -0.028936
-12.5 -8.5938 0.023962
-12.5 -7.8125 0.040477
-12.5 -7.0313 0.067114
-12.5 -6.25 -0.011779
-12.5 -5.4688 -0.097643
-12.5 -4.6875 -0.20907
-12.5 -3.9063 -0.23792
-12.5 -3.125 -0.2075
-12.5 -2.3438 -0.13752
-12.5 -1.5625 -0.019088
-12.5 -0.78125 0.0038461
-12.5 0 0.06409
-12.5 0.78125 0.097327
-12.5 1.5625 0.025235
-12.5 2.3438 -0.054638
-12.5 3.125 -0.079222
-12.5 3.9063 -0.092626
-12.5 4.6875 -0.13201
-12.5 5.4688 -0.16761
-12.5 6.25 -0.11
-12.5 7.0313 -0.079898
-12.5 7.8125 -0.060868
-12.5 8.5938 -0.076982
-12.5 9.375 -0.077899
-12.5 10.156 -0.026148
-12.5 10.938 -0.00023258
-12.5 11.719 -0.0042681
-12.5 12.5 0.045259
-12.5 13.281 0.07272
-12.5 14.063 0.050992
-12.5 14.844 0.0098337
-12.5 15.625 0.10888
-12.5 16.406 0.32756
-12.5 17.188 0.34983
-12.5 17.969 0.19437
-12.5 18.75 0.071371
-12.5 19.531 -0.068188
-12.5 20.313 -0.16187
-12.5 21.094 -0.21481
-12.5 21.875 -0.15231
-12.5 22.656 -0.024152
-12.5 23.438 0.058319
-12.5 24.219 0.11054
-12.5 25 0.15748
-11.719 -24.219 0.054375
-11.719 -23.438 -0.068948
-11.719 -22.656 -0.16677
-11.719 -21.875 -0.24869
-11.719 -21.094 -0.28999
-11.719 -20.313 -0.19676
-11.719 -19.531 -0.066927
-11.719 -18.75 0.039047
-11.719 -17.969 0.043673
-11.719 -17.188 0.067945
-11.719 -16.406 0.0021352
-11.719 -15.625 -0.074555
-11.719 -14.844 -0.11512
-11.719 -14.063 -0.12046
-11.719 -13.281 -0.09646
-11.719 -12.5 -0.1184
-11.719 -11.719 -0.10506
-11.719 -10.938 -0.10868
-11.719 -10.156 -0.043133
-11.719 -9.375 -0.014418
-11.719 -8.5938 0.0022405
-11.719 -7.8125 -0.0041341
-11.719 -7.0313 -0.0015219
-11.719 -6.25 -0.053312
-11.719 -5.4688 -0.16316
-11.719 -4.6875 -0.18162
-11.719 -3.9063 -0.20537
-11.719 -3.125 -0.14964
-11.719 -2.3438 -0.12874
-11.719 -1.5625 -0.073534
-11.719 -0.78125 -0.069356
-11.719 0 -0.02086
-11.719 0.78125 0.03786
-11.719 1.5625 0.038713
-11.719 2.3438 -0.078884
-11.719 3.125 -0.064158
-11.719 3.9063 -0.093567
-11.719 4.6875 -0.11584
-11.719 5.4688 -0.13657
-11.719 6.25 -0.13039
-11.719 7.0313 -0.12491
-11.719 7.8125 -0.13771
-11.719 8.5938 -0.16848
-11.719 9.375 -0.07795
-11.719 10.156 0.0088143
-11.719 10.938 0.031548
-11.719 11.719 0.032284
-11.719 12.5 0.037302
-11.719 13.281 0.067003
-11.719 14.063 0.082488
-11.719 14.844 0.058983
-11.719 15.625 0.15168
-11.719 16.406 0.32451
-11.719 17.188 0.31938
-11.719 17.969 0.12846
-11.719 18.75 0.053046
-11.719 19.531 -0.078392
-11.719 20.313 -0.12752
-11.719 21.094 -0.11395
-11.719 21.875 -0.067517
-11.719 22.656 0.018484
-11.719 23.438 0.079768
-11.719 24.219 0.13608
-11.719 25 0.13296
-10.938 -24.219 -0.014084
-10.938 -23.438 -0.11754
-10.938 -22.656 -0.18533
-10.938 -21.875 -0.25891
-10.938 -21.094 -0.28714
-10.938 -20.313 -0.18841
-10.938 -19.531 -0.073547
-10.938 -18.75 -0.0092297
-10.938 -17.969 0.032674
-10.938 -17.188 0.059311
-10.938 -16.406 -0.05961
-10.938 -15.625 -0.097809
-10.938 -14.844 -0.13265
-10.938 -14.063 -0.12547
-10.938 -13.281 -0.10989
-10.938 -12.5 -0.12474
-10.938 -11.719 -0.13605
-10.938 -10.938 -0.12547
-10.938 -10.156 -0.12644
-10.938 -9.375 -0.10159
-10.938 -8.5938 -0.058067
-10.938 -7.8125 -0.026575
-10.938 -7.0313 -0.06098
-10.938 -6.25 -0.10437
-10.938 -5.4688 -0.17315
-10.938 -4.6875 -0.18887
-10.938 -3.9063 -0.21842
-10.938 -3.125 -0.18203
-10.938 -2.3438 -0.11105
-10.938 -1.5625 -0.1346
-10.938 -0.78125 -0.11716
-10.938 0 -0.070261
-10.938 0.78125 0.02295
-10.938 1.5625 0.049272
-10.938 2.3438 -0.03088
-10.938 3.125 -0.076797
-10.938 3.9063 -0.12305
-10.938 4.6875 -0.16631
-10.938 5.4688 -0.21556
-10.938 6.25 -0.18442
-10.938 7.0313 -0.15815
-10.938 7.8125 -0.17179
-10.938 8.5938 -0.094549
-10.938 9.375 -0.03173
-10.938 10.156 0.00135
-10.938 10.938 -0.020199
-10.938 11.719 0.01003
-10.938 12.5 0.050018
-10.938 13.281 0.057492
-10.938 14.063 0.027398
-10.938 14.844 0.086612
-10.938 15.625 0.18711
-10.938 16.406 0.26965
-10.938 17.188 0.24861
-10.938 17.969 0.13603
-10.938 18.75 -0.020315
-10.938 19.531 -0.12248
-10.938 20.313 -0.11899
-10.938 21.094 -0.038663
-10.938 21.875 0.0057132
-10.938 22.656 0.050947
-10.938 23.438 0.090069
-10.938 24.219 0.14845
-10.938 25 0.10747
-10.156 -24.219 -0.11066
-10.156 -23.438 -0.16578
-10.156 -22.656 -0.18154
-10.156 -21.875 -0.2254
-10.156 -21.094 -0.25089
-10.156 -20.313 -0.1865
-10.156 -19.531 -0.1001
-10.156 -18.75 -0.044514
-10.156 -17.969 0.015025
-10.156 -17.188 0.037489
-10.156 -16.406 -0.083297
-10.156 -15.625 -0.13475
-10.156 -14.844 -0.10174
-10.156 -14.063 -0.11633
-10.156 -13.281 -0.1367
-10.156 -12.5 -0.15393
-10.156 -11.719 -0.10669
-10.156 -10.938 -0.14452
-10.156 -10.156 -0.13378
-10.156 -9.375 -0.086885
-10.156 -8.5938 0.014257
-10.156 -7.8125 0.049128
-10.156 -7.0313 -0.021218
-10.156 -6.25 -0.12634
-10.156 -5.4688 -0.11353
-10.156 -4.6875 -0.13944
-10.156 -3.9063 -0.19653
-10.156 -3.125 -0.16184
-10.156 -2.3438 -0.13397
-10.156 -1.5625 -0.16636
-10.156 -0.78125 -0.14988
-10.156 0 -0.10946
-10.156 0.78125 0.013522
-10.156 1.5625 0.051022
-10.156 2.3438 -0.027618
-10.156 3.125 -0.086936
-10.156 3.9063 -0.12792
-10.156 4.6875 -0.19448
-10.156 5.4688 -0.24377
-10.156 6.25 -0.2457
-10.156 7.0313 -0.16107
-10.156 7.8125 -0.13072
-10.156 8.5938 -0.039191
-10.156 9.375 -0.041527
-10.156 10.156 -0.077492
-10.156 10.938 -0.10056
-10.156 11.719 -0.064287
-10.156 12.5 -0.0018231
-10.156 13.281 0.050435
-10.156 14.063 0.057733
-10.156 14.844 0.075392
-10.156 15.625 0.12072
-10.156 16.406 0.18891
-10.156 17.188 0.21329
-10.156 17.969 0.087195
-10.156 18.75 -0.083455
-10.156 19.531 -0.14423
-10.156 20.313 -0.1607
-10.156 21.094 -0.11198
-10.156 21.875 -0.0019354
-10.156 22.656 0.059456
-10.156 23.438 0.10063
-10.156 24.219 0.095791
-10.156 25 0.030004
-9.375 -24.219 -0.14229
-9.375 -23.438 -0.13825
-9.375 -22.656 -0.202
-9.375 -21.875 -0.20471
-9.375 -21.094 -0.20674
-9.375 -20.313 -0.15971
-9.375 -19.531 -0.05829
-9.375 -18.75 -0.013425
-9.375 -17.969 -0.0052037
-9.375 -17.188 0.026628
-9.375 -16.406 -0.015976
-9.375 -15.625 -0.14168
-9.375 -14.844 -0.11557
-9.375 -14.063 -0.12419
-9.375 -13.281 -0.22093
-9.375 -12.5 -0.23068
-9.375 -11.719 -0.16262
-9.375 -10.938 -0.18146
-9.375 -10.156 -0.16145
-9.375 -9.375 -0.059919
-9.375 -8.5938 0.064492
-9.375 -7.8125 0.074511
-9.375 -7.0313 0.025047
-9.375 -6.25 -0.11201
-9.375 -5.4688 -0.1269
-9.375 -4.6875 -0.12221
-9.375 -3.9063 -0.17831
-9.375 -3.125 -0.19204
-9.375 -2.3438 -0.19907
-9.375 -1.5625 -0.17744
-9.375 -0.78125 -0.20179
-9.375 0 -0.14379
-9.375 0.78125 0.003
-9.375 1.5625 0.044338
-9.375 2.3438 -0.0045952
-9.375 3.125 -0.067285
-9.375 3.9063 -0.10824
-9.375 4.6875 -0.22169
-9.375 5.4688 -0.25706
-9.375 6.25 -0.24539
-9.375 7.0313 -0.17228
-9.375 7.8125 -0.13527
-9.375 8.5938 -0.038734
-9.375 9.375 -0.053965
-9.375 10.156 -0.091003
-9.375 10.938 -0.09795
-9.375 11.719 -0.060376
-9.375 12.5 -0.056716
-9.375 13.281 0.068625
-9.375 14.063 0.087111
-9.375 14.844 0.061301
-9.375 15.625 0.068608
-9.375 16.406 0.1236
-9.375 17.188 0.11691
-9.375 17.969 0.017071
-9.375 18.75 -0.05804
-9.375 19.531 -0.13226
-9.375 20.313 -0.132
-9.375 21.094 -0.12515
-9.375 21.875 -0.010296
-9.375 22.656 0.09022
-9.375 23.438 0.12217
-9.375 24.219 0.059814
-9.375 25 -0.063467
-8.5938 -24.219 -0.14967
-8.5938 -23.438 -0.16882
-8.5938 -22.656 -0.21569
-8.5938 -21.875 -0.19143
-8.5938 -21.094 -0.22985
-8.5938 -20.313 -0.1782
-8.5938 -19.531 -0.088158
-8.5938 -18.75 -0.033145
-8.5938 -17.969 0.0074129
-8.5938 -17.188 0.055121
-8.5938 -16.406 0.059
-8.5938 -15.625 -0.040754
-8.5938 -14.844 -0.084109
-8.5938 -14.063 -0.14783
-8.5938 -13.281 -0.25909
-8.5938 -12.5 -0.29429
-8.5938 -11.719 -0.23967
-8.5938 -10.938 -0.23997
-8.5938 -10.156 -0.19062
-8.5938 -9.375 -0.028059
-8.5938 -8.5938 0.075403
-8.5938 -7.8125 0.10891
-8.5938 -7.0313 0.060174
-8.5938 -6.25 -0.072882
-8.5938 -5.4688 -0.1549
-8.5938 -4.6875 -0.13454
-8.5938 -3.9063 -0.18766
-8.5938 -3.125 -0.23623
-8.5938 -2.3438 -0.20823
-8.5938 -1.5625 -0.22436
-8.5938 -0.78125 -0.21619
-8.5938 0 -0.085254
-8.5938 0.78125 0.059652
-8.5938 1.5625 0.075958
-8.5938 2.3438 -0.010045
-8.5938 3.125 -0.097257
-8.5938 3.9063 -0.13092
-8.5938 4.6875 -0.19308
-8.5938 5.4688 -0.23313
-8.5938 6.25 -0.23955
-8.5938 7.0313 -0.13188
-8.5938 7.8125 -0.089114
-8.5938 8.5938 -0.038142
-8.5938 9.375 -0.030427
-8.5938 10.156 -0.081932
-8.5938 10.938 -0.12402
-8.5938 11.719 -0.066584
-8.5938 12.5 -0.044232
-8.5938 13.281 0.00027314
-8.5938 14.063 0.038483
-8.5938 14.844 0.075327
-8.5938 15.625 0.05822
-8.5938 16.406 0.076334
-8.5938 17.188 0.012303
-8.5938 17.969 -0.020986
-8.5938 18.75 -0.022061
-8.5938 19.531 -0.0606
-8.5938 20.313 -0.0746
-8.5938 21.094 -0.083288
-8.5938 21.875 0.021965
-8.5938 22.656 0.12702
-8.5938 23.438 0.11929
-8.5938 24.219 0.044497
-8.5938 25 -0.11601
-7.8125 -24.219 -0.17084
-7.8125 -23.438 -0.15574
-7.8125 -22.656 -0.21252
-7.8125 -21.875 -0.24754
-7.8125 -21.094 -0.28204
-7.8125 -20.313 -0.22583
-7.8125 -19.531 -0.14577
-7.8125 -18.75 -0.086723
-7.8125 -17.969 0.0089057
-7.8125 -17.188 0.080933
-7.8125 -16.406 0.11762
-7.8125 -15.625 0.089402
-7.8125 -14.844 -0.050302
-7.8125 -14.063 -0.18027
-7.8125 -13.281 -0.31175
-7.8125 -12.5 -0.34722
-7.8125 -11.719 -0.29123
-7.8125 -10.938 -0.22701
-7.8125 -10.156 -0.15493
-7.8125 -9.375 -0.037938
-7.8125 -8.5938 0.081893
-7.8125 -7.8125 0.058914
-7.8125 -7.0313 -0.005354
-7.8125 -6.25 -0.058462
-7.8125 -5.4688 -0.13883
-7.8125 -4.6875 -0.14412
-7.8125 -3.9063 -0.23425
-7.8125 -3.125 -0.33521
-7.8125 -2.3438 -0.27301
-7.8125 -1.5625 -0.23174
-7.8125 -0.78125 -0.17256
-7.8125 0 -0.024938
-7.8125 0.78125 0.088168
-7.8125 1.5625 0.097923
-7.8125 2.3438 0.010402
-7.8125 3.125 -0.1392
-7.8125 3.9063 -0.18415
-7.8125 4.6875 -0.16685
-7.8125 5.4688 -0.17239
-7.8125 6.25 -0.20634
-7.8125 7.0313 -0.094394
-7.8125 7.8125 -0.087119
-7.8125 8.5938 -0.10155
-7.8125 9.375 -0.08798
-7.8125 10.156 -0.095733
-7.8125 10.938 -0.099013
-7.8125 11.719 -0.11021
-7.8125 12.5 -0.062758
-7.8125 13.281 -0.02307
-7.8125 14.063 0.055705
-7.8125 14.844 0.10329
-7.8125 15.625 0.088081
-7.8125 16.406 0.014753
-7.8125 17.188 -0.041932
-7.8125 17.969 -0.040995
-7.8125 18.75 -0.037205
-7.8125 19.531 -0.047637
-7.8125 20.313 -0.041722
-7.8125 21.094 -0.011859
-7.8125 21.875 0.12318
-7.8125 22.656 0.16578
-7.8125 23.438 0.10829
-7.8125 24.219 0.033799
-7.8125 25 -0.10174
-7.0313 -24.219 -0.15585
-7.0313 -23.438 -0.11522
-7.0313 -22.656 -0.18038
-7.0313 -21.875 -0.32044
-7.0313 -21.094 -0.28491
-7.0313 -20.313 -0.25153
-7.0313 -19.531 -0.15943
-7.0313 -18.75 -0.013061
-7.0313 -17.969 0.074861
-7.0313 -17.188 0.16514
-7.0313 -16.406 0.16741
-7.0313 -15.625 0.11242
-7.0313 -14.844 0.0056305
-7.0313 -14.063 -0.17511
-7.0313 -13.281 -0.37405
-7.0313 -12.5 -0.37176
-7.0313 -11.719 -0.28616
-7.0313 -10.938 -0.18415
-7.0313 -10.156 -0.078698
-7.0313 -9.375 -0.0084775
-7.0313 -8.5938 0.038908
-7.0313 -7.8125 0.05246
-7.0313 -7.0313 0.017297
-7.0313 -6.25 -0.0071983
-7.0313 -5.4688 -0.10544
-7.0313 -4.6875 -0.11803
-7.0313 -3.9063 -0.24988
-7.0313 -3.125 -0.34107
-7.0313 -2.3438 -0.29853
-7.0313 -1.5625 -0.23023
-7.0313 -0.78125 -0.14029
-7.0313 0 -0.028225
-7.0313 0.78125 0.044757
-7.0313 1.5625 0.091356
-7.0313 2.3438 0.056602
-7.0313 3.125 -0.087684
-7.0313 3.9063 -0.12025
-7.0313 4.6875 -0.16352
-7.0313 5.4688 -0.19089
-7.0313 6.25 -0.20922
-7.0313 7.0313 -0.1083
-7.0313 7.8125 -0.062745
-7.0313 8.5938 -0.10615
-7.0313 9.375 -0.087929
-7.0313 10.156 -0.11017
-7.0313 10.938 -0.061475
-7.0313 11.719 -0.079488
-7.0313 12.5 -0.099812
-7.0313 13.281 -0.025748
-7.0313 14.063 0.083153
-7.0313 14.844 0.10164
-7.0313 15.625 0.084803
-7.0313 16.406 -0.04192
-7.0313 17.188 -0.092765
-7.0313 17.969 -0.050662
-7.0313 18.75 -0.063646
-7.0313 19.531 -0.040096
-7.0313 20.313 -0.01157
-7.0313 21.094 0.10773
-7.0313 21.875 0.20331
-7.0313 22.656 0.20413
-7.0313 23.438 0.1084
-7.0313 24.219 -0.020983
-7.0313 25 -0.11129
-6.25 -24.219 -0.11458
-6.25 -23.438 -0.099987
-6.25 -22.656 -0.14925
-6.25 -21.875 -0.2765
-6.25 -21.094 -0.24639
-6.25 -20.313 -0.18558
-6.25 -19.531 -0.10065
-6.25 -18.75 0.028096
-6.25 -17.969 0.12985
-6.25 -17.188 0.17145
-6.25 -16.406 0.10694
-6.25 -15.625 0.08166
-6.25 -14.844 0.036523
-6.25 -14.063 -0.12321
-6.25 -13.281 -0.34071
-6.25 -12.5 -0.38684
-6.25 -11.719 -0.18916
-6.25 -10.938 -0.10707
-6.25 -10.156 -0.024002
-6.25 -9.375 0.034015
-6.25 -8.5938 -0.012739
-6.25 -7.8125 0.037001
-6.25 -7.0313 0.017723
-6.25 -6.25 -0.028993
-6.25 -5.4688 -0.074412
-6.25 -4.6875 -0.11024
-6.25 -3.9063 -0.19481
-6.25 -3.125 -0.25433
-6.25 -2.3438 -0.27486
-6.25 -1.5625 -0.20482
-6.25 -0.78125 -0.13935
-6.25 0 -0.058592
-6.25 0.78125 0.020692
-6.25 1.5625 0.039971
-6.25 2.3438 0.018142
-6.25 3.125 -0.04998
-6.25 3.9063 -0.12245
-6.25 4.6875 -0.17707
-6.25 5.4688 -0.17957
-6.25 6.25 -0.18091
-6.25 7.0313 -0.084081
-6.25 7.8125 -0.076128
-6.25 8.5938 -0.06857
-6.25 9.375 -0.11715
-6.25 10.156 -0.13257
-6.25 10.938 -0.038782
-6.25 11.719 -0.040725
-6.25 12.5 -0.037909
-6.25 13.281 -0.014925
-6.25 14.063 0.087117
-6.25 14.844 0.0719
-6.25 15.625 0.015828
-6.25 16.406 -0.054687
-6.25 17.188 -0.085164
-6.25 17.969 -0.10859
-6.25 18.75 -0.064756
-6.25 19.531 -0.046343
-6.25 20.313 0.018323
-6.25 21.094 0.16369
-6.25 21.875 0.29417
-6.25 22.656 0.25649
-6.25 23.438 0.12623
-6.25 24.219 -0.021974
-6.25 25 -0.10703
-5.4688 -24.219 -0.030115
-5.4688 -23.438 -0.10129
-5.4688 -22.656 -0.13676
-5.4688 -21.875 -0.26936
-5.4688 -21.094 -0.2862
-5.4688 -20.313 -0.13396
-5.4688 -19.531 -0.019147
-5.4688 -18.75 0.094047
-5.4688 -17.969 0.19524
-5.4688 -17.188 0.15727
-5.4688 -16.406 0.061446
-5.4688 -15.625 0.04667
-5.4688 -14.844 0.04706
-5.4688 -14.063 -0.080462
-5.4688 -13.281 -0.27953
-5.4688 -12.5 -0.29439
-5.4688 -11.719 -0.11123
-5.4688 -10.938 -0.045891
-5.4688 -10.156 -0.021579
-5.4688 -9.375 -0.014086
-5.4688 -8.5938 -0.05905
-5.4688 -7.8125 -0.040638
-5.4688 -7.0313 -0.022877
-5.4688 -6.25 0.013918
-5.4688 -5.4688 -0.05169
-5.4688 -4.6875 -0.10456
-5.4688 -3.9063 -0.11852
-5.4688 -3.125 -0.20047
-5.4688 -2.3438 -0.28872
-5.4688 -1.5625 -0.20948
-5.4688 -0.78125 -0.13763
-5.4688 0 -0.095389
-5.4688 0.78125 -0.053937
-5.4688 1.5625 -0.042522
-5.4688 2.3438 -0.029314
-5.4688 3.125 -0.098687
-5.4688 3.9063 -0.16951
-5.4688 4.6875 -0.20544
-5.4688 5.4688 -0.18647
-5.4688 6.25 -0.17932
-5.4688 7.0313 -0.0922
-5.4688 7.8125 -0.060439
-5.4688 8.5938 -0.029474
-5.4688 9.375 -0.14402
-5.4688 10.156 -0.17711
-5.4688 10.938 -0.079916
-5.4688 11.719 -0.043724
-5.4688 12.5 -0.038514
-5.4688 13.281 0.0030742
-5.4688 14.063 0.08468
-5.4688 14.844 0.047298
-5.4688 15.625 -0.0575
-5.4688 16.406 -0.10799
-5.4688 17.188 -0.09983
-5.4688 17.969 -0.067815
-5.4688 18.75 -0.020542
-5.4688 19.531 -0.031756
-5.4688 20.313 0.036677
-5.4688 21.094 0.22083
-5.4688 21.875 0.33691
-5.4688 22.656 0.2679
-5.4688 23.438 0.15853
-5.4688 24.219 0.013666
-5.4688 25 -0.019322
-4.6875 -24.219 0.04481
-4.6875 -23.438 -0.038281
-4.6875 -22.656 -0.18102
-4.6875 -21.875 -0.25235
-4.6875 -21.094 -0.21198
-4.6875 -20.313 -0.10261
-4.6875 -19.531 0.033332
-4.6875 -18.75 0.16154
-4.6875 -17.969 0.20878
-4.6875 -17.188 0.080439
-4.6875 -16.406 0.0022743
-4.6875 -15.625 -0.016036
-4.6875 -14.844 -0.0043939
-4.6875 -14.063 -0.044901
-4.6875 -13.281 -0.14133
-4.6875 -12.5 -0.15569
-4.6875 -11.719 -0.090754
-4.6875 -10.938 -0.060454
-4.6875 -10.156 -0.032443
-4.6875 -9.375 -0.037273
-4.6875 -8.5938 -0.13143
-4.6875 -7.8125 -0.14048
-4.6875 -7.0313 -0.064904
-4.6875 -6.25 0.01696
-4.6875 -5.4688 0.01245
-4.6875 -4.6875 -0.037185
-4.6875 -3.9063 -0.085779
-4.6875 -3.125 -0.21206
-4.6875 -2.3438 -0.27924
-4.6875 -1.5625 -0.23666
-4.6875 -0.78125 -0.17055
-4.6875 0 -0.14937
-4.6875 0.78125 -0.11737
-4.6875 1.5625 -0.10621
-4.6875 2.3438 -0.10249
-4.6875 3.125 -0.15331
-4.6875 3.9063 -0.18659
-4.6875 4.6875 -0.22193
-4.6875 5.4688 -0.20818
-4.6875 6.25 -0.1907
-4.6875 7.0313 -0.15384
-4.6875 7.8125 -0.091431
-4.6875 8.5938 -0.084018
-4.6875 9.375 -0.17605
-4.6875 10.156 -0.16075
-4.6875 10.938 -0.09625
-4.6875 11.719 -0.10283
-4.6875 12.5 -0.071851
-4.6875 13.281 0.018562
-4.6875 14.063 0.097347
-4.6875 14.844 0.077053
-4.6875 15.625 -0.037484
-4.6875 16.406 -0.086999
-4.6875 17.188 -0.084924
-4.6875 17.969 -0.083203
-4.6875 18.75 -0.059025
-4.6875 19.531 -0.032365
-4.6875 20.313 0.054829
-4.6875 21.094 0.185
-4.6875 21.875 0.29256
-4.6875 22.656 0.26308
-4.6875 23.438 0.11046
-4.6875 24.219 0.016158
-4.6875 25 0.064863
-3.9063 -24.219 0.055468
-3.9063 -23.438 -0.0085633
-3.9063 -22.656 -0.15429
-3.9063 -21.875 -0.23179
-3.9063 -21.094 -0.16658
-3.9063 -20.313 0.0086524
-3.9063 -19.531 0.11172
-3.9063 -18.75 0.23028
-3.9063 -17.969 0.2374
-3.9063 -17.188 0.066435
-3.9063 -16.406 -0.048414
-3.9063 -15.625 -0.061116
-3.9063 -14.844 -0.055235
-3.9063 -14.063 -0.022632
-3.9063 -13.281 -0.10889
-3.9063 -12.5 -0.10507
-3.9063 -11.719 -0.012848
-3.9063 -10.938 0.014307
-3.9063 -10.156 0.059051
-3.9063 -9.375 -0.03633
-3.9063 -8.5938 -0.16034
-3.9063 -7.8125 -0.19299
-3.9063 -7.0313 -0.11906
-3.9063 -6.25 -0.061932
-3.9063 -5.4688 0.030813
-3.9063 -4.6875 0.0087276
-3.9063 -3.9063 -0.073481
-3.9063 -3.125 -0.20946
-3.9063 -2.3438 -0.28006
-3.9063 -1.5625 -0.26334
-3.9063 -0.78125 -0.17962
-3.9063 0 -0.13883
-3.9063 0.78125 -0.13208
-3.9063 1.5625 -0.12431
-3.9063 2.3438 -0.14454
-3.9063 3.125 -0.17976
-3.9063 3.9063 -0.20826
-3.9063 4.6875 -0.19887
-3.9063 5.4688 -0.18035
-3.9063 6.25 -0.19818
-3.9063 7.0313 -0.23213
-3.9063 7.8125 -0.18885
-3.9063 8.5938 -0.14984
-3.9063 9.375 -0.14792
-3.9063 10.156 -0.076581
-3.9063 10.938 -0.045452
-3.9063 11.719 -0.084998
-3.9063 12.5 -0.093174
-3.9063 13.281 0.012819
-3.9063 14.063 0.027949
-3.9063 14.844 -0.015311
-3.9063 15.625 -0.05055
-3.9063 16.406 -0.16543
-3.9063 17.188 -0.14259
-3.9063 17.969 -0.088036
-3.9063 18.75 -0.082056
-3.9063 19.531 -0.03428
-3.9063 20.313 0.098489
-3.9063 21.094 0.19865
-3.9063 21.875 0.25057
-3.9063 22.656 0.17944
-3.9063 23.438 0.04733
-3.9063 24.219 -0.0076407
-3.9063 25 0.072458
-3.125 -24.219 0.109
-3.125 -23.438 0.02953
-3.125 -22.656 -0.096423
-3.125 -21.875 -0.20201
-3.125 -21.094 -0.14196
-3.125 -20.313 0.062192
-3.125 -19.531 0.1492
-3.125 -18.75 0.23867
-3.125 -17.969 0.21857
-3.125 -17.188 0.076269
-3.125 -16.406 -0.047241
-3.125 -15.625 -0.061332
-3.125 -14.844 -0.011018
-3.125 -14.063 -0.0021368
-3.125 -13.281 -0.045254
-3.125 -12.5 -0.088382
-3.125 -11.719 0.033451
-3.125 -10.938 0.092424
-3.125 -10.156 0.07368
-3.125 -9.375 -0.052308
-3.125 -8.5938 -0.16918
-3.125 -7.8125 -0.20008
-3.125 -7.0313 -0.13995
-3.125 -6.25 -0.063243
-3.125 -5.4688 0.04001
-3.125 -4.6875 0.031763
-3.125 -3.9063 -0.020929
-3.125 -3.125 -0.1705
-3.125 -2.3438 -0.27942
-3.125 -1.5625 -0.24916
-3.125 -0.78125 -0.17965
-3.125 0 -0.13089
-3.125 0.78125 -0.14035
-3.125 1.5625 -0.15158
-3.125 2.3438 -0.15726
-3.125 3.125 -0.14998
-3.125 3.9063 -0.14419
-3.125 4.6875 -0.13684
-3.125 5.4688 -0.16404
-3.125 6.25 -0.18309
-3.125 7.0313 -0.25473
-3.125 7.8125 -0.23262
-3.125 8.5938 -0.20231
-3.125 9.375 -0.13601
-3.125 10.156 -0.023638
-3.125 10.938 0.0035566
-3.125 11.719 -0.081877
-3.125 12.5 -0.12181
-3.125 13.281 -0.017028
-3.125 14.063 -0.047232
-3.125 14.844 -0.10011
-3.125 15.625 -0.11058
-3.125 16.406 -0.1483
-3.125 17.188 -0.12771
-3.125 17.969 -0.14196
-3.125 18.75 -0.10598
-3.125 19.531 -0.016384
-3.125 20.313 0.098083
-3.125 21.094 0.12811
-3.125 21.875 0.15844
-3.125 22.656 0.11847
-3.125 23.438 0.016058
-3.125 24.219 -0.025891
-3.125 25 0.054494
-2.3438 -24.219 0.076276
-2.3438 -23.438 0.07082
-2.3438 -22.656 -0.017114
-2.3438 -21.875 -0.12069
-2.3438 -21.094 -0.11545
-2.3438 -20.313 0.074836
-2.3438 -19.531 0.12082
-2.3438 -18.75 0.17933
-2.3438 -17.969 0.15849
-2.3438 -17.188 0.11161
-2.3438 -16.406 -0.0068202
-2.3438 -15.625 -0.034287
-2.3438 -14.844 0.02028
-2.3438 -14.063 0.084351
-2.3438 -13.281 0.03344
-2.3438 -12.5 -0.056815
-2.3438 -11.719 0.043876
-2.3438 -10.938 0.10873
-2.3438 -10.156 0.01652
-2.3438 -9.375 -0.085235
-2.3438 -8.5938 -0.17278
-2.3438 -7.8125 -0.14312
-2.3438 -7.0313 -0.081817
-2.3438 -6.25 -0.021266
-2.3438 -5.4688 0.05744
-2.3438 -4.6875 0.043819
-2.3438 -3.9063 -0.012809
-2.3438 -3.125 -0.14354
-2.3438 -2.3438 -0.25907
-2.3438 -1.5625 -0.24712
-2.3438 -0.78125 -0.22927
-2.3438 0 -0.13978
-2.3438 0.78125 -0.15143
-2.3438 1.5625 -0.19492
-2.3438 2.3438 -0.17096
-2.3438 3.125 -0.15191
-2.3438 3.9063 -0.090126
-2.3438 4.6875 -0.12523
-2.3438 5.4688 -0.10216
-2.3438 6.25 -0.17203
-2.3438 7.0313 -0.26105
-2.3438 7.8125 -0.31411
-2.3438 8.5938 -0.26945
-2.3438 9.375 -0.17521
-2.3438 10.156 -0.0033219
-2.3438 10.938 0.038569
-2.3438 11.719 -0.063528
-2.3438 12.5 -0.11148
-2.3438 13.281 -0.071826
-2.3438 14.063 -0.070037
-2.3438 14.844 -0.070384
-2.3438 15.625 -0.12807
-2.3438 16.406 -0.15099
-2.3438 17.188 -0.15118
-2.3438 17.969 -0.13268
-2.3438 18.75 -0.092031
-2.3438 19.531 -0.013675
-2.3438 20.313 0.088555
-2.3438 21.094 0.06506
-2.3438 21.875 0.048963
-2.3438 22.656 0.031925
-2.3438 23.438 -0.025078
-2.3438 24.219 -0.047771
-2.3438 25 0.0057226
-1.5625 -24.219 0.01385
-1.5625 -23.438 0.020686
-1.5625 -22.656 0.017367
-1.5625 -21.875 -0.10126
-1.5625 -21.094 -0.11784
-1.5625 -20.313 -0.0067035
-1.5625 -19.531 0.056175
-1.5625 -18.75 0.11597
-1.5625 -17.969 0.11942
-1.5625 -17.188 0.13825
-1.5625 -16.406 0.041559
-1.5625 -15.625 0.013066
-1.5625 -14.844 0.044607
-1.5625 -14.063 0.095023
-1.5625 -13.281 0.032921
-1.5625 -12.5 -0.075854
-1.5625 -11.719 0.021675
-1.5625 -10.938 0.066609
-1.5625 -10.156 0.015002
-1.5625 -9.375 -0.052329
-1.5625 -8.5938 -0.089455
-1.5625 -7.8125 -0.078222
-1.5625 -7.0313 -0.057367
-1.5625 -6.25 -0.037387
-1.5625 -5.4688 0.016844
-1.5625 -4.6875 0.06001
-1.5625 -3.9063 -0.00037816
-1.5625 -3.125 -0.11865
-1.5625 -2.3438 -0.2265
-1.5625 -1.5625 -0.25945
-1.5625 -0.78125 -0.25544
-1.5625 0 -0.19053
-1.5625 0.78125 -0.15447
-1.5625 1.5625 -0.16407
-1.5625 2.3438 -0.15118
-1.5625 3.125 -0.092581
-1.5625 3.9063 -0.019229
-1.5625 4.6875 -0.089849
-1.5625 5.4688 -0.10493
-1.5625 6.25 -0.19847
-1.5625 7.0313 -0.28948
-1.5625 7.8125 -0.35069
-1.5625 8.5938 -0.29459
-1.5625 9.375 -0.21236
-1.5625 10.156 0.013276
-1.5625 10.938 0.065936
-1.5625 11.719 -0.044833
-1.5625 12.5 -0.080909
-1.5625 13.281 -0.034704
-1.5625 14.063 -0.05717
-1.5625 14.844 -0.094188
-1.5625 15.625 -0.19003
-1.5625 16.406 -0.16763
-1.5625 17.188 -0.1295
-1.5625 17.969 -0.12788
-1.5625 18.75 -0.10442
-1.5625 19.531 -0.055288
-1.5625 20.313 0.033776
-1.5625 21.094 0.061076
-1.5625 21.875 0.020431
-1.5625 22.656 0.016582
-1.5625 23.438 -0.046772
-1.5625 24.219 -0.046414
-1.5625 25 -0.0079952
-0.78125 -24.219 -0.056625
-0.78125 -23.438 -0.069143
-0.78125 -22.656 -0.061618
-0.78125 -21.875 -0.094236
-0.78125 -21.094 -0.11294
-0.78125 -20.313 -0.084642
-0.78125 -19.531 0.042276
-0.78125 -18.75 0.10354
-0.78125 -17.969 0.10556
-0.78125 -17.188 0.10104
-0.78125 -16.406 0.062655
-0.78125 -15.625 0.002643
-0.78125 -14.844 -0.015252
-0.78125 -14.063 0.021636
-0.78125 -13.281 -0.078546
-0.78125 -12.5 -0.11245
-0.78125 -11.719 -0.057661
-0.78125 -10.938 0.0073495
-0.78125 -10.156 0.030415
-0.78125 -9.375 0.032092
-0.78125 -8.5938 0.019823
-0.78125 -7.8125 -0.047929
-0.78125 -7.0313 -0.091529
-0.78125 -6.25 -0.055063
-0.78125 -5.4688 0.028885
-0.78125 -4.6875 0.044075
-0.78125 -3.9063 -0.018549
-0.78125 -3.125 -0.10412
-0.78125 -2.3438 -0.24552
-0.78125 -1.5625 -0.25519
-0.78125 -0.78125 -0.21753
-0.78125 0 -0.19285
-0.78125 0.78125 -0.14135
-0.78125 1.5625 -0.15469
-0.78125 2.3438 -0.091264
-0.78125 3.125 -0.031975
-0.78125 3.9063 0.0081813
-0.78125 4.6875 -0.090289
-0.78125 5.4688 -0.1604
-0.78125 6.25 -0.19955
-0.78125 7.0313 -0.32067
-0.78125 7.8125 -0.32677
-0.78125 8.5938 -0.2465
-0.78125 9.375 -0.15809
-0.78125 10.156 -0.027387
-0.78125 10.938 0.028965
-0.78125 11.719 -0.043299
-0.78125 12.5 -0.058467
-0.78125 13.281 -0.023228
-0.78125 14.063 -0.032126
-0.78125 14.844 -0.10052
-0.78125 15.625 -0.1948
-0.78125 16.406 -0.1664
-0.78125 17.188 -0.11619
-0.78125 17.969 -0.12601
-0.78125 18.75 -0.094091
-0.78125 19.531 -0.045674
-0.78125 20.313 -0.010534
-0.78125 21.094 0.016725
-0.78125 21.875 0.031092
-0.78125 22.656 0.023739
-0.78125 23.438 -0.027997
-0.78125 24.219 -0.01756
-0.78125 25 -0.00029885
0 -24.219 -0.073621
0 -23.438 -0.12202
0 -22.656 -0.068566
0 -21.875 -0.056899
0 -21.094 -0.062309
0 -20.313 -0.037758
0 -19.531 0.023843
0 -18.75 0.070461
0 -17.969 0.039223
0 -17.188 0.049231
0 -16.406 0.074873
0 -15.625 0.024975
0 -14.844 -0.031848
0 -14.063 -0.021678
0 -13.281 -0.14811
0 -12.5 -0.15152
0 -11.719 -0.072447
0 -10.938 -0.020765
0 -10.156 0.048912
0 -9.375 0.10459
0 -8.5938 0.072261
0 -7.8125 -0.0014042
0 -7.0313 -0.033996
0 -6.25 -0.017811
0 -5.4688 0.085436
0 -4.6875 0.1128
0 -3.9063 -0.040213
0 -3.125 -0.11357
0 -2.3438 -0.20942
0 -1.5625 -0.23367
0 -0.78125 -0.14403
0 0 -0.10901
0 0.78125 -0.083761
0 1.5625 -0.090583
0 2.3438 -0.015463
0 3.125 0.035199
0 3.9063 0.014719
0 4.6875 -0.1018
0 5.4688 -0.1301
0 6.25 -0.19875
0 7.0313 -0.36885
0 7.8125 -0.30661
0 8.5938 -0.18479
0 9.375 -0.11423
0 10.156 -0.0088727
0 10.938 0.034653
0 11.719 0.045089
0 12.5 -0.013489
0 13.281 -0.049338
0 14.063 -0.096496
0 14.844 -0.12679
0 15.625 -0.19053
0 16.406 -0.19544
0 17.188 -0.12265
0 17.969 -0.063635
0 18.75 -0.056953
0 19.531 -0.040293
0 20.313 -0.026745
0 21.094 -0.01208
0 21.875 -0.0058058
0 22.656 -0.051308
0 23.438 -0.047109
0 24.219 0.01733
0 25 -0.028098
0.78125 -24.219 0.0038088
0.78125 -23.438 -0.094226
0.78125 -22.656 -0.059371
0.78125 -21.875 -0.050032
0.78125 -21.094 -0.058785
0.78125 -20.313 0.010223
0.78125 -19.531 0.055729
0.78125 -18.75 0.069318
0.78125 -17.969 -0.011755
0.78125 -17.188 0.013375
0.78125 -16.406 0.1066
0.78125 -15.625 0.081995
0.78125 -14.844 -0.0047666
0.78125 -14.063 -0.030564
0.78125 -13.281 -0.099075
0.78125 -12.5 -0.13678
0.78125 -11.719 -0.12705
0.78125 -10.938 -0.050437
0.78125 -10.156 0.05765
0.78125 -9.375 0.14852
0.78125 -8.5938 0.080072
0.78125 -7.8125 0.047171
0.78125 -7.0313 0.015316
0.78125 -6.25 0.013938
0.78125 -5.4688 0.13087
0.78125 -4.6875 0.12696
0.78125 -3.9063 -0.046202
0.78125 -3.125 -0.10006
0.78125 -2.3438 -0.16106
0.78125 -1.5625 -0.16729
0.78125 -0.78125 -0.039987
0.78125 0 -0.007838
0.78125 0.78125 0.021403
0.78125 1.5625 0.023257
0.78125 2.3438 0.045297
0.78125 3.125 0.086763
0.78125 3.9063 0.01035
0.78125 4.6875 -0.072601
0.78125 5.4688 -0.092591
0.78125 6.25 -0.20985
0.78125 7.0313 -0.33521
0.78125 7.8125 -0.25426
0.78125 8.5938 -0.12206
0.78125 9.375 -0.1111
0.78125 10.156 -0.0010259
0.78125 10.938 0.083405
0.78125 11.719 0.076404
0.78125 12.5 0.041057
0.78125 13.281 -0.026258
0.78125 14.063 -0.10516
0.78125 14.844 -0.1681
0.78125 15.625 -0.21521
0.78125 16.406 -0.22691
0.78125 17.188 -0.10261
0.78125 17.969 -0.00057691
0.78125 18.75 0.039172
0.78125 19.531 -0.043878
0.78125 20.313 -0.053394
0.78125 21.094 -0.0013528
0.78125 21.875 -0.038796
0.78125 22.656 -0.079346
0.78125 23.438 0.015307
0.78125 24.219 0.096301
0.78125 25 0.077942
1.5625 -24.219 0.091294
1.5625 -23.438 -0.056533
1.5625 -22.656 -0.055457
1.5625 -21.875 -0.060241
1.5625 -21.094 -0.04581
1.5625 -20.313 0.064376
1.5625 -19.531 0.14679
1.5625 -18.75 0.089276
1.5625 -17.969 -0.047951
1.5625 -17.188 0.027373
1.5625 -16.406 0.16849
1.5625 -15.625 0.1469
1.5625 -14.844 0.010091
1.5625 -14.063 -0.061683
1.5625 -13.281 -0.076029
1.5625 -12.5 -0.11242
1.5625 -11.719 -0.1254
1.5625 -10.938 -0.093564
1.5625 -10.156 0.045649
1.5625 -9.375 0.14626
1.5625 -8.5938 0.12062
1.5625 -7.8125 0.080501
1.5625 -7.0313 0.12089
1.5625 -6.25 0.099329
1.5625 -5.4688 0.12402
1.5625 -4.6875 0.12218
1.5625 -3.9063 0.01282
1.5625 -3.125 -0.057209
1.5625 -2.3438 -0.12624
1.5625 -1.5625 -0.0925
1.5625 -0.78125 0.054196
1.5625 0 0.10456
1.5625 0.78125 0.15115
1.5625 1.5625 0.11213
1.5625 2.3438 0.10883
1.5625 3.125 0.014229
1.5625 3.9063 -0.038944
1.5625 4.6875 -0.049773
1.5625 5.4688 -0.086669
1.5625 6.25 -0.18256
1.5625 7.0313 -0.25099
1.5625 7.8125 -0.2044
1.5625 8.5938 -0.071569
1.5625 9.375 -0.073663
1.5625 10.156 -0.0027992
1.5625 10.938 0.091789
1.5625 11.719 0.05485
1.5625 12.5 -0.05342
1.5625 13.281 -0.12789
1.5625 14.063 -0.15364
1.5625 14.844 -0.23105
1.5625 15.625 -0.25516
1.5625 16.406 -0.19539
1.5625 17.188 -0.067818
1.5625 17.969 0.028579
1.5625 18.75 0.053625
1.5625 19.531 -0.011149
1.5625 20.313 -0.066523
1.5625 21.094 -0.059508
1.5625 21.875 -0.040657
1.5625 22.656 -0.063212
1.5625 23.438 0.065383
1.5625 24.219 0.1424
1.5625 25 0.14654
2.3438 -24.219 0.1716
2.3438 -23.438 0.012545
2.3438 -22.656 -0.049806
2.3438 -21.875 -0.057102
2.3438 -21.094 -0.024481
2.3438 -20.313 0.15706
2.3438 -19.531 0.17454
2.3438 -18.75 0.12189
2.3438 -17.969 0.041163
2.3438 -17.188 0.10932
2.3438 -16.406 0.1486
2.3438 -15.625 0.095862
2.3438 -14.844 0.020915
2.3438 -14.063 -0.033578
2.3438 -13.281 -0.0608
2.3438 -12.5 -0.088553
2.3438 -11.719 -0.072196
2.3438 -10.938 -0.039434
2.3438 -10.156 0.050298
2.3438 -9.375 0.13501
2.3438 -8.5938 0.17089
2.3438 -7.8125 0.12391
2.3438 -7.0313 0.11592
2.3438 -6.25 0.097414
2.3438 -5.4688 0.10277
2.3438 -4.6875 0.10176
2.3438 -3.9063 0.036944
2.3438 -3.125 -0.046983
2.3438 -2.3438 -0.10405
2.3438 -1.5625 -0.0025081
2.3438 -0.78125 0.20187
2.3438 0 0.26503
2.3438 0.78125 0.23102
2.3438 1.5625 0.19423
2.3438 2.3438 0.070764
2.3438 3.125 -0.032553
2.3438 3.9063 -0.021427
2.3438 4.6875 -0.015402
2.3438 5.4688 -0.067505
2.3438 6.25 -0.15622
2.3438 7.0313 -0.14728
2.3438 7.8125 -0.097687
2.3438 8.5938 -0.03511
2.3438 9.375 -0.021397
2.3438 10.156 0.040499
2.3438 10.938 0.078832
2.3438 11.719 0.013461
2.3438 12.5 -0.090216
2.3438 13.281 -0.13885
2.3438 14.063 -0.21493
2.3438 14.844 -0.21723
2.3438 15.625 -0.19831
2.3438 16.406 -0.1221
2.3438 17.188 0.0028325
2.3438 17.969 0.035673
2.3438 18.75 0.048329
2.3438 19.531 0.060342
2.3438 20.313 0.03567
2.3438 21.094 0.0084363
2.3438 21.875 -0.017415
2.3438 22.656 -0.026087
2.3438 23.438 0.060351
2.3438 24.219 0.18544
2.3438 25 0.21637
3.125 -24.219 0.2597
3.125 -23.438 0.060762
3.125 -22.656 -0.061782
3.125 -21.875 -0.094238
3.125 -21.094 -0.04202
3.125 -20.313 0.14241
3.125 -19.531 0.19533
3.125 -18.75 0.16567
3.125 -17.969 0.13367
3.125 -17.188 0.18254
3.125 -16.406 0.15367
3.125 -15.625 0.085038
3.125 -14.844 0.029183
3.125 -14.063 -0.013666
3.125 -13.281 -0.067525
3.125 -12.5 -0.093396
3.125 -11.719 -0.072108
3.125 -10.938 0.003548
3.125 -10.156 0.09859
3.125 -9.375 0.13305
3.125 -8.5938 0.16942
3.125 -7.8125 0.07835
3.125 -7.0313 0.026282
3.125 -6.25 0.079458
3.125 -5.4688 0.13159
3.125 -4.6875 0.095487
3.125 -3.9063 0.017409
3.125 -3.125 -0.065574
3.125 -2.3438 -0.038529
3.125 -1.5625 0.068644
3.125 -0.78125 0.26515
3.125 0 0.27243
3.125 0.78125 0.2765
3.125 1.5625 0.20779
3.125 2.3438 0.023444
3.125 3.125 -0.030577
3.125 3.9063 0.00094702
3.125 4.6875 -0.0045766
3.125 5.4688 -0.075725
3.125 6.25 -0.11242
3.125 7.0313 -0.060626
3.125 7.8125 0.038024
3.125 8.5938 0.049801
3.125 9.375 0.06252
3.125 10.156 0.080273
3.125 10.938 0.056947
3.125 11.719 0.021007
3.125 12.5 -0.043163
3.125 13.281 -0.15599
3.125 14.063 -0.17518
3.125 14.844 -0.17752
3.125 15.625 -0.17199
3.125 16.406 -0.10873
3.125 17.188 -0.028058
3.125 17.969 -0.0091503
3.125 18.75 0.064425
3.125 19.531 0.11507
3.125 20.313 0.12431
3.125 21.094 0.1107
3.125 21.875 -0.010566
3.125 22.656 -0.015674
3.125 23.438 0.09896
3.125 24.219 0.20082
3.125 25 0.27903
3.9063 -24.219 0.34982
3.9063 -23.438 0.13279
3.9063 -22.656 -0.025693
3.9063 -21.875 -0.079069
3.9063 -21.094 -0.064302
3.9063 -20.313 0.1509
3.9063 -19.531 0.22919
3.9063 -18.75 0.19924
3.9063 -17.969 0.26438
3.9063 -17.188 0.25986
3.9063 -16.406 0.16395
3.9063 -15.625 0.050087
3.9063 -14.844 0.024979
3.9063 -14.063 -0.0083714
3.9063 -13.281 -0.027639
3.9063 -12.5 -0.053065
3.9063 -11.719 -0.074463
3.9063 -10.938 0.026408
3.9063 -10.156 0.12841
3.9063 -9.375 0.12801
3.9063 -8.5938 0.1169
3.9063 -7.8125 0.043851
3.9063 -7.0313 -0.0027738
3.9063 -6.25 0.07348
3.9063 -5.4688 0.070933
3.9063 -4.6875 0.055507
3.9063 -3.9063 -0.013684
3.9063 -3.125 -0.056511
3.9063 -2.3438 -0.041299
3.9063 -1.5625 0.09098
3.9063 -0.78125 0.25047
3.9063 0 0.25991
3.9063 0.78125 0.23755
3.9063 1.5625 0.1697
3.9063 2.3438 0.066075
3.9063 3.125 -0.0016571
3.9063 3.9063 0.052559
3.9063 4.6875 0.042579
3.9063 5.4688 -0.053772
3.9063 6.25 -0.058721
3.9063 7.0313 0.034618
3.9063 7.8125 0.14712
3.9063 8.5938 0.11408
3.9063 9.375 0.13889
3.9063 10.156 0.13842
3.9063 10.938 0.12915
3.9063 11.719 0.067929
3.9063 12.5 -0.02653
3.9063 13.281 -0.1011
3.9063 14.063 -0.11997
3.9063 14.844 -0.15191
3.9063 15.625 -0.15636
3.9063 16.406 -0.066809
3.9063 17.188 -0.0095063
3.9063 17.969 0.032667
3.9063 18.75 0.14009
3.9063 19.531 0.14094
3.9063 20.313 0.14261
3.9063 21.094 0.059533
3.9063 21.875 -0.018913
3.9063 22.656 -0.0080278
3.9063 23.438 0.15815
3.9063 24.219 0.25995
3.9063 25 0.34737
4.6875 -24.219 0.37087
4.6875 -23.438 0.23074
4.6875 -22.656 0.083339
4.6875 -21.875 -0.063166
4.6875 -21.094 -0.0051929
4.6875 -20.313 0.18629
4.6875 -19.531 0.28902
4.6875 -18.75 0.32295
4.6875 -17.969 0.29932
4.6875 -17.188 0.29196
4.6875 -16.406 0.18985
4.6875 -15.625 0.073251
4.6875 -14.844 0.015284
4.6875 -14.063 0.055391
4.6875 -13.281 0.0099101
4.6875 -12.5 0.016284
4.6875 -11.719 -0.060079
4.6875 -10.938 0.040714
4.6875 -10.156 0.16566
4.6875 -9.375 0.18045
4.6875 -8.5938 0.11527
4.6875 -7.8125 0.062353
4.6875 -7.0313 0.015431
4.6875 -6.25 0.01344
4.6875 -5.4688 0.048547
4.6875 -4.6875 0.093846
4.6875 -3.9063 -0.011372
4.6875 -3.125 -0.094037
4.6875 -2.3438 -0.083902
4.6875 -1.5625 0.031044
4.6875 -0.78125 0.22873
4.6875 0 0.27485
4.6875 0.78125 0.19439
4.6875 1.5625 0.1511
4.6875 2.3438 0.045959
4.6875 3.125 0.024807
4.6875 3.9063 0.077526
4.6875 4.6875 0.047226
4.6875 5.4688 -0.047381
4.6875 6.25 -0.071186
4.6875 7.0313 0.063289
4.6875 7.8125 0.20248
4.6875 8.5938 0.1299
4.6875 9.375 0.15379
4.6875 10.156 0.18149
4.6875 10.938 0.17496
4.6875 11.719 0.10264
4.6875 12.5 -0.0019096
4.6875 13.281 -0.026287
4.6875 14.063 -0.077741
4.6875 14.844 -0.14546
4.6875 15.625 -0.11085
4.6875 16.406 -0.029804
4.6875 17.188 0.058914
4.6875 17.969 0.12442
4.6875 18.75 0.17075
4.6875 19.531 0.2149
4.6875 20.313 0.11581
4.6875 21.094 -0.002282
4.6875 21.875 -0.0098421
4.6875 22.656 0.028283
4.6875 23.438 0.16762
4.6875 24.219 0.29721
4.6875 25 0.3858
5.4688 -24.219 0.31855
5.4688 -23.438 0.19477
5.4688 -22.656 0.075752
5.4688 -21.875 -0.02964
5.4688 -21.094 0.019774
5.4688 -20.313 0.18064
5.4688 -19.531 0.31957
5.4688 -18.75 0.34861
5.4688 -17.969 0.29194
5.4688 -17.188 0.23938
5.4688 -16.406 0.15891
5.4688 -15.625 0.053842
5.4688 -14.844 0.016184
5.4688 -14.063 0.13877
5.4688 -13.281 0.11503
5.4688 -12.5 0.07773
5.4688 -11.719 0.037252
5.4688 -10.938 0.041926
5.4688 -10.156 0.15158
5.4688 -9.375 0.18178
5.4688 -8.5938 0.075834
5.4688 -7.8125 0.037185
5.4688 -7.0313 0.03644
5.4688 -6.25 0.019496
5.4688 -5.4688 0.11543
5.4688 -4.6875 0.16625
5.4688 -3.9063 0.040754
5.4688 -3.125 -0.087387
5.4688 -2.3438 -0.10088
5.4688 -1.5625 -0.021101
5.4688 -0.78125 0.1779
5.4688 0 0.25328
5.4688 0.78125 0.23654
5.4688 1.5625 0.17752
5.4688 2.3438 0.065826
5.4688 3.125 0.058536
5.4688 3.9063 0.07609
5.4688 4.6875 0.039021
5.4688 5.4688 -0.019389
5.4688 6.25 -0.041342
5.4688 7.0313 0.076556
5.4688 7.8125 0.19795
5.4688 8.5938 0.16271
5.4688 9.375 0.2108
5.4688 10.156 0.15954
5.4688 10.938 0.16806
5.4688 11.719 0.13991
5.4688 12.5 0.081088
5.4688 13.281 0.00921
5.4688 14.063 -0.093151
5.4688 14.844 -0.18705
5.4688 15.625 -0.10797
5.4688 16.406 -0.0109
5.4688 17.188 0.15339
5.4688 17.969 0.21631
5.4688 18.75 0.22943
5.4688 19.531 0.20119
5.4688 20.313 0.089474
5.4688 21.094 0.018506
5.4688 21.875 0.058463
5.4688 22.656 0.093109
5.4688 23.438 0.16048
5.4688 24.219 0.30069
5.4688 25 0.37772
6.25 -24.219 0.323
6.25 -23.438 0.19008
6.25 -22.656 0.050941
6.25 -21.875 -0.0032416
6.25 -21.094 0.041975
6.25 -20.313 0.12671
6.25 -19.531 0.23775
6.25 -18.75 0.28477
6.25 -17.969 0.25276
6.25 -17.188 0.21948
6.25 -16.406 0.15744
6.25 -15.625 0.071943
6.25 -14.844 0.099042
6.25 -14.063 0.14559
6.25 -13.281 0.17158
6.25 -12.5 0.13883
6.25 -11.719 0.047837
6.25 -10.938 0.042083
6.25 -10.156 0.15464
6.25 -9.375 0.17808
6.25 -8.5938 0.037798
6.25 -7.8125 -0.058877
6.25 -7.0313 0.014788
6.25 -6.25 0.074573
6.25 -5.4688 0.15361
6.25 -4.6875 0.24988
6.25 -3.9063 0.12273
6.25 -3.125 -0.0094175
6.25 -2.3438 -0.023215
6.25 -1.5625 -0.0093275
6.25 -0.78125 0.14082
6.25 0 0.24858
6.25 0.78125 0.24954
6.25 1.5625 0.15127
6.25 2.3438 0.082397
6.25 3.125 0.081298
6.25 3.9063 0.075756
6.25 4.6875 0.020332
6.25 5.4688 -0.015105
6.25 6.25 0.059916
6.25 7.0313 0.15411
6.25 7.8125 0.1991
6.25 8.5938 0.18253
6.25 9.375 0.17822
6.25 10.156 0.12298
6.25 10.938 0.12386
6.25 11.719 0.11696
6.25 12.5 0.10459
6.25 13.281 0.072081
6.25 14.063 -0.036853
6.25 14.844 -0.1006
6.25 15.625 -0.083839
6.25 16.406 0.031922
6.25 17.188 0.16311
6.25 17.969 0.26747
6.25 18.75 0.21161
6.25 19.531 0.13794
6.25 20.313 0.040526
6.25 21.094 0.025707
6.25 21.875 0.093404
6.25 22.656 0.14412
6.25 23.438 0.1971
6.25 24.219 0.28078
6.25 25 0.31393
7.0313 -24.219 0.33672
7.0313 -23.438 0.21128
7.0313 -22.656 0.043233
7.0313 -21.875 -0.017991
7.0313 -21.094 0.042865
7.0313 -20.313 0.06706
7.0313 -19.531 0.14789
7.0313 -18.75 0.25609
7.0313 -17.969 0.16623
7.0313 -17.188 0.11616
7.0313 -16.406 0.15617
7.0313 -15.625 0.18685
7.0313 -14.844 0.21724
7.0313 -14.063 0.18826
7.0313 -13.281 0.20597
7.0313 -12.5 0.18809
7.0313 -11.719 0.048315
7.0313 -10.938 0.058738
7.0313 -10.156 0.15245
7.0313 -9.375 0.10104
7.0313 -8.5938 0.0083442
7.0313 -7.8125 -0.10984
7.0313 -7.0313 -0.029803
7.0313 -6.25 0.067193
7.0313 -5.4688 0.19744
7.0313 -4.6875 0.23703
7.0313 -3.9063 0.13464
7.0313 -3.125 0.057765
7.0313 -2.3438 0.025778
7.0313 -1.5625 0.071016
7.0313 -0.78125 0.14202
7.0313 0 0.2418
7.0313 0.78125 0.23335
7.0313 1.5625 0.16408
7.0313 2.3438 0.11419
7.0313 3.125 0.085065
7.0313 3.9063 0.0014052
7.0313 4.6875 0.011022
7.0313 5.4688 0.039138
7.0313 6.25 0.098578
7.0313 7.0313 0.17129
7.0313 7.8125 0.25089
7.0313 8.5938 0.18561
7.0313 9.375 0.12302
7.0313 10.156 0.11378
7.0313 10.938 0.097448
7.0313 11.719 0.096115
7.0313 12.5 0.078107
7.0313 13.281 0.076367
7.0313 14.063 -0.024353
7.0313 14.844 -0.017082
7.0313 15.625 -0.037043
7.0313 16.406 0.045375
7.0313 17.188 0.16469
7.0313 17.969 0.20158
7.0313 18.75 0.16987
7.0313 19.531 0.10958
7.0313 20.313 0.08358
7.0313 21.094 0.053732
7.0313 21.875 0.043605
7.0313 22.656 0.1487
7.0313 23.438 0.21534
7.0313 24.219 0.24979
7.0313 25 0.2464
7.8125 -24.219 0.30331
7.8125 -23.438 0.20486
7.8125 -22.656 0.051534
7.8125 -21.875 0.014731
7.8125 -21.094 0.089601
7.8125 -20.313 0.087684
7.8125 -19.531 0.097191
7.8125 -18.75 0.13434
7.8125 -17.969 0.05328
7.8125 -17.188 0.047229
7.8125 -16.406 0.099536
7.8125 -15.625 0.20953
7.8125 -14.844 0.25874
7.8125 -14.063 0.29068
7.8125 -13.281 0.22979
7.8125 -12.5 0.18349
7.8125 -11.719 0.098953
7.8125 -10.938 0.092893
7.8125 -10.156 0.1269
7.8125 -9.375 0.060696
7.8125 -8.5938 -0.015962
7.8125 -7.8125 -0.065144
7.8125 -7.0313 0.062802
7.8125 -6.25 0.14203
7.8125 -5.4688 0.19596
7.8125 -4.6875 0.1947
7.8125 -3.9063 0.12087
7.8125 -3.125 0.066495
7.8125 -2.3438 0.07528
7.8125 -1.5625 0.13866
7.8125 -0.78125 0.16774
7.8125 0 0.18032
7.8125 0.78125 0.21841
7.8125 1.5625 0.2048
7.8125 2.3438 0.16162
7.8125 3.125 0.084442
7.8125 3.9063 0.03416
7.8125 4.6875 0.08631
7.8125 5.4688 0.11446
7.8125 6.25 0.12728
7.8125 7.0313 0.20145
7.8125 7.8125 0.27006
7.8125 8.5938 0.19917
7.8125 9.375 0.16627
7.8125 10.156 0.16623
7.8125 10.938 0.12448
7.8125 11.719 0.076045
7.8125 12.5 0.043054
7.8125 13.281 0.030221
7.8125 14.063 -0.02691
7.8125 14.844 -0.029594
7.8125 15.625 0.020295
7.8125 16.406 0.082622
7.8125 17.188 0.24635
7.8125 17.969 0.16849
7.8125 18.75 0.097331
7.8125 19.531 0.12778
7.8125 20.313 0.12315
7.8125 21.094 0.059346
7.8125 21.875 0.070538
7.8125 22.656 0.172
7.8125 23.438 0.21436
7.8125 24.219 0.21532
7.8125 25 0.24761
8.5938 -24.219 0.14593
8.5938 -23.438 0.21291
8.5938 -22.656 0.12457
8.5938 -21.875 0.11723
8.5938 -21.094 0.10757
8.5938 -20.313 0.087632
8.5938 -19.531 -0.00023847
8.5938 -18.75 -0.049861
8.5938 -17.969 -0.019821
8.5938 -17.188 0.026182
8.5938 -16.406 0.086774
8.5938 -15.625 0.17851
8.5938 -14.844 0.20889
8.5938 -14.063 0.28002
8.5938 -13.281 0.21217
8.5938 -12.5 0.12817
8.5938 -11.719 0.094849
8.5938 -10.938 0.10416
8.5938 -10.156 0.11981
8.5938 -9.375 0.024876
8.5938 -8.5938 -0.072789
8.5938 -7.8125 -0.022709
8.5938 -7.0313 0.17336
8.5938 -6.25 0.19508
8.5938 -5.4688 0.17624
8.5938 -4.6875 0.17415
8.5938 -3.9063 0.13745
8.5938 -3.125 0.10744
8.5938 -2.3438 0.13252
8.5938 -1.5625 0.16392
8.5938 -0.78125 0.19646
8.5938 0 0.20417
8.5938 0.78125 0.21416
8.5938 1.5625 0.20038
8.5938 2.3438 0.14653
8.5938 3.125 0.028958
8.5938 3.9063 0.03454
8.5938 4.6875 0.11418
8.5938 5.4688 0.18561
8.5938 6.25 0.24067
8.5938 7.0313 0.32385
8.5938 7.8125 0.24349
8.5938 8.5938 0.17302
8.5938 9.375 0.17539
8.5938 10.156 0.15811
8.5938 10.938 0.1066
8.5938 11.719 0.081372
8.5938 12.5 0.039037
8.5938 13.281 -0.0076589
8.5938 14.063 -0.059749
8.5938 14.844 -0.059412
8.5938 15.625 0.095862
8.5938 16.406 0.18613
8.5938 17.188 0.23105
8.5938 17.969 0.11148
8.5938 18.75 0.017268
8.5938 19.531 0.019563
8.5938 20.313 0.088828
8.5938 21.094 0.059903
8.5938 21.875 0.092292
8.5938 22.656 0.17538
8.5938 23.438 0.166
8.5938 24.219 0.18695
8.5938 25 0.15821
9.375 -24.219 0.087112
9.375 -23.438 0.19103
9.375 -22.656 0.18978
9.375 -21.875 0.16786
9.375 -21.094 0.15602
9.375 -20.313 0.10821
9.375 -19.531 0.031912
9.375 -18.75 0.0055577
9.375 -17.969 0.043477
9.375 -17.188 0.035257
9.375 -16.406 0.096225
9.375 -15.625 0.10534
9.375 -14.844 0.15912
9.375 -14.063 0.21291
9.375 -13.281 0.19254
9.375 -12.5 0.1664
9.375 -11.719 0.13069
9.375 -10.938 0.054352
9.375 -10.156 0.054722
9.375 -9.375 -0.0042943
9.375 -8.5938 -0.049134
9.375 -7.8125 0.02068
9.375 -7.0313 0.21303
9.375 -6.25 0.22413
9.375 -5.4688 0.18596
9.375 -4.6875 0.16685
9.375 -3.9063 0.12542
9.375 -3.125 0.096646
9.375 -2.3438 0.14764
9.375 -1.5625 0.2064
9.375 -0.78125 0.21821
9.375 0 0.25125
9.375 0.78125 0.26594
9.375 1.5625 0.23079
9.375 2.3438 0.11538
9.375 3.125 -0.051685
9.375 3.9063 -0.0048945
9.375 4.6875 0.12157
9.375 5.4688 0.19871
9.375 6.25 0.28274
9.375 7.0313 0.34844
9.375 7.8125 0.24522
9.375 8.5938 0.21948
9.375 9.375 0.15494
9.375 10.156 0.077034
9.375 10.938 0.041584
9.375 11.719 0.042044
9.375 12.5 0.049927
9.375 13.281 0.0066553
9.375 14.063 -0.052823
9.375 14.844 -0.0025376
9.375 15.625 0.098127
9.375 16.406 0.23034
9.375 17.188 0.18231
9.375 17.969 0.080414
9.375 18.75 0.030969
9.375 19.531 -0.015353
9.375 20.313 -0.002072
9.375 21.094 0.019053
9.375 21.875 0.1132
9.375 22.656 0.21621
9.375 23.438 0.16252
9.375 24.219 0.16356
9.375 25 0.076312
10.156 -24.219 0.080073
10.156 -23.438 0.15491
10.156 -22.656 0.20391
10.156 -21.875 0.21211
10.156 -21.094 0.21347
10.156 -20.313 0.081035
10.156 -19.531 0.053172
10.156 -18.75 0.05673
10.156 -17.969 0.069029
10.156 -17.188 0.1151
10.156 -16.406 0.10343
10.156 -15.625 0.086903
10.156 -14.844 0.20488
10.156 -14.063 0.25495
10.156 -13.281 0.18188
10.156 -12.5 0.14662
10.156 -11.719 0.077579
10.156 -10.938 0.075882
10.156 -10.156 0.033483
10.156 -9.375 -0.014756
10.156 -8.5938 -0.024226
10.156 -7.8125 0.02908
10.156 -7.0313 0.20139
10.156 -6.25 0.2686
10.156 -5.4688 0.11399
10.156 -4.6875 0.077117
10.156 -3.9063 0.047957
10.156 -3.125 0.049111
10.156 -2.3438 0.15157
10.156 -1.5625 0.23756
10.156 -0.78125 0.26338
10.156 0 0.2185
10.156 0.78125 0.22052
10.156 1.5625 0.15424
10.156 2.3438 0.03865
10.156 3.125 -0.053218
10.156 3.9063 0.0095735
10.156 4.6875 0.12625
10.156 5.4688 0.26469
10.156 6.25 0.34284
10.156 7.0313 0.34549
10.156 7.8125 0.23657
10.156 8.5938 0.19726
10.156 9.375 0.0906
10.156 10.156 -0.018176
10.156 10.938 -0.038801
10.156 11.719 -0.033066
10.156 12.5 0.019381
10.156 13.281 0.035083
10.156 14.063 -0.03509
10.156 14.844 0.011772
10.156 15.625 0.14927
10.156 16.406 0.24991
10.156 17.188 0.19673
10.156 17.969 0.14121
10.156 18.75 0.040425
10.156 19.531 -0.026958
10.156 20.313 -0.089299
10.156 21.094 -0.036569
10.156 21.875 0.087353
10.156 22.656 0.18747
10.156 23.438 0.18954
10.156 24.219 0.1604
10.156 25 0.081502
10.938 -24.219 0.03493
10.938 -23.438 0.14712
10.938 -22.656 0.22639
10.938 -21.875 0.23665
10.938 -21.094 0.19917
10.938 -20.313 0.043581
10.938 -19.531 0.042131
10.938 -18.75 0.048693
10.938 -17.969 0.10573
10.938 -17.188 0.11028
10.938 -16.406 0.11453
10.938 -15.625 0.16906
10.938 -14.844 0.24534
10.938 -14.063 0.25864
10.938 -13.281 0.20235
10.938 -12.5 0.10898
10.938 -11.719 0.050909
10.938 -10.938 0.06608
10.938 -10.156 0.031319
10.938 -9.375 -0.045225
10.938 -8.5938 -0.022543
10.938 -7.8125 0.083012
10.938 -7.0313 0.21317
10.938 -6.25 0.17269
10.938 -5.4688 0.05007
10.938 -4.6875 0.016472
10.938 -3.9063 -0.0066322
10.938 -3.125 0.059662
10.938 -2.3438 0.15984
10.938 -1.5625 0.2085
10.938 -0.78125 0.18749
10.938 0 0.13915
10.938 0.78125 0.1775
10.938 1.5625 0.11447
10.938 2.3438 -0.051094
10.938 3.125 -0.041482
10.938 3.9063 0.033707
10.938 4.6875 0.13672
10.938 5.4688 0.3376
10.938 6.25 0.39142
10.938 7.0313 0.34038
10.938 7.8125 0.21016
10.938 8.5938 0.17641
10.938 9.375 0.047936
10.938 10.156 -0.069689
10.938 10.938 -0.10125
10.938 11.719 -0.034884
10.938 12.5 0.062468
10.938 13.281 0.12156
10.938 14.063 0.015784
10.938 14.844 -0.0050557
10.938 15.625 0.14855
10.938 16.406 0.24257
10.938 17.188 0.18671
10.938 17.969 0.15791
10.938 18.75 0.072586
10.938 19.531 -0.023812
10.938 20.313 -0.10054
10.938 21.094 -0.053992
10.938 21.875 0.073316
10.938 22.656 0.16098
10.938 23.438 0.21738
10.938 24.219 0.21495
10.938 25 0.022698
11.719 -24.219 0.069441
11.719 -23.438 0.17407
11.719 -22.656 0.21424
11.719 -21.875 0.21066
11.719 -21.094 0.16386
11.719 -20.313 0.024453
11.719 -19.531 -0.0007471
11.719 -18.75 0.021996
11.719 -17.969 0.083175
11.719 -17.188 0.066248
11.719 -16.406 0.12599
11.719 -15.625 0.19231
11.719 -14.844 0.2218
11.719 -14.063 0.21667
11.719 -13.281 0.14374
11.719 -12.5 0.079907
11.719 -11.719 0.083681
11.719 -10.938 0.063892
11.719 -10.156 0.030757
11.719 -9.375 -0.031869
11.719 -8.5938 0.020103
11.719 -7.8125 0.10723
11.719 -7.0313 0.16357
11.719 -6.25 0.14261
11.719 -5.4688 0.02293
11.719 -4.6875 0.017422
11.719 -3.9063 0.012412
11.719 -3.125 0.063114
11.719 -2.3438 0.1749
11.719 -1.5625 0.076707
11.719 -0.78125 0.053739
11.719 0 0.078587
11.719 0.78125 0.13259
11.719 1.5625 0.041067
11.719 2.3438 -0.039153
11.719 3.125 -0.051918
11.719 3.9063 0.010978
11.719 4.6875 0.18161
11.719 5.4688 0.37532
11.719 6.25 0.43992
11.719 7.0313 0.36608
11.719 7.8125 0.23883
11.719 8.5938 0.12235
11.719 9.375 -0.016799
11.719 10.156 -0.12411
11.719 10.938 -0.086435
11.719 11.719 0.015417
11.719 12.5 0.13753
11.719 13.281 0.17503
11.719 14.063 0.077413
11.719 14.844 0.050615
11.719 15.625 0.13292
11.719 16.406 0.19591
11.719 17.188 0.18033
11.719 17.969 0.057699
11.719 18.75 0.027846
11.719 19.531 0.0035286
11.719 20.313 -0.067521
11.719 21.094 0.0072309
11.719 21.875 0.12292
11.719 22.656 0.13651
11.719 23.438 0.19988
11.719 24.219 0.18947
11.719 25 0.069914
12.5 -24.219 0.10694
12.5 -23.438 0.14724
12.5 -22.656 0.16448
12.5 -21.875 0.17982
12.5 -21.094 0.12779
12.5 -20.313 0.03105
12.5 -19.531 0.0036623
12.5 -18.75 0.00056671
12.5 -17.969 0.036094
12.5 -17.188 0.072774
12.5 -16.406 0.15981
12.5 -15.625 0.1922
12.5 -14.844 0.11533
12.5 -14.063 0.065858
12.5 -13.281 0.0206
12.5 -12.5 -0.016375
12.5 -11.719 0.0024921
12.5 -10.938 0.044892
12.5 -10.156 -0.0082293
12.5 -9.375 0.0010336
12.5 -8.5938 0.012203
12.5 -7.8125 0.050743
12.5 -7.0313 0.076936
12.5 -6.25 0.11616
12.5 -5.4688 0.026124
12.5 -4.6875 0.03077
12.5 -3.9063 0.04925
12.5 -3.125 0.053531
12.5 -2.3438 0.15025
12.5 -1.5625 0.069475
12.5 -0.78125 0.026943
12.5 0 0.060855
12.5 0.78125 0.034215
12.5 1.5625 -0.01818
12.5 2.3438 -0.065604
12.5 3.125 -0.091924
12.5 3.9063 0.0048401
12.5 4.6875 0.18973
12.5 5.4688 0.35065
12.5 6.25 0.48693
12.5 7.0313 0.38637
12.5 7.8125 0.25276
12.5 8.5938 0.056622
12.5 9.375 -0.12376
12.5 10.156 -0.18324
12.5 10.938 -0.085863
12.5 11.719 0.044726
12.5 12.5 0.14774
12.5 13.281 0.17227
12.5 14.063 0.13401
12.5 14.844 0.070175
12.5 15.625 0.060637
12.5 16.406 0.14492
12.5 17.188 0.1501
12.5 17.969 0.044034
12.5 18.75 -0.022922
12.5 19.531 -0.048742
12.5 20.313 -0.028023
12.5 21.094 0.099362
12.5 21.875 0.12569
12.5 22.656 0.12363
12.5 23.438 0.19197
12.5 24.219 0.18962
12.5 25 0.15256
13.281 -24.219 0.096072
13.281 -23.438 0.055268
13.281 -22.656 0.08592
13.281 -21.875 0.13771
13.281 -21.094 0.097891
13.281 -20.313 0.0548
13.281 -19.531 -0.0014863
13.281 -18.75 -0.0041943
13.281 -17.969 0.0093758
13.281 -17.188 0.082792
13.281 -16.406 0.16222
13.281 -15.625 0.14155
13.281 -14.844 0.094517
13.281 -14.063 0.0080714
13.281 -13.281 -0.093714
13.281 -12.5 -0.13517
13.281 -11.719 -0.049251
13.281 -10.938 0.0023375
13.281 -10.156 -0.00024219
13.281 -9.375 -0.0038846
13.281 -8.5938 -0.040116
13.281 -7.8125 0.024477
13.281 -7.0313 0.049749
13.281 -6.25 0.044593
13.281 -5.4688 0.0544
13.281 -4.6875 0.055395
13.281 -3.9063 0.054189
13.281 -3.125 0.080557
13.281 -2.3438 0.11857
13.281 -1.5625 0.063747
13.281 -0.78125 0.039374
13.281 0 0.065826
13.281 0.78125 -0.0059569
13.281 1.5625 -0.076476
13.281 2.3438 -0.13449
13.281 3.125 -0.061181
13.281 3.9063 0.098455
13.281 4.6875 0.19269
13.281 5.4688 0.3115
13.281 6.25 0.44467
13.281 7.0313 0.33504
13.281 7.8125 0.21587
13.281 8.5938 0.0088601
13.281 9.375 -0.22425
13.281 10.156 -0.23963
13.281 10.938 -0.091394
13.281 11.719 0.058325
13.281 12.5 0.18424
13.281 13.281 0.17944
13.281 14.063 0.13206
13.281 14.844 -0.0089546
13.281 15.625 -0.015317
13.281 16.406 0.053979
13.281 17.188 0.096874
13.281 17.969 0.037855
13.281 18.75 -0.054623
13.281 19.531 -0.041338
13.281 20.313 0.017471
13.281 21.094 0.027344
13.281 21.875 0.11922
13.281 22.656 0.12606
13.281 23.438 0.16664
13.281 24.219 0.17782
13.281 25 0.18686
14.063 -24.219 0.069832
14.063 -23.438 -0.0029974
14.063 -22.656 0.00021939
14.063 -21.875 0.082259
14.063 -21.094 0.096317
14.063 -20.313 0.03061
14.063 -19.531 -0.014593
14.063 -18.75 0.01614
14.063 -17.969 0.040092
14.063 -17.188 0.11347
14.063 -16.406 0.14412
14.063 -15.625 0.13055
14.063 -14.844 0.1353
14.063 -14.063 0.011534
14.063 -13.281 -0.16832
14.063 -12.5 -0.094933
14.063 -11.719 0.006157
14.063 -10.938 0.034215
14.063 -10.156 -0.0093125
14.063 -9.375 -0.022482
14.063 -8.5938 -0.055229
14.063 -7.8125 0.026802
14.063 -7.0313 0.077119
14.063 -6.25 0.0396
14.063 -5.4688 0.049305
14.063 -4.6875 0.01202
14.063 -3.9063 0.0027821
14.063 -3.125 0.028902
14.063 -2.3438 0.029214
14.063 -1.5625 0.050795
14.063 -0.78125 0.069193
14.063 0 0.061419
14.063 0.78125 -0.048126
14.063 1.5625 -0.14094
14.063 2.3438 -0.13607
14.063 3.125 -0.061307
14.063 3.9063 0.13078
14.063 4.6875 0.19809
14.063 5.4688 0.29594
14.063 6.25 0.27505
14.063 7.0313 0.24552
14.063 7.8125 0.13455
14.063 8.5938 -0.096269
14.063 9.375 -0.22552
14.063 10.156 -0.21045
14.063 10.938 -0.15087
14.063 11.719 0.0086
14.063 12.5 0.16999
14.063 13.281 0.13841
14.063 14.063 -0.0080255
14.063 14.844 -0.081879
14.063 15.625 -0.056993
14.063 16.406 -0.041606
14.063 17.188 -0.00055235
14.063 17.969 0.032113
14.063 18.75 -0.081308
14.063 19.531 -0.079381
14.063 20.313 -0.018464
14.063 21.094 -0.051213
14.063 21.875 0.053899
14.063 22.656 0.12525
14.063 23.438 0.11014
14.063 24.219 0.16247
14.063 25 0.1513
14.844 -24.219 -0.00064505
14.844 -23.438 -0.022644
14.844 -22.656 -0.019819
14.844 -21.875 -0.0027659
14.844 -21.094 0.035292
14.844 -20.313 -0.070382
14.844 -19.531 -0.043915
14.844 -18.75 0.022068
14.844 -17.969 0.088015
14.844 -17.188 0.15013
14.844 -16.406 0.17362
14.844 -15.625 0.12311
14.844 -14.844 0.099049
14.844 -14.063 -0.0010257
14.844 -13.281 -0.1434
14.844 -12.5 -0.10571
14.844 -11.719 0.048846
14.844 -10.938 0.099807
14.844 -10.156 0.012502
14.844 -9.375 -0.053591
14.844 -8.5938 -0.026908
14.844 -7.8125 0.035174
14.844 -7.0313 0.06235
14.844 -6.25 0.087464
14.844 -5.4688 0.040745
14.844 -4.6875 -0.033705
14.844 -3.9063 -0.039594
14.844 -3.125 -0.00049176
14.844 -2.3438 -0.023277
14.844 -1.5625 0.02965
14.844 -0.78125 0.058486
14.844 0 0.0079395
14.844 0.78125 -0.066683
14.844 1.5625 -0.12518
14.844 2.3438 -0.11534
14.844 3.125 -0.052874
14.844 3.9063 0.12368
14.844 4.6875 0.19502
14.844 5.4688 0.20842
14.844 6.25 0.16827
14.844 7.0313 0.20215
14.844 7.8125 0.077964
14.844 8.5938 -0.1655
14.844 9.375 -0.22884
14.844 10.156 -0.17517
14.844 10.938 -0.1355
14.844 11.719 0.0033759
14.844 12.5 0.12296
14.844 13.281 0.06126
14.844 14.063 -0.096392
14.844 14.844 -0.11297
14.844 15.625 -0.1203
14.844 16.406 -0.14018
14.844 17.188 -0.072815
14.844 17.969 -0.020426
14.844 18.75 -0.12625
14.844 19.531 -0.097806
14.844 20.313 -0.062662
14.844 21.094 -0.098956
14.844 21.875 -0.025725
14.844 22.656 0.075841
14.844 23.438 0.091933
14.844 24.219 0.11616
14.844 25 0.11492
15.625 -24.219 0.013248
15.625 -23.438 -0.018121
15.625 -22.656 -0.043419
15.625 -21.875 -0.075975
15.625 -21.094 -0.045968
15.625 -20.313 -0.11046
15.625 -19.531 -0.034848
15.625 -18.75 0.062874
15.625 -17.969 0.15137
15.625 -17.188 0.17816
15.625 -16.406 0.18377
15.625 -15.625 0.14433
15.625 -14.844 0.072813
15.625 -14.063 -0.024546
15.625 -13.281 -0.12573
15.625 -12.5 -0.098313
15.625 -11.719 -0.035588
15.625 -10.938 0.010925
15.625 -10.156 -0.012464
15.625 -9.375 -0.049211
15.625 -8.5938 -0.0054324
15.625 -7.8125 0.024664
15.625 -7.0313 0.11076
15.625 -6.25 0.072977
15.625 -5.4688 0.0093329
15.625 -4.6875 -0.04724
15.625 -3.9063 -0.093104
15.625 -3.125 -0.095172
15.625 -2.3438 -0.066753
15.625 -1.5625 -0.026958
15.625 -0.78125 -0.02313
15.625 0 -0.015646
15.625 0.78125 -0.077917
15.625 1.5625 -0.11828
15.625 2.3438 -0.10531
15.625 3.125 -0.0056859
15.625 3.9063 0.14145
15.625 4.6875 0.17081
15.625 5.4688 0.14798
15.625 6.25 0.16483
15.625 7.0313 0.15544
15.625 7.8125 0.051599
15.625 8.5938 -0.13699
15.625 9.375 -0.19999
15.625 10.156 -0.15396
15.625 10.938 -0.10593
15.625 11.719 -0.00073693
15.625 12.5 0.12016
15.625 13.281 0.045806
15.625 14.063 -0.11927
15.625 14.844 -0.097167
15.625 15.625 -0.13178
15.625 16.406 -0.13142
15.625 17.188 -0.093394
15.625 17.969 -0.13515
15.625 18.75 -0.17542
15.625 19.531 -0.13033
15.625 20.313 -0.083747
15.625 21.094 -0.12273
15.625 21.875 -0.042284
15.625 22.656 0.063148
15.625 23.438 0.098175
15.625 24.219 0.12243
15.625 25 0.16383
16.406 -24.219 0.0029766
16.406 -23.438 -0.088147
16.406 -22.656 -0.13016
16.406 -21.875 -0.10698
16.406 -21.094 -0.080255
16.406 -20.313 -0.051861
16.406 -19.531 -0.03829
16.406 -18.75 0.10858
16.406 -17.969 0.20772
16.406 -17.188 0.1627
16.406 -16.406 0.17759
16.406 -15.625 0.15549
16.406 -14.844 0.092488
16.406 -14.063 -0.0063444
16.406 -13.281 -0.11922
16.406 -12.5 -0.10984
16.406 -11.719 -0.08636
16.406 -10.938 -0.074778
16.406 -10.156 -0.042572
16.406 -9.375 -0.028324
16.406 -8.5938 0.010073
16.406 -7.8125 0.084066
16.406 -7.0313 0.11511
16.406 -6.25 0.014482
16.406 -5.4688 -0.036259
16.406 -4.6875 -0.096759
16.406 -3.9063 -0.1661
16.406 -3.125 -0.12712
16.406 -2.3438 -0.078446
16.406 -1.5625 -0.078913
16.406 -0.78125 -0.048822
16.406 0 -0.028145
16.406 0.78125 -0.092436
16.406 1.5625 -0.1276
16.406 2.3438 -0.059359
16.406 3.125 -0.013454
16.406 3.9063 0.11663
16.406 4.6875 0.1373
16.406 5.4688 0.16187
16.406 6.25 0.19602
16.406 7.0313 0.13524
16.406 7.8125 -0.010808
16.406 8.5938 -0.088023
16.406 9.375 -0.15067
16.406 10.156 -0.11958
16.406 10.938 -0.086281
16.406 11.719 -0.014895
16.406 12.5 0.070531
16.406 13.281 0.024595
16.406 14.063 -0.060328
16.406 14.844 -0.063878
16.406 15.625 -0.10907
16.406 16.406 -0.16025
16.406 17.188 -0.16368
16.406 17.969 -0.15146
16.406 18.75 -0.18598
16.406 19.531 -0.14008
16.406 20.313 -0.11714
16.406 21.094 -0.083435
16.406 21.875 -0.0098395
16.406 22.656 0.007593
16.406 23.438 0.048117
16.406 24.219 0.12578
16.406 25 0.12888
17.188 -24.219 -0.029408
17.188 -23.438 -0.13008
17.188 -22.656 -0.2112
17.188 -21.875 -0.18593
17.188 -21.094 -0.11078
17.188 -20.313 -0.03198
17.188 -19.531 0.025258
17.188 -18.75 0.1389
17.188 -17.969 0.21496
17.188 -17.188 0.20755
17.188 -16.406 0.16696
17.188 -15.625 0.15367
17.188 -14.844 0.074466
17.188 -14.063 -0.014727
17.188 -13.281 -0.11482
17.188 -12.5 -0.098457
17.188 -11.719 -0.093829
17.188 -10.938 -0.10491
17.188 -10.156 -0.050742
17.188 -9.375 0.021279
17.188 -8.5938 0.059887
17.188 -7.8125 0.12519
17.188 -7.0313 0.1381
17.188 -6.25 0.11359
17.188 -5.4688 -0.031901
17.188 -4.6875 -0.1576
17.188 -3.9063 -0.17492
17.188 -3.125 -0.11851
17.188 -2.3438 -0.073455
17.188 -1.5625 -0.079216
17.188 -0.78125 -0.055425
17.188 0 -0.051317
17.188 0.78125 -0.11435
17.188 1.5625 -0.080265
17.188 2.3438 -0.018286
17.188 3.125 -0.0069316
17.188 3.9063 0.053945
17.188 4.6875 0.13318
17.188 5.4688 0.15202
17.188 6.25 0.17013
17.188 7.0313 0.098384
17.188 7.8125 -0.032193
17.188 8.5938 -0.1178
17.188 9.375 -0.1695
17.188 10.156 -0.090661
17.188 10.938 -0.024408
17.188 11.719 -0.0010712
17.188 12.5 0.0027569
17.188 13.281 -0.026568
17.188 14.063 -0.05316
17.188 14.844 -0.055243
17.188 15.625 -0.055958
17.188 16.406 -0.16484
17.188 17.188 -0.18849
17.188 17.969 -0.15899
17.188 18.75 -0.19099
17.188 19.531 -0.15696
17.188 20.313 -0.13428
17.188 21.094 -0.044064
17.188 21.875 -0.033219
17.188 22.656 -0.036392
17.188 23.438 0.024328
17.188 24.219 0.099959
17.188 25 0.097481
17.969 -24.219 -0.028446
17.969 -23.438 -0.14109
17.969 -22.656 -0.27219
17.969 -21.875 -0.28916
17.969 -21.094 -0.16742
17.969 -20.313 -0.013696
17.969 -19.531 0.062849
17.969 -18.75 0.15317
17.969 -17.969 0.21126
17.969 -17.188 0.20013
17.969 -16.406 0.15974
17.969 -15.625 0.1201
17.969 -14.844 0.083603
17.969 -14.063 -0.0030307
17.969 -13.281 -0.079795
17.969 -12.5 -0.066443
17.969 -11.719 -0.062024
17.969 -10.938 -0.048497
17.969 -10.156 -0.024384
17.969 -9.375 0.0047474
17.969 -8.5938 0.053871
17.969 -7.8125 0.10994
17.969 -7.0313 0.15907
17.969 -6.25 0.14738
17.969 -5.4688 -0.0013577
17.969 -4.6875 -0.11974
17.969 -3.9063 -0.17362
17.969 -3.125 -0.12867
17.969 -2.3438 -0.11671
17.969 -1.5625 -0.067386
17.969 -0.78125 -0.076883
17.969 0 -0.10346
17.969 0.78125 -0.076914
17.969 1.5625 -0.022067
17.969 2.3438 -0.032396
17.969 3.125 -0.035776
17.969 3.9063 0.029604
17.969 4.6875 0.11789
17.969 5.4688 0.077014
17.969 6.25 0.088132
17.969 7.0313 0.052867
17.969 7.8125 -0.019392
17.969 8.5938 -0.14678
17.969 9.375 -0.16381
17.969 10.156 -0.046358
17.969 10.938 0.0167
17.969 11.719 0.064177
17.969 12.5 0.035213
17.969 13.281 -0.0098535
17.969 14.063 0.010262
17.969 14.844 -0.024191
17.969 15.625 -0.070808
17.969 16.406 -0.17988
17.969 17.188 -0.18405
17.969 17.969 -0.15774
17.969 18.75 -0.16706
17.969 19.531 -0.14659
17.969 20.313 -0.06661
17.969 21.094 0.020385
17.969 21.875 -0.0092195
17.969 22.656 -0.040342
17.969 23.438 0.0089117
17.969 24.219 0.08024
17.969 25 0.077613
18.75 -24.219 -0.078823
18.75 -23.438 -0.17133
18.75 -22.656 -0.28789
18.75 -21.875 -0.27754
18.75 -21.094 -0.15266
18.75 -20.313 -0.039144
18.75 -19.531 0.07973
18.75 -18.75 0.12449
18.75 -17.969 0.15334
18.75 -17.188 0.19105
18.75 -16.406 0.086637
18.75 -15.625 0.059239
18.75 -14.844 0.096198
18.75 -14.063 0.0082885
18.75 -13.281 -0.012769
18.75 -12.5 -0.0078355
18.75 -11.719 0.00012746
18.75 -10.938 -0.001872
18.75 -10.156 -0.032726
18.75 -9.375 -0.038439
18.75 -8.5938 0.045497
18.75 -7.8125 0.098092
18.75 -7.0313 0.19408
18.75 -6.25 0.17505
18.75 -5.4688 0.068135
18.75 -4.6875 0.014732
18.75 -3.9063 -0.046323
18.75 -3.125 -0.073471
18.75 -2.3438 -0.0752
18.75 -1.5625 -0.12054
18.75 -0.78125 -0.048338
18.75 0 -0.058956
18.75 0.78125 -0.065046
18.75 1.5625 -0.0080922
18.75 2.3438 -0.081862
18.75 3.125 -0.068542
18.75 3.9063 0.038555
18.75 4.6875 0.11014
18.75 5.4688 0.076057
18.75 6.25 0.054259
18.75 7.0313 0.02866
18.75 7.8125 -0.029469
18.75 8.5938 -0.08023
18.75 9.375 -0.11793
18.75 10.156 0.012198
18.75 10.938 0.07732
18.75 11.719 0.12111
18.75 12.5 0.1325
18.75 13.281 0.092479
18.75 14.063 0.07613
18.75 14.844 0.022745
18.75 15.625 -0.10951
18.75 16.406 -0.23225
18.75 17.188 -0.19559
18.75 17.969 -0.16647
18.75 18.75 -0.16963
18.75 19.531 -0.14319
18.75 20.313 -0.011062
18.75 21.094 0.064833
18.75 21.875 0.0065617
18.75 22.656 -0.0033076
18.75 23.438 0.042071
18.75 24.219 0.065018
18.75 25 0.038638
19.531 -24.219 -0.12993
19.531 -23.438 -0.20302
19.531 -22.656 -0.22862
19.531 -21.875 -0.20497
19.531 -21.094 -0.099382
19.531 -20.313 0.0064303
19.531 -19.531 0.081986
19.531 -18.75 0.15093
19.531 -17.969 0.15173
19.531 -17.188 0.14459
19.531 -16.406 0.029229
19.531 -15.625 -0.018754
19.531 -14.844 0.029811
19.531 -14.063 -0.0013004
19.531 -13.281 -0.040441
19.531 -12.5 0.034541
19.531 -11.719 0.0034346
19.531 -10.938 -0.020676
19.531 -10.156 -0.043717
19.531 -9.375 0.0014477
19.531 -8.5938 0.096976
19.531 -7.8125 0.14141
19.531 -7.0313 0.16773
19.531 -6.25 0.14176
19.531 -5.4688 0.079508
19.531 -4.6875 0.080135
19.531 -3.9063 0.020795
19.531 -3.125 -0.0011352
19.531 -2.3438 -0.03844
19.531 -1.5625 -0.13365
19.531 -0.78125 -0.022909
19.531 0 -0.036842
19.531 0.78125 -0.030152
19.531 1.5625 -0.03163
19.531 2.3438 -0.047903
19.531 3.125 0.0049208
19.531 3.9063 0.050787
19.531 4.6875 0.060694
19.531 5.4688 0.053179
19.531 6.25 0.040236
19.531 7.0313 -0.0011996
19.531 7.8125 -0.031364
19.531 8.5938 -0.075107
19.531 9.375 -0.063834
19.531 10.156 0.051729
19.531 10.938 0.13646
19.531 11.719 0.22355
19.531 12.5 0.19077
19.531 13.281 0.14844
19.531 14.063 0.087625
19.531 14.844 0.010479
19.531 15.625 -0.16334
19.531 16.406 -0.30724
19.531 17.188 -0.28144
19.531 17.969 -0.17114
19.531 18.75 -0.16645
19.531 19.531 -0.16289
19.531 20.313 -0.0047087
19.531 21.094 0.039402
19.531 21.875 0.0027836
19.531 22.656 0.030193
19.531 23.438 0.064556
19.531 24.219 0.046964
19.531 25 -0.013346
20.313 -24.219 -0.13337
20.313 -23.438 -0.23982
20.313 -22.656 -0.22827
20.313 -21.875 -0.15053
20.313 -21.094 0.0047653
20.313 -20.313 0.042654
20.313 -19.531 0.087188
20.313 -18.75 0.13224
20.313 -17.969 0.15396
20.313 -17.188 0.11246
20.313 -16.406 0.046468
20.313 -15.625 -0.081192
20.313 -14.844 -0.046699
20.313 -14.063 -0.068726
20.313 -13.281 -0.068839
20.313 -12.5 0.054835
20.313 -11.719 0.045071
20.313 -10.938 0.03808
20.313 -10.156 0.014633
20.313 -9.375 0.031281
20.313 -8.5938 0.12897
20.313 -7.8125 0.14547
20.313 -7.0313 0.14376
20.313 -6.25 0.10342
20.313 -5.4688 0.043863
20.313 -4.6875 0.060178
20.313 -3.9063 0.024856
20.313 -3.125 0.022271
20.313 -2.3438 -0.024009
20.313 -1.5625 -0.078001
20.313 -0.78125 -0.047614
20.313 0 -0.051299
20.313 0.78125 0.0048484
20.313 1.5625 0.012846
20.313 2.3438 0.0023871
20.313 3.125 0.080292
20.313 3.9063 0.1011
20.313 4.6875 0.010724
20.313 5.4688 0.0005022
20.313 6.25 -0.0051954
20.313 7.0313 -0.088653
20.313 7.8125 -0.099772
20.313 8.5938 -0.085683
20.313 9.375 -0.042327
20.313 10.156 0.029898
20.313 10.938 0.11293
20.313 11.719 0.23775
20.313 12.5 0.28148
20.313 13.281 0.22244
20.313 14.063 0.12119
20.313 14.844 -0.011797
20.313 15.625 -0.21977
20.313 16.406 -0.38557
20.313 17.188 -0.34128
20.313 17.969 -0.19582
20.313 18.75 -0.17159
20.313 19.531 -0.13468
20.313 20.313 -0.023394
20.313 21.094 0.011268
20.313 21.875 0.024055
20.313 22.656 0.015739
20.313 23.438 0.02249
20.313 24.219 0.03609
20.313 25 -0.032363
21.094 -24.219 -0.068039
21.094 -23.438 -0.20948
21.094 -22.656 -0.2211
21.094 -21.875 -0.078394
21.094 -21.094 0.0055443
21.094 -20.313 0.049798
21.094 -19.531 0.10736
21.094 -18.75 0.12288
21.094 -17.969 0.14336
21.094 -17.188 0.067703
21.094 -16.406 -0.0029958
21.094 -15.625 -0.073222
21.094 -14.844 -0.043427
21.094 -14.063 -0.053881
21.094 -13.281 -0.0025337
21.094 -12.5 0.090699
21.094 -11.719 0.090214
21.094 -10.938 0.10443
21.094 -10.156 0.048722
21.094 -9.375 0.03824
21.094 -8.5938 0.11026
21.094 -7.8125 0.15253
21.094 -7.0313 0.12786
21.094 -6.25 0.13565
21.094 -5.4688 0.029948
21.094 -4.6875 0.003883
21.094 -3.9063 -0.0027845
21.094 -3.125 -0.0069644
21.094 -2.3438 -0.036354
21.094 -1.5625 -0.10938
21.094 -0.78125 -0.12149
21.094 0 -0.11538
21.094 0.78125 -0.005101
21.094 1.5625 0.050227
21.094 2.3438 0.071842
21.094 3.125 0.10643
21.094 3.9063 0.058083
21.094 4.6875 -0.022987
21.094 5.4688 -0.097377
21.094 6.25 -0.12338
21.094 7.0313 -0.14
21.094 7.8125 -0.14889
21.094 8.5938 -0.090683
21.094 9.375 -0.074455
21.094 10.156 -0.055805
21.094 10.938 0.075268
21.094 11.719 0.23618
21.094 12.5 0.32861
21.094 13.281 0.30292
21.094 14.063 0.15217
21.094 14.844 -0.056725
21.094 15.625 -0.20045
21.094 16.406 -0.31573
21.094 17.188 -0.3487
21.094 17.969 -0.26961
21.094 18.75 -0.21247
21.094 19.531 -0.17801
21.094 20.313 -0.012998
21.094 21.094 0.060629
21.094 21.875 0.091869
21.094 22.656 0.047326
21.094 23.438 0.030038
21.094 24.219 0.057882
21.094 25 0.016203
21.875 -24.219 -0.03559
21.875 -23.438 -0.22805
21.875 -22.656 -0.20902
21.875 -21.875 -0.05412
21.875 -21.094 0.0033954
21.875 -20.313 0.0071029
21.875 -19.531 0.11484
21.875 -18.75 0.11436
21.875 -17.969 0.14813
21.875 -17.188 0.0574
21.875 -16.406 -0.0067038
21.875 -15.625 -0.084471
21.875 -14.844 -0.080637
21.875 -14.063 -0.060477
21.875 -13.281 0.013467
21.875 -12.5 0.067991
21.875 -11.719 0.079562
21.875 -10.938 0.067523
21.875 -10.156 0.061645
21.875 -9.375 0.091713
21.875 -8.5938 0.13162
21.875 -7.8125 0.16241
21.875 -7.0313 0.16702
21.875 -6.25 0.14201
21.875 -5.4688 0.042422
21.875 -4.6875 -0.022718
21.875 -3.9063 -0.043903
21.875 -3.125 -0.042424
21.875 -2.3438 -0.11431
21.875 -1.5625 -0.15815
21.875 -0.78125 -0.19126
21.875 0 -0.17496
21.875 0.78125 0.027773
21.875 1.5625 0.11115
21.875 2.3438 0.14261
21.875 3.125 0.14198
21.875 3.9063 0.064804
21.875 4.6875 -0.020289
21.875 5.4688 -0.13663
21.875 6.25 -0.12379
21.875 7.0313 -0.19685
21.875 7.8125 -0.16874
21.875 8.5938 -0.094997
21.875 9.375 -0.057311
21.875 10.156 -0.0059277
21.875 10.938 0.11017
21.875 11.719 0.30142
21.875 12.5 0.35659
21.875 13.281 0.28262
21.875 14.063 0.10768
21.875 14.844 -0.071192
21.875 15.625 -0.15536
21.875 16.406 -0.22522
21.875 17.188 -0.2623
21.875 17.969 -0.26762
21.875 18.75 -0.21418
21.875 19.531 -0.2023
21.875 20.313 -0.020418
21.875 21.094 0.12952
21.875 21.875 0.076677
21.875 22.656 0.018912
21.875 23.438 0.024086
21.875 24.219 0.0258
21.875 25 0.047336
22.656 -24.219 -0.071628
22.656 -23.438 -0.24379
22.656 -22.656 -0.26366
22.656 -21.875 -0.14642
22.656 -21.094 -0.034307
22.656 -20.313 -0.01987
22.656 -19.531 0.051322
22.656 -18.75 0.12932
22.656 -17.969 0.10927
22.656 -17.188 0.03928
22.656 -16.406 -0.032601
22.656 -15.625 -0.071205
22.656 -14.844 -0.092033
22.656 -14.063 -0.036897
22.656 -13.281 -0.03453
22.656 -12.5 0.030161
22.656 -11.719 0.030754
22.656 -10.938 0.035314
22.656 -10.156 0.07978
22.656 -9.375 0.1295
22.656 -8.5938 0.12811
22.656 -7.8125 0.15491
22.656 -7.0313 0.17938
22.656 -6.25 0.17639
22.656 -5.4688 0.065932
22.656 -4.6875 -0.047244
22.656 -3.9063 -0.10104
22.656 -3.125 -0.094646
22.656 -2.3438 -0.13181
22.656 -1.5625 -0.23304
22.656 -0.78125 -0.27484
22.656 0 -0.17163
22.656 0.78125 0.046961
22.656 1.5625 0.15905
22.656 2.3438 0.21413
22.656 3.125 0.17638
22.656 3.9063 0.074894
22.656 4.6875 -0.080516
22.656 5.4688 -0.16815
22.656 6.25 -0.12082
22.656 7.0313 -0.11351
22.656 7.8125 -0.064915
22.656 8.5938 -0.039355
22.656 9.375 -0.021646
22.656 10.156 0.060237
22.656 10.938 0.15936
22.656 11.719 0.2666
22.656 12.5 0.36032
22.656 13.281 0.27485
22.656 14.063 0.077965
22.656 14.844 -0.025823
22.656 15.625 -0.08681
22.656 16.406 -0.13379
22.656 17.188 -0.19564
22.656 17.969 -0.26233
22.656 18.75 -0.17984
22.656 19.531 -0.1307
22.656 20.313 0.022293
22.656 21.094 0.12404
22.656 21.875 0.010352
22.656 22.656 -0.028726
22.656 23.438 -0.0302
22.656 24.219 -0.013194
22.656 25 0.0074814
23.438 -24.219 -0.11939
23.438 -23.438 -0.2775
23.438 -22.656 -0.30261
23.438 -21.875 -0.20455
23.438 -21.094 -0.1391
23.438 -20.313 -0.099108
23.438 -19.531 -0.026145
23.438 -18.75 0.10456
23.438 -17.969 0.060608
23.438 -17.188 0.014961
23.438 -16.406 -0.030187
23.438 -15.625 -0.064558
23.438 -14.844 -0.080119
23.438 -14.063 -0.06739
23.438 -13.281 -0.071212
23.438 -12.5 -0.0025822
23.438 -11.719 -0.0018842
23.438 -10.938 0.0044751
23.438 -10.156 0.10332
23.438 -9.375 0.14176
23.438 -8.5938 0.20934
23.438 -7.8125 0.25778
23.438 -7.0313 0.26877
23.438 -6.25 0.1806
23.438 -5.4688 0.066304
23.438 -4.6875 -0.049014
23.438 -3.9063 -0.12965
23.438 -3.125 -0.10597
23.438 -2.3438 -0.17066
23.438 -1.5625 -0.24478
23.438 -0.78125 -0.29318
23.438 0 -0.12293
23.438 0.78125 0.034266
23.438 1.5625 0.17162
23.438 2.3438 0.23315
23.438 3.125 0.17744
23.438 3.9063 0.0066278
23.438 4.6875 -0.15617
23.438 5.4688 -0.15044
23.438 6.25 -0.089635
23.438 7.0313 -0.086913
23.438 7.8125 -0.040203
23.438 8.5938 -0.0054863
23.438 9.375 -0.0096861
23.438 10.156 0.079727
23.438 10.938 0.17636
23.438 11.719 0.28736
23.438 12.5 0.319
23.438 13.281 0.26931
23.438 14.063 0.12047
23.438 14.844 0.030728
23.438 15.625 -0.034766
23.438 16.406 -0.095048
23.438 17.188 -0.16049
23.438 17.969 -0.22517
23.438 18.75 -0.15584
23.438 19.531 -0.089118
23.438 20.313 0.017177
23.438 21.094 0.071987
23.438 21.875 0.032942
23.438 22.656 -0.038072
23.438 23.438 -0.043578
23.438 24.219 -0.037954
23.438 25 -0.046533
24.219 -24.219 -0.1677
24.219 -23.438 -0.25797
24.219 -22.656 -0.22967
24.219 -21.875 -0.22384
24.219 -21.094 -0.16846
24.219 -20.313 -0.12846
24.219 -19.531 -0.0883
24.219 -18.75 -0.013288
24.219 -17.969 0.064778
24.219 -17.188 0.086834
24.219 -16.406 0.0085053
24.219 -15.625 -0.022968
24.219 -14.844 -0.090193
24.219 -14.063 -0.15878
24.219 -13.281 -0.17515
24.219 -12.5 -0.075347
24.219 -11.719 0.0063853
24.219 -10.938 0.064371
24.219 -10.156 0.11625
24.219 -9.375 0.12731
24.219 -8.5938 0.21956
24.219 -7.8125 0.31457
24.219 -7.0313 0.30615
24.219 -6.25 0.1857
24.219 -5.4688 0.073121
24.219 -4.6875 -0.0090384
24.219 -3.9063 -0.061576
24.219 -3.125 -0.066548
24.219 -2.3438 -0.14634
24.219 -1.5625 -0.23964
24.219 -0.78125 -0.2441
24.219 0 -0.10189
24.219 0.78125 0.020212
24.219 1.5625 0.1624
24.219 2.3438 0.17749
24.219 3.125 0.12916
24.219 3.9063 0.0011951
24.219 4.6875 -0.16376
24.219 5.4688 -0.14636
24.219 6.25 -0.10122
24.219 7.0313 -0.10297
24.219 7.8125 -0.075372
24.219 8.5938 -0.023188
24.219 9.375 -0.0057045
24.219 10.156 0.052575
24.219 10.938 0.17148
24.219 11.719 0.25687
24.219 12.5 0.29427
24.219 13.281 0.22515
24.219 14.063 0.14359
24.219 14.844 0.036453
24.219 15.625 -0.047792
24.219 16.406 -0.10041
24.219 17.188 -0.085493
24.219 17.969 -0.11657
24.219 18.75 -0.074517
24.219 19.531 -0.074972
24.219 20.313 -0.016494
24.219 21.094 0.030092
24.219 21.875 -0.0044207
24.219 22.656 -0.072361
24.219 23.438 -0.074512
24.219 24.219 -0.099199
24.219 25 -0.08226
25 -24.219 -0.17596
25 -23.438 -0.20832
25 -22.656 -0.18667
25 -21.875 -0.18315
25 -21.094 -0.15043
25 -20.313 -0.090697
25 -19.531 -0.10031
25 -18.75 -0.021889
25 -17.969 0.042458
25 -17.188 0.10198
25 -16.406 0.071948
25 -15.625 -0.032147
25 -14.844 -0.076767
25 -14.063 -0.20877
25 -13.281 -0.26583
25 -12.5 -0.12319
25 -11.719 0.016554
25 -10.938 0.086437
25 -10.156 0.1011
25 -9.375 0.1187
25 -8.5938 0.21556
25 -7.8125 0.24639
25 -7.0313 0.23554
25 -6.25 0.15251
25 -5.4688 0.13117
25 -4.6875 0.095949
25 -3.9063 -0.049898
25 -3.125 -0.0993
25 -2.3438 -0.14978
25 -1.5625 -0.17053
25 -0.78125 -0.19079
25 0 -0.070652
25 0.78125 0.048676
25 1.5625 0.16453
25 2.3438 0.16334
25 3.125 0.1234
25 3.9063 -0.029937
25 4.6875 -0.17846
25 5.4688 -0.18772
25 6.25 -0.15637
25 7.0313 -0.10698
25 7.8125 0.015375
25 8.5938 0.063053
25 9.375 -0.011281
25 10.156 0.027378
25 10.938 0.15821
25 11.719 0.20883
25 12.5 0.21921
25 13.281 0.15023
25 14.063 0.072488
25 14.844 0.023447
25 15.625 -0.043827
25 16.406 -0.060767
25 17.188 -0.062716
25 17.969 0.025853
25 18.75 -0.014738
25 19.531 -0.043074
25 20.313 -0.0047646
25 21.094 0.035168
25 21.875 -0.015399
25 22.656 -0.050355
25 23.438 -0.096913
25 24.219 -0.11122
25 25 -0.081738
