0.044246 -0.135667
-0.225354 -0.106038
-0.053882 0.045964
0.173954 0.132974
0.048422 0.017609
-0.175111 -0.227933
-0.201314 -0.113446
0.040995 -0.075111
-0.137954 -0.217926
-0.283748 -0.122402
0.019213 0.035469
-0.095936 -0.242189
-0.335869 -0.126367
0.127928 0.079329
0.081272 -0.013363
-0.045591 -0.037470
-0.021289 0.054388
0.078774 0.062271
0.062621 -0.001936
-0.171150 -0.284978
-0.338432 -0.168414
0.072854 0.260333
0.310101 0.044935
-0.099666 -0.127419
-0.059931 0.041780
0.234247 0.178679
0.212679 0.294849
0.304917 0.196515
0.009569 -0.170974
-0.185948 -0.041810
-0.128978 -0.252415
-0.086230 0.102266
-0.022467 -0.148595
-0.154630 -0.009785
0.001194 0.033477
0.078852 0.121114
0.037001 -0.063168
-0.088131 -0.199532
-0.078291 -0.032389
0.016170 -0.070661
-0.130171 -0.151647
-0.254094 -0.104117
-0.005013 -0.072344
-0.214457 -0.248204
-0.173957 0.001067
0.170293 0.070848
0.055159 -0.070616
-0.131971 -0.229546
-0.013595 0.078324
0.053523 0.070120
0.067172 0.021270
-0.195465 -0.258591
-0.248901 -0.309968
-0.068041 0.237570
0.225143 0.020794
-0.005269 0.024169
0.005425 0.033950
0.089673 0.068461
0.219461 0.273060
0.283003 0.293221
0.151369 -0.145118
-0.151993 0.036686
0.005051 -0.128544
-0.094805 -0.016847
-0.066892 -0.076970
-0.116526 0.048718
0.067831 0.041250
-0.069242 0.058276
0.007343 0.017107
-0.008352 -0.184925
-0.061211 -0.004386
-0.040617 -0.064761
-0.117506 -0.096429
-0.079444 -0.092667
-0.080400 -0.133880
-0.200252 -0.173846
-0.153529 0.004835
0.147267 0.027293
-0.072902 -0.034976
-0.108527 -0.186194
-0.051657 0.032020
0.074374 0.088044
0.041902 0.038182
-0.081450 -0.126143
-0.199551 -0.410750
-0.232231 0.077252
0.118974 0.125103
0.108980 0.119610
0.149494 -0.034630
-0.147296 -0.033177
0.160043 0.303979
0.282056 0.247145
0.111930 -0.122830
-0.133127 0.074970
0.090802 -0.119623
-0.139139 -0.129210
-0.206192 -0.128808
0.010023 0.069267
0.086732 0.022465
-0.035821 -0.030166
-0.067547 0.064733
0.088126 -0.081503
0.115307 0.090478
-0.099906 -0.181027
-0.090138 -0.059776
0.013974 -0.016123
-0.030596 -0.094587
-0.120431 -0.173402
-0.154729 -0.029722
0.116023 -0.004762
-0.017959 -0.000599
-0.095544 -0.213339
-0.171395 -0.133055
0.071017 0.007568
-0.008967 0.026227
0.124425 0.063753
-0.140922 -0.416590
-0.387418 -0.108737
0.081529 0.137550
0.111852 0.199166
0.173366 -0.118548
-0.144941 -0.055871
0.038714 0.167599
0.198854 0.171335
0.037893 -0.008262
0.023208 0.122456
0.038963 -0.152964
-0.125743 -0.216962
-0.201151 -0.140665
0.075898 0.200568
0.134630 0.005010
-0.185051 -0.207866
-0.094094 0.102388
0.053998 0.055251
0.165709 0.202661
0.045594 -0.054537
-0.056162 -0.080546
0.009873 0.017867
-0.012999 0.016275
0.031029 -0.151728
-0.147379 -0.077449
0.030993 0.003146
0.043420 -0.037870
-0.156922 -0.266433
-0.249039 -0.136732
0.035421 -0.037795
-0.054176 0.028082
0.162158 0.031568
-0.106159 -0.297049
-0.376979 -0.182146
0.070122 0.125840
0.133513 0.228522
0.135192 -0.109795
-0.053212 -0.007345
0.034294 0.021111
0.113652 0.135758
0.088035 0.140814
0.105665 0.059171
0.084377 -0.087848
-0.161495 -0.247695
-0.174026 -0.124951
0.098379 0.379891
0.173366 -0.130876
-0.264860 -0.166976
-0.047490 0.006570
-0.026906 0.059687
0.121926 0.117911
0.064684 -0.036947
-0.028859 -0.010087
0.060503 0.042340
-0.041754 0.063487
0.106917 0.018084
-0.134344 -0.131634
0.057980 0.084330
0.158077 -0.093208
-0.228160 -0.263536
-0.201345 -0.133572
-0.053765 -0.009928
0.092410 0.008011
-0.001430 -0.004427
-0.091042 -0.138468
-0.228930 -0.115476
0.091954 0.092170
0.129590 0.135055
0.142903 -0.009532
-0.029207 0.058593
-0.053791 -0.074805
0.002042 0.008506
0.099986 0.163539
0.148193 0.060014
-0.022650 -0.094705
-0.196892 -0.249241
-0.153284 -0.086732
0.131821 0.380343
0.093977 -0.274307
-0.299082 -0.085716
0.004327 -0.049974
-0.089919 0.011893
0.136075 0.082950
0.135048 0.075665
-0.013148 0.097432
0.167055 -0.008010
-0.141890 0.030126
0.164201 0.071325
-0.100115 0.022149
0.152632 0.179566
0.213996 0.015043
-0.205355 -0.126549
-0.176426 -0.202619
-0.143191 -0.087359
-0.019034 -0.080150
-0.016860 -0.058155
-0.005731 -0.095374
-0.204242 -0.095901
0.063430 0.141186
0.115769 0.151689
0.183160 0.074150
0.016024 0.140346
-0.069137 -0.088326
-0.052465 0.059378
0.183160 0.153686
0.117663 0.032819
-0.125192 -0.161260
-0.209872 -0.167449
-0.136632 0.043203
0.273897 0.391845
0.014710 -0.276975
-0.269675 -0.087721
-0.026053 -0.026527
-0.090086 0.006001
0.070511 0.165689
0.230820 0.202510
0.108403 0.188436
0.148007 -0.012345
-0.162162 0.037554
0.108217 0.000024
-0.088746 0.160902
0.305593 0.266924
0.280996 0.061002
-0.115083 -0.114515
-0.163640 -0.225145
-0.213499 -0.087914
0.010026 -0.180471
-0.149085 -0.061493
0.029684 -0.065897
-0.137570 -0.163061
-0.072642 0.065271
0.128791 0.146378
0.098721 -0.005383
0.128268 0.031519
-0.020831 -0.072322
-0.089549 0.142435
0.268418 0.128249
0.029095 -0.129894
-0.244971 -0.284695
-0.175050 -0.168930
-0.124988 0.109839
0.299660 0.282876
0.013495 -0.152368
-0.227230 -0.166576
-0.044008 0.013511
-0.019647 0.019166
0.062477 0.104637
0.227940 0.216126
0.101318 0.096502
-0.012867 -0.063567
0.013109 0.084802
0.048762 -0.040995
-0.011613 0.187643
0.306078 0.286010
0.216633 0.115818
-0.041916 -0.063014
-0.139476 -0.260691
-0.144539 -0.015942
0.008277 -0.193504
-0.183184 -0.049116
0.030333 0.005843
-0.081170 -0.213345
-0.151529 -0.036364
0.182192 0.174339
0.122101 0.046141
0.116996 -0.012625
-0.001799 -0.020875
0.006579 0.128400
0.250623 0.177671
0.011125 -0.231834
-0.286420 -0.351547
-0.214223 -0.169723
-0.061233 0.082511
0.103995 0.083238
0.100782 -0.051640
-0.208026 -0.178201
-0.059404 0.029979
0.046424 0.092820
0.146433 0.174894
0.218761 0.297475
0.131504 -0.030939
0.005470 -0.035367
-0.025583 0.017808
0.095872 -0.003762
-0.038193 0.209600
0.272137 0.242620
0.111934 0.080221
0.102253 0.036761
-0.065590 -0.253764
-0.099812 -0.025701
-0.043654 -0.190440
-0.158615 -0.037285
0.037335 0.127145
-0.057930 -0.177340
-0.164159 -0.041731
0.184799 0.296911
0.215860 0.148094
0.161045 -0.059134
-0.079724 -0.078853
0.042002 0.221661
0.312265 0.268404
0.083915 -0.203974
-0.236573 -0.307267
-0.305855 -0.186675
-0.071329 -0.024225
-0.027869 -0.011164
0.077496 -0.013891
-0.165336 -0.169522
-0.041706 0.048922
0.018690 0.147817
0.118458 0.182570
0.187694 0.201501
0.034609 -0.042015
0.037285 0.020108
-0.047132 -0.078772
-0.003844 0.049747
0.050684 0.131921
0.167952 0.259386
0.168639 -0.036880
0.063769 0.030558
-0.065449 -0.177212
-0.136456 -0.160266
-0.211260 -0.282221
-0.067722 0.043062
0.086451 0.066090
0.003477 -0.019649
-0.108011 -0.001173
0.188141 0.240724
0.158816 0.216151
0.305729 -0.001220
-0.065090 -0.066886
0.174424 0.394749
0.338565 0.210545
0.021565 -0.073169
-0.176853 -0.346025
-0.343875 -0.181701
-0.092384 -0.069404
-0.044687 0.041537
0.074159 -0.083093
-0.169481 -0.160620
-0.133320 0.042986
0.110031 0.105038
0.106735 0.160271
0.143990 0.059814
-0.092700 -0.014618
0.094795 0.052054
0.040792 -0.022325
-0.069069 -0.002129
0.075325 0.029876
0.031029 0.223279
0.127804 0.027519
0.086255 0.001807
-0.088400 -0.084029
-0.104501 -0.210061
-0.302285 -0.166961
-0.017376 0.035365
0.059039 0.085423
-0.017362 0.019907
0.051768 -0.037915
0.121232 0.211469
0.175072 0.279263
0.256519 0.074836
0.012449 0.110105
0.309841 0.437785
0.365268 0.167921
-0.009497 -0.041085
-0.073085 -0.272346
-0.269909 -0.243242
-0.035072 -0.017685
-0.024805 0.063850
-0.017215 -0.188217
-0.119783 -0.193019
-0.182950 0.005756
0.125273 0.095648
0.060181 0.223183
0.124461 -0.003741
-0.120435 -0.075315
0.125735 0.074867
0.014452 -0.029235
0.071135 -0.030778
-0.044463 -0.048368
-0.065798 0.069786
0.069327 0.049604
0.123315 0.122772
-0.056643 -0.147683
-0.124586 -0.160116
-0.184917 -0.067644
0.037719 0.123335
0.092037 0.167699
0.009253 -0.064022
-0.022948 -0.103336
0.071222 0.219091
0.220946 0.285958
0.157987 0.036719
0.043785 0.103081
0.352838 0.471714
0.367561 0.219170
0.031544 -0.004688
-0.029956 -0.208460
-0.185518 -0.139393
-0.034683 0.014601
-0.005463 0.027720
-0.200544 -0.241657
-0.045345 -0.084753
-0.113115 -0.106184
-0.068554 0.066085
0.061379 0.171745
0.169500 0.010188
-0.222332 -0.116794
0.090872 0.036404
-0.014857 -0.075497
0.051768 -0.078248
-0.175629 -0.170938
-0.084478 -0.044276
0.017634 0.007854
0.039251 0.105038
-0.018972 -0.154649
-0.175195 -0.191839
-0.073544 -0.030554
0.098845 0.281384
0.252791 0.210152
0.013428 -0.098833
-0.188569 -0.107498
-0.002761 0.171669
0.321304 0.329572
0.159725 0.018955
0.099038 0.128489
0.323042 0.419908
0.318755 0.211124
0.141970 0.049405
-0.071327 -0.146347
-0.001050 0.000772
-0.019937 -0.041981
0.025553 -0.099176
-0.357133 -0.294853
-0.027048 0.099380
0.066993 -0.091543
-0.198743 -0.127741
-0.061149 0.165839
0.173825 -0.058223
-0.205245 -0.115739
0.048140 -0.046500
0.027593 0.014742
-0.038753 -0.194948
-0.230301 -0.155239
-0.047595 -0.146907
-0.093912 0.025976
-0.026474 0.106126
-0.005627 -0.006803
-0.123147 -0.189846
-0.145899 -0.062545
0.088526 0.258894
0.411031 0.274060
0.000986 -0.173391
-0.178828 -0.172174
0.039269 0.178400
0.256900 0.308662
0.103693 0.026647
0.131791 0.228873
0.246630 0.368711
0.282719 0.221388
0.252078 0.177964
-0.016944 0.011629
0.089047 0.029817
0.023192 0.077343
0.052609 -0.133972
-0.405144 -0.331136
-0.063216 0.188180
0.094510 0.007112
-0.166414 -0.269861
-0.197285 0.069364
0.076153 -0.047182
-0.165100 -0.146053
-0.081305 -0.128636
0.035525 0.069073
-0.008970 -0.212572
-0.219451 -0.108072
-0.010105 -0.103220
-0.133939 -0.020682
0.018985 0.071129
-0.010406 -0.051230
-0.147313 -0.165301
-0.174408 -0.040268
0.070312 0.146436
0.350555 0.327645
-0.004895 -0.177415
-0.242464 -0.135088
0.039689 0.037676
0.198971 0.221347
0.033079 0.034982
0.174823 0.194287
0.164734 0.249691
0.280506 0.235565
0.243633 0.198141
0.163675 0.194425
0.159918 -0.008841
0.102580 0.134533
0.032946 -0.129811
-0.283403 -0.256793
-0.008788 0.116800
0.150789 0.041034
-0.166326 -0.235915
-0.165629 -0.018227
0.027340 0.046309
-0.121532 -0.131699
-0.041670 0.014777
0.112176 0.077977
-0.109718 -0.256951
-0.197967 -0.079219
0.004340 -0.034928
-0.085756 -0.133008
-0.004484 0.057049
-0.104574 -0.135227
-0.082195 -0.104734
-0.032052 -0.042416
0.052361 0.081291
0.230773 0.220270
0.026717 -0.063450
-0.197509 -0.145668
-0.062218 -0.074380
0.119999 0.090753
0.083606 0.073440
0.099171 0.121312
0.039211 0.169660
0.161743 0.140979
0.165749 0.223553
0.293596 0.247867
0.099277 0.067641
0.214599 0.155061
0.046620 -0.019126
-0.170461 -0.127409
0.038372 0.141193
0.116214 0.077838
-0.058707 -0.132141
-0.073761 0.039415
-0.047102 0.009218
-0.022034 -0.106362
-0.052833 0.106292
0.175311 0.013797
-0.195262 -0.265949
-0.159862 -0.011465
0.132159 0.119225
0.017479 -0.160268
-0.014133 -0.099560
-0.153295 -0.115778
-0.020813 0.022546
-0.035292 -0.005611
0.093684 0.073394
0.103044 0.056673
0.005092 0.023672
-0.074418 -0.102623
-0.151017 -0.111115
0.029521 0.085501
0.162530 0.156144
0.097180 0.037954
-0.017713 0.094382
0.115814 0.056090
0.156219 0.305262
0.267266 0.241738
0.062978 0.093220
0.146269 0.138021
0.090935 0.027476
-0.099007 -0.076505
0.054415 0.058636
0.017755 0.077932
-0.004536 -0.079073
0.039368 0.076107
-0.131321 -0.067148
0.084967 -0.043590
0.003636 0.080676
0.050990 -0.079602
-0.176849 -0.159138
-0.074309 0.054875
0.163000 0.160025
0.062740 -0.010532
-0.098569 -0.124829
-0.135933 -0.041987
0.043510 0.048856
0.074700 -0.031287
0.059252 -0.008303
0.094350 0.064830
-0.000453 -0.056454
-0.073449 -0.025476
-0.183715 -0.183706
0.040415 0.106171
0.125631 0.175211
0.100804 -0.089888
-0.096848 0.021589
0.046827 0.083818
0.158244 0.222546
0.156764 0.167098
0.096021 0.090755
0.058837 0.116276
0.077314 0.121815
0.026936 0.007186
0.090404 0.011297
-0.051003 0.022703
-0.071877 -0.049421
0.024973 -0.012160
0.023653 0.041281
0.210174 0.073181
-0.060979 0.002624
-0.087204 -0.151889
-0.236055 -0.125984
0.038898 0.047073
0.178641 0.184110
0.070829 0.030584
-0.086770 -0.132504
-0.167248 -0.065737
0.118297 0.119465
0.074395 -0.015551
0.016966 0.010201
0.058777 0.003551
-0.092952 -0.121454
0.001906 0.031734
-0.122442 -0.105975
-0.090448 0.003300
0.097089 0.069289
0.007239 -0.084057
-0.092054 -0.002951
0.035510 0.156590
0.145937 0.138646
0.161560 0.148386
0.061463 0.020598
0.100732 0.115646
0.062609 0.115088
0.142379 0.158281
0.118108 0.015432
-0.064862 -0.086499
-0.022715 0.051308
0.068308 0.073270
0.215358 0.196537
0.252424 0.155713
-0.061524 -0.045708
-0.168531 -0.245615
-0.279294 -0.050445
0.084872 0.100119
0.173847 0.144556
0.072962 -0.069117
-0.036309 -0.053788
-0.090925 -0.054855
0.140784 0.143012
0.018321 0.033243
0.064871 0.142958
0.027538 -0.110116
-0.148125 -0.121309
-0.056737 0.025593
-0.121797 -0.123615
-0.175844 -0.069897
0.002476 0.026881
-0.106914 -0.069555
-0.007328 0.069211
0.083591 0.122113
0.145393 0.100414
0.277621 0.285562
0.161787 0.063130
0.098596 -0.034347
0.036250 0.192574
0.262378 0.183856
0.108414 0.010078
-0.132271 -0.077492
0.084373 0.074406
0.045482 0.107008
0.266015 0.203618
0.390927 0.224476
0.004337 -0.054005
-0.112236 -0.259291
-0.207557 -0.001112
0.067225 0.089166
0.036186 0.003713
-0.107412 -0.094299
-0.042467 0.042510
-0.042072 -0.041115
0.174092 0.033515
0.017381 0.087264
0.220846 0.142244
0.006858 -0.208318
-0.285154 -0.068284
-0.041883 -0.020175
-0.174607 -0.246262
-0.219457 -0.107618
-0.188338 -0.166533
-0.131234 -0.038258
-0.105949 0.058366
0.121061 0.154992
0.220582 0.167994
0.301345 0.294572
0.269445 0.181509
-0.037925 -0.097098
0.098102 0.261224
0.350445 0.206804
0.075690 -0.037873
-0.196985 -0.089548
0.091096 0.122178
0.077598 0.180190
0.270752 0.304310
0.366192 0.248486
0.123676 0.018452
-0.170625 -0.309953
-0.140698 0.102912
0.091935 0.053328
-0.041856 -0.062335
-0.185347 -0.073560
0.047300 0.057654
0.043680 0.084248
0.047628 -0.090383
-0.085982 0.138941
0.353439 0.200788
0.031276 -0.162000
-0.206161 0.028904
-0.008658 -0.064957
-0.182127 -0.227363
-0.173193 -0.184174
-0.224241 -0.177809
-0.124558 -0.157977
-0.138582 0.029941
0.145186 0.249750
0.231961 0.203841
0.293364 0.259557
0.238883 0.116155
-0.114558 -0.115827
0.113625 0.262854
0.289201 0.267954
0.099898 -0.127587
-0.209582 -0.212011
-0.007669 0.084616
0.149028 0.289748
0.272912 0.293021
0.354623 0.230884
0.084950 0.013195
-0.181056 -0.217819
-0.067467 0.161665
0.203202 0.094524
-0.001035 -0.044904
-0.180844 -0.033982
0.150432 0.061267
0.053265 0.104453
-0.078963 -0.298731
-0.182759 0.138639
0.281603 0.192147
0.080713 -0.089507
-0.075134 0.029893
0.024138 -0.104302
-0.153579 -0.230522
-0.308119 -0.175320
-0.162128 -0.151146
-0.174976 -0.239716
-0.159860 -0.086076
0.114585 0.089553
0.149021 0.260583
0.379730 0.349857
0.125055 0.063459
-0.102823 -0.019329
0.182799 0.277433
0.250926 0.294817
0.156585 -0.078248
-0.236628 -0.287965
-0.164379 -0.001471
0.119430 0.252972
0.360239 0.336760
0.305701 0.171167
0.032847 0.002844
-0.108976 -0.117633
-0.013449 0.241565
0.279610 0.016730
0.031652 -0.094464
-0.092191 0.023110
0.106333 0.068510
0.076028 0.036684
-0.136789 -0.372491
-0.272136 0.085035
0.177169 0.096140
0.005348 0.035113
0.115179 0.245428
0.081189 -0.101657
-0.152992 -0.357932
-0.414570 -0.243694
-0.135734 -0.135384
-0.154478 -0.197319
-0.175598 -0.080101
0.112222 0.061598
0.055969 0.210232
0.291935 0.310216
0.159281 0.053262
0.074120 0.181447
0.265015 0.281953
0.249675 0.177599
0.134719 0.014131
-0.044693 -0.189252
-0.227614 -0.116581
0.080288 0.310584
0.456054 0.434874
0.233336 0.108673
-0.029682 0.069308
-0.047224 -0.040462
0.123867 0.212756
0.218076 0.053907
-0.014111 -0.113962
0.022169 0.182000
0.121171 0.208015
0.104616 -0.070699
-0.180419 -0.327208
-0.295480 -0.072182
0.015508 -0.013260
-0.049216 0.065047
0.338153 0.362289
0.134489 0.015271
-0.178365 -0.366909
-0.492580 -0.378018
-0.267836 -0.215091
-0.187980 -0.206733
-0.205303 -0.138207
0.093225 0.005494
-0.064704 0.087277
0.220017 0.175011
0.156746 0.005735
0.179144 0.203577
0.309903 0.318965
0.177886 0.036670
0.030062 0.052585
-0.079474 -0.216973
-0.233314 -0.134785
0.123799 0.308023
0.422327 0.344438
0.167051 -0.033233
-0.076267 0.105725
0.067665 -0.001601
0.084359 0.229334
0.192247 0.069987
-0.051496 -0.055894
0.097317 0.245031
0.162472 0.225028
0.205824 -0.058333
-0.240023 -0.285102
-0.303796 -0.227588
-0.041889 -0.059041
-0.054716 0.148844
0.389350 0.315882
0.114752 0.029198
-0.128647 -0.300124
-0.429744 -0.371300
-0.353133 -0.277211
-0.254494 -0.186874
-0.199080 -0.194280
0.010122 -0.080923
-0.130065 0.012910
0.050253 -0.050855
0.067984 0.086151
0.196555 0.195978
0.263997 0.134850
0.021514 -0.002525
-0.037627 -0.029379
-0.187766 -0.277455
-0.259159 -0.092743
0.052571 0.199888
0.256816 0.196509
0.033635 -0.058644
-0.054394 0.095024
0.166137 0.081297
0.055507 0.144095
0.147189 -0.034247
-0.062733 0.023749
0.215993 0.305767
0.245185 0.237789
0.294726 0.053247
-0.122638 -0.237080
-0.262097 -0.229252
-0.112215 -0.014143
0.026022 0.240238
0.338060 0.286319
0.134398 0.034453
0.017147 -0.193609
-0.376238 -0.352884
-0.218142 -0.189902
-0.221538 -0.201436
-0.255152 -0.265906
-0.208178 -0.290406
-0.144637 -0.084312
-0.133277 -0.170056
-0.090787 -0.015561
0.222286 0.198660
0.242664 0.124679
-0.005847 -0.096436
-0.044394 -0.086408
-0.203839 -0.340203
-0.229603 -0.057722
0.054971 0.089130
0.179604 0.096284
-0.107273 -0.071875
0.001610 0.152898
0.128677 0.012308
0.006649 0.053986
0.072483 -0.075600
-0.088251 0.038175
0.275449 0.236295
0.215248 0.294444
0.311608 0.151703
-0.068125 -0.273634
-0.237302 -0.188024
-0.057133 0.069651
0.036592 0.216562
0.308957 0.278972
0.254328 0.135557
0.080940 -0.112376
-0.207097 -0.179097
-0.113681 -0.112866
-0.094261 -0.245515
-0.267469 -0.225038
-0.260564 -0.324447
-0.102322 -0.070299
-0.178978 -0.181256
-0.155322 -0.099270
0.190319 0.211502
0.259543 0.131702
-0.014169 -0.069320
-0.136152 -0.159177
-0.236738 -0.246854
-0.163305 -0.057631
-0.110065 -0.094499
0.009721 0.015118
-0.104364 0.045132
0.203124 0.162247
0.027777 -0.081590
-0.029676 0.067241
0.038654 0.005896
-0.028010 -0.057996
0.176383 0.247154
0.271469 0.329361
0.314397 0.159938
-0.118876 -0.217283
-0.221668 -0.122994
-0.004143 0.063967
0.043381 0.205269
0.210554 0.214220
0.261646 0.156108
0.041589 -0.035364
0.020614 0.016392
-0.127142 -0.073158
-0.093511 -0.247792
-0.144713 -0.215871
-0.267219 -0.179055
-0.127494 -0.087048
-0.176698 -0.099590
-0.209446 -0.121717
0.089762 0.170455
0.230947 0.113960
-0.031287 -0.183296
-0.274754 -0.160420
-0.127521 -0.070196
-0.037013 -0.119932
-0.265140 -0.268603
-0.156089 -0.030774
-0.038383 0.142302
0.259071 0.105597
0.025213 -0.078035
-0.115865 0.003468
0.003878 0.005629
-0.007605 -0.111205
0.145681 0.233090
0.249248 0.377285
0.374807 0.090836
-0.160946 -0.129284
-0.234578 -0.176097
-0.037537 -0.055525
-0.054379 0.144917
0.209338 0.175267
0.266542 0.102820
0.081707 0.018099
0.073570 0.030229
-0.123843 -0.052389
-0.178237 -0.241252
-0.138692 -0.266521
-0.203114 -0.143755
-0.140823 -0.126957
-0.184923 -0.142831
-0.204454 -0.088896
0.057364 0.185440
0.160144 0.054487
-0.083723 -0.265492
-0.306912 -0.218608
-0.012987 0.068742
-0.076327 -0.142248
-0.281398 -0.358683
-0.252897 -0.080425
-0.008044 0.159055
0.223773 0.100453
0.001780 -0.111548
-0.234308 -0.080790
-0.068434 0.002578
-0.078415 -0.121703
0.081755 0.199562
0.255908 0.345066
0.247011 0.059257
-0.125938 -0.073983
-0.192528 -0.100312
-0.027430 -0.038908
-0.032773 0.024565
0.051268 0.176839
0.191189 0.123999
0.052724 0.085990
0.081171 0.014658
-0.047002 -0.065113
-0.139361 -0.221915
-0.105882 -0.195027
-0.140665 -0.096556
-0.157149 -0.145856
-0.097281 -0.102306
-0.172827 -0.028257
0.174134 0.262291
0.104643 0.043025
-0.167507 -0.364947
-0.344588 -0.236164
0.071602 0.182869
-0.025164 -0.158989
-0.318743 -0.371960
-0.240464 -0.075038
0.141652 0.237714
0.203958 0.125688
0.051799 -0.087894
-0.233638 -0.169903
-0.145755 -0.078907
-0.119440 -0.094464
0.076339 0.140675
0.216602 0.196959
0.053800 0.003315
-0.048135 0.032653
-0.076942 -0.107925
0.085635 0.047413
-0.026852 -0.011815
0.094617 0.146903
0.163380 0.150327
0.014763 -0.022736
0.060443 0.008452
0.038431 -0.093775
-0.171821 -0.125875
-0.067264 -0.131586
-0.098476 -0.173912
-0.206874 -0.179860
-0.076370 -0.097821
-0.211999 -0.029436
0.208234 0.298817
0.116621 0.017344
-0.227317 -0.406279
-0.396281 -0.253813
0.048393 0.157976
0.039682 -0.186291
-0.333578 -0.379669
-0.193537 0.041066
0.184962 0.238505
0.258285 0.220260
0.095238 -0.081438
-0.236783 -0.195381
-0.079670 -0.049856
-0.050345 -0.064610
0.158036 0.201424
0.187753 0.002578
-0.096580 -0.113854
0.032415 0.050946
0.028178 0.078067
0.047343 0.046807
0.073877 0.053777
0.011564 0.052972
0.175557 0.227870
0.107642 -0.055844
-0.002370 0.042178
0.041673 -0.096104
-0.193052 -0.158035
-0.102982 -0.058258
-0.066036 -0.233273
-0.212718 -0.045378
0.005123 -0.118151
-0.182585 0.053488
0.341593 0.309842
0.114424 -0.078649
-0.209639 -0.492158
-0.307689 -0.071225
0.030113 0.025591
-0.050085 -0.222822
-0.343047 -0.370974
-0.191025 -0.012904
0.152843 0.270759
0.280786 0.221306
0.032434 -0.112982
-0.219041 -0.189717
-0.074606 -0.021029
0.010739 -0.023887
0.203678 0.265254
0.186300 0.005852
-0.122946 0.009274
0.077975 0.075087
0.062626 0.208407
0.129115 0.096491
0.108771 -0.089571
-0.132282 0.033074
0.216568 0.315551
0.109100 -0.090456
-0.072135 0.035357
0.025499 -0.104190
-0.215750 -0.210682
-0.058396 0.003212
-0.049045 -0.285692
-0.127240 0.004909
0.004305 -0.146337
-0.217632 0.117747
0.315681 0.280484
0.178726 0.050909
-0.215163 -0.460836
-0.273395 -0.072183
0.176616 -0.002322
-0.115784 -0.228924
-0.285584 -0.275412
-0.190004 -0.194985
0.058888 0.274278
0.259541 0.173234
0.061882 -0.057249
-0.283139 -0.210165
-0.141609 -0.082445
0.063577 0.028070
0.253788 0.263492
0.151747 -0.060854
-0.118878 -0.013721
0.043722 0.117434
0.129985 0.170330
0.153028 0.146066
0.126718 -0.210430
-0.136431 0.038456
0.282349 0.381022
0.074441 -0.121180
-0.098112 -0.114437
-0.099660 -0.098049
-0.159540 -0.141701
0.037703 0.063750
-0.085138 -0.280006
-0.161002 -0.037386
0.011249 -0.110966
-0.170679 0.142034
0.243533 0.235006
0.274023 0.128475
-0.163841 -0.306683
-0.220207 0.128011
0.233855 -0.074438
-0.191180 -0.176328
-0.145059 -0.203160
-0.204608 -0.164130
0.014358 0.266821
0.339836 0.120565
0.066987 -0.051816
-0.264419 -0.272014
-0.237130 -0.111184
0.016978 0.073402
0.289610 0.224594
-0.024775 -0.179451
-0.166965 -0.038042
0.091378 0.203149
0.202063 0.160779
0.157391 0.158707
0.040495 -0.163486
-0.152429 0.044136
0.263315 0.266938
0.029314 -0.115257
-0.038416 -0.178935
-0.137968 -0.084328
-0.083656 -0.060311
0.085082 0.144258
-0.038401 -0.349238
-0.317106 -0.046794
0.021983 -0.065684
-0.127845 0.070825
0.176970 0.238441
0.208119 0.114284
-0.120517 -0.183475
-0.069773 0.213014
0.225593 -0.040275
-0.163665 -0.165394
-0.076127 -0.168971
-0.252575 -0.214083
0.028022 0.355166
0.339977 0.130971
-0.034240 -0.107308
-0.170985 -0.265701
-0.212016 -0.097058
-0.025333 0.212191
0.264125 0.089997
-0.139593 -0.248090
-0.150181 -0.125937
0.181176 0.367740
0.272009 0.133498
0.163444 0.081932
-0.054557 -0.054374
-0.038569 0.091233
0.206444 0.153745
0.017129 -0.042323
-0.050707 -0.211068
-0.197594 -0.142201
0.018168 0.034767
0.085652 0.134836
-0.004489 -0.273071
-0.340001 -0.083062
0.003137 -0.103077
-0.167453 -0.098824
0.106347 0.213234
0.072379 0.048181
-0.149881 -0.191799
0.055045 0.190487
0.203240 -0.032251
-0.159462 -0.140230
-0.058996 -0.058805
-0.142397 -0.189667
0.079362 0.372515
0.363877 0.137256
-0.168783 -0.203073
-0.215395 -0.243044
-0.117103 -0.054395
0.101169 0.283502
0.232671 0.079502
-0.197803 -0.241974
-0.136881 -0.129082
0.160972 0.412391
0.375001 0.157202
0.017689 -0.004624
-0.079707 -0.037083
0.028715 0.091158
0.117106 0.107352
0.053827 0.005543
-0.130433 -0.150892
-0.106900 -0.119292
0.022980 0.102506
0.091128 0.047805
0.027418 -0.241845
-0.319534 -0.101550
0.001192 -0.213829
-0.295937 -0.179508
0.137960 0.216996
0.015003 -0.050079
-0.103273 -0.220559
0.019235 0.283812
0.195769 -0.055859
-0.111215 -0.105749
-0.028401 0.024681
-0.065032 -0.052487
0.103977 0.308731
0.260969 0.063361
-0.143869 -0.271071
-0.276605 -0.227588
-0.060346 0.025578
0.179937 0.283460
0.180276 0.018001
-0.202296 -0.248803
-0.112078 -0.030213
0.069754 0.306852
0.331115 0.165032
-0.017409 -0.022473
-0.124234 -0.117027
0.028292 0.092194
0.060053 0.084962
0.118202 0.033246
-0.119191 -0.054912
0.021362 0.041321
0.086433 0.206967
0.213448 0.120293
0.008702 -0.181497
-0.200661 0.076205
-0.077653 -0.217464
-0.306574 -0.229698
0.180940 0.143382
-0.004401 -0.068716
-0.145988 -0.195058
0.022552 0.225026
0.168848 -0.027609
-0.168142 -0.067607
0.122478 0.091141
0.037214 -0.012615
0.031971 0.207442
0.207711 0.047034
-0.192156 -0.311443
-0.355452 -0.303739
-0.024636 0.074293
0.176973 0.232994
0.177439 -0.066570
-0.180740 -0.185635
-0.009332 -0.002531
0.026927 0.088993
0.181245 0.172456
0.082256 -0.009706
-0.094633 -0.141651
0.049085 0.131417
0.123754 0.042596
0.054465 -0.019270
-0.058485 0.029297
0.090530 0.121732
0.171576 0.265915
0.285295 0.259570
0.067793 -0.043921
-0.125699 0.033997
-0.006765 -0.121555
-0.140167 -0.064122
0.182452 0.082660
-0.052489 -0.095240
-0.098250 -0.176803
-0.050075 0.150714
0.142030 0.003394
-0.076135 0.012404
0.158211 0.181384
0.069571 0.009434
0.090631 0.195471
0.122240 0.004691
-0.144778 -0.306479
-0.278505 -0.235707
-0.005731 0.146681
0.137015 0.142659
-0.018595 -0.113122
-0.107682 -0.040423
0.034689 -0.008985
-0.091677 -0.082074
0.013148 0.074885
0.123061 0.085510
-0.041911 -0.064214
0.095418 0.195154
0.086279 -0.055957
-0.138643 -0.175283
-0.057396 0.074322
0.125589 0.110261
0.197422 0.232793
0.269163 0.241604
0.109661 0.062653
-0.011681 0.002818
-0.010002 -0.029082
-0.080788 0.052127
0.210360 0.031720
-0.036864 -0.047669
-0.127803 -0.228200
-0.224260 0.107492
0.173807 0.060174
0.034199 0.029561
0.034926 0.140478
0.164541 0.111212
0.126889 0.144364
0.045795 -0.015429
-0.066450 -0.150844
-0.159988 -0.260512
-0.024797 0.116663
0.106226 0.106131
-0.062287 -0.089323
0.036409 0.008094
-0.037451 -0.097083
-0.166551 -0.132143
-0.113128 -0.030512
0.061560 0.024709
0.025259 0.068809
0.145178 0.134118
0.023756 -0.055824
-0.155768 -0.192197
-0.079425 0.133458
0.165908 0.206119
0.201091 0.188462
0.203700 0.162170
0.052899 0.044126
0.163740 0.173995
0.105165 -0.009483
-0.018376 0.160217
0.253537 -0.022772
-0.000100 -0.020612
-0.165741 -0.269964
-0.298298 -0.003546
0.177909 0.124008
0.057560 -0.049857
-0.024726 0.152522
0.180818 0.169732
0.011633 0.026325
0.132679 0.116610
-0.068937 -0.069030
-0.133773 -0.199731
0.066870 0.199550
0.079966 0.035443
-0.026075 -0.105209
-0.029207 -0.007536
-0.104582 -0.170941
-0.239311 -0.219158
-0.165120 0.010323
0.096678 0.065034
0.072390 0.127128
0.125124 0.018211
0.050744 -0.032298
-0.097182 -0.191226
-0.084981 0.196568
0.227785 0.301845
0.186863 0.138773
0.100494 0.132748
0.045675 0.065250
0.255465 0.211770
0.046412 0.009223
0.066371 0.228420
0.162061 -0.027825
-0.095686 -0.057926
-0.026675 -0.126925
-0.311231 -0.126559
0.104081 0.129600
0.015963 -0.016266
0.014366 0.072450
-0.048953 0.040749
0.040422 0.071431
0.153998 0.234687
0.085587 -0.090247
-0.051865 0.013533
0.169436 0.219942
0.172729 -0.005699
-0.007160 -0.057712
-0.072126 0.057118
-0.095251 -0.220421
-0.299342 -0.373725
-0.317767 -0.117359
0.080856 0.185072
0.181976 0.156763
0.177943 0.090757
-0.030518 -0.065819
-0.137832 -0.195797
-0.097921 0.193712
0.283062 0.238413
0.169176 0.133317
0.072456 0.079987
0.104940 0.176270
0.137697 0.128176
0.008626 0.063527
0.122473 0.249808
0.206910 -0.081481
-0.141251 -0.070295
0.022794 -0.113694
-0.271265 -0.084140
0.083919 0.058081
-0.028070 0.036313
0.037424 -0.089395
-0.135320 -0.021359
0.055939 0.146443
0.131991 0.170034
0.026263 -0.084319
0.016271 0.088317
0.224528 0.182625
0.146157 0.015036
-0.001937 0.025458
0.024487 0.109761
-0.017988 -0.197545
-0.329646 -0.440216
-0.452396 -0.317818
0.004114 0.189303
0.162583 0.119376
0.180374 0.149657
-0.022586 -0.049461
-0.214493 -0.120742
-0.001314 0.258716
0.301057 0.254087
0.218149 0.121554
0.006559 0.094287
0.132856 0.189464
0.115140 0.073238
-0.029284 0.057831
0.158806 0.235233
0.185364 -0.007031
-0.086935 -0.024720
0.101922 -0.035720
-0.206170 -0.061797
0.062869 0.013314
-0.110593 -0.000413
-0.072113 -0.150703
-0.085550 -0.090612
-0.073492 -0.001563
0.170938 0.183731
-0.045730 -0.125006
-0.036184 0.140278
0.288364 0.208961
0.086631 0.047846
0.052714 0.048651
0.099789 0.212432
-0.003833 -0.116554
-0.229824 -0.488129
-0.530253 -0.462897
-0.041539 0.274608
0.254985 0.075298
0.130487 0.025002
-0.121185 -0.195187
-0.157542 0.091457
0.177850 0.281963
0.274467 0.307766
0.228261 0.164820
0.006982 0.107587
0.225289 0.168314
0.123700 0.065961
-0.019799 0.126150
0.225870 0.131647
0.156111 0.069589
-0.021644 0.026112
0.101757 0.098183
-0.098487 -0.010473
0.068510 -0.070027
-0.250236 -0.074399
-0.065627 -0.282408
-0.152680 -0.114313
-0.146708 -0.048434
0.106935 0.068594
-0.140747 -0.167429
0.006071 0.232808
0.329902 0.309737
0.055573 -0.002087
0.083060 0.077188
0.186261 0.280435
0.173486 -0.151338
-0.274087 -0.407011
-0.575719 -0.458208
-0.151251 0.230568
0.259916 0.170659
0.005299 -0.114774
-0.225501 -0.182161
0.012200 0.148594
0.192550 0.270956
0.239609 0.333268
0.154231 0.072411
0.015485 0.152293
0.343545 0.211257
0.122959 -0.010961
0.020214 0.158056
0.170014 0.111213
0.028355 0.023174
0.031925 0.085296
0.057401 0.103232
0.103035 0.127851
0.069871 -0.220902
-0.352723 -0.209073
-0.105076 -0.189554
-0.141666 -0.054087
0.027236 -0.042854
-0.080471 -0.129641
-0.163326 -0.104429
0.019862 0.275390
0.316936 0.196500
0.093430 0.041134
0.049503 0.035014
0.242235 0.289951
0.264936 -0.139030
-0.281697 -0.430786
-0.498934 -0.423333
-0.231861 0.113504
0.227602 0.137642
-0.061690 -0.191302
-0.271201 -0.240242
0.084871 0.117970
0.192637 0.202550
0.243298 0.272999
0.063223 0.065356
0.090725 0.168658
0.337076 0.197291
0.098558 0.030680
0.032999 0.106364
0.129053 0.090522
0.014665 0.001349
-0.004336 0.048793
0.082765 0.128612
0.243243 0.218020
0.008480 -0.281519
-0.336660 -0.298802
-0.213190 -0.178812
-0.061658 0.063976
0.126422 -0.032613
-0.205722 -0.316567
-0.240271 -0.157547
0.032173 0.277188
0.275519 0.196316
0.073670 0.035444
0.140292 0.109496
0.215619 0.210398
0.106638 -0.064908
-0.318495 -0.398420
-0.274458 -0.284612
-0.192086 0.061418
0.158662 0.044367
-0.148712 -0.192449
-0.169727 -0.279074
-0.016371 0.080972
0.166025 0.159108
0.163952 0.155877
0.040992 0.081867
0.096990 0.109069
0.252010 0.134092
0.044170 0.058881
-0.009736 0.063635
0.068443 0.078166
0.126340 -0.038447
-0.084866 -0.022831
0.088819 0.050154
0.175322 0.263817
0.009725 -0.205392
-0.310430 -0.407288
-0.355283 -0.156412
0.017808 0.197486
0.180232 -0.004824
-0.353799 -0.398096
-0.263138 -0.216971
-0.052481 0.259404
0.219659 0.200387
0.045078 0.050889
0.159068 0.111556
0.133389 0.150440
0.146054 0.022948
-0.294359 -0.311211
-0.177248 -0.108577
-0.018942 0.113322
0.034682 -0.028386
-0.156689 -0.137947
-0.121942 -0.187344
-0.065847 0.010881
0.171349 0.254078
0.151581 0.148508
0.011640 0.062384
0.097380 0.121877
0.204217 0.121515
0.025774 0.029037
-0.059528 0.038040
0.025071 0.054671
0.132837 -0.020603
-0.066911 -0.084529
0.019316 0.071172
0.071392 0.209041
-0.003575 -0.125223
-0.260184 -0.400292
-0.337568 -0.097979
-0.023095 0.218346
0.197193 0.030835
-0.404289 -0.440173
-0.324857 -0.197229
-0.111910 0.142139
0.226229 0.081101
0.004764 0.148035
0.067061 -0.081258
-0.028580 0.110475
0.185507 0.018085
-0.291024 -0.355896
-0.196105 -0.105346
0.033739 0.111405
-0.042480 -0.049211
-0.115245 -0.107770
-0.153529 -0.150494
-0.073822 -0.046086
0.120676 0.173370
0.178189 0.032211
-0.092200 -0.058239
0.148002 0.249532
0.175662 0.057520
0.067552 0.091823
-0.035545 -0.026104
0.027725 0.104373
0.180628 -0.024859
-0.142067 -0.080363
-0.046427 -0.012696
0.043299 0.153788
0.020578 -0.139498
-0.204636 -0.243158
-0.168784 -0.002046
0.004117 0.088228
0.173087 -0.003677
-0.316332 -0.461389
-0.435792 -0.210582
-0.076946 0.071421
0.127500 -0.029750
-0.012977 0.117698
-0.019949 -0.156934
-0.136738 0.041959
0.089950 -0.036991
-0.184036 -0.284442
-0.250897 -0.184577
-0.040118 -0.037225
-0.101682 -0.132992
-0.044836 -0.042968
-0.113778 -0.106898
-0.041272 -0.077525
-0.004130 0.132044
0.100025 -0.095718
-0.242870 -0.116945
0.158200 0.281520
0.161530 0.104204
0.200538 0.099047
-0.056596 -0.096367
-0.024438 0.145159
0.217589 0.066350
-0.083701 -0.104076
-0.206321 -0.193831
-0.053906 0.113578
0.048995 -0.128030
-0.268134 -0.163339
-0.031728 -0.022495
0.028777 0.174501
0.228546 0.016042
-0.223664 -0.332222
-0.375160 -0.277979
-0.108821 -0.032623
0.080459 -0.002678
-0.034114 0.016024
-0.057463 -0.204142
-0.123139 0.015580
0.055577 -0.074534
-0.073841 -0.079772
-0.180973 -0.140459
-0.073111 -0.070954
-0.167445 -0.266190
-0.063634 -0.040900
0.007480 0.073477
0.091805 -0.033308
-0.040637 0.091893
0.063249 -0.178743
-0.218801 -0.039124
0.083496 0.196539
0.233135 0.213216
0.245401 0.161660
0.011766 -0.141057
0.000596 0.191055
0.228684 0.163598
0.059228 -0.087235
-0.287105 -0.267452
-0.029917 0.097054
0.124324 -0.086750
-0.241933 -0.121643
0.018477 0.028761
0.108587 0.297174
0.257887 0.029453
-0.194505 -0.315170
-0.348878 -0.225222
-0.098343 -0.073755
-0.008034 -0.005264
0.028446 -0.089474
-0.118891 -0.201234
0.010236 0.068276
-0.023561 -0.121798
-0.069626 -0.068380
-0.162419 -0.070321
-0.132631 -0.173114
-0.241033 -0.295341
-0.122353 0.010660
0.083222 0.185052
0.107025 -0.050517
-0.046757 0.015817
0.019011 -0.193883
-0.230002 -0.031607
0.107598 0.140387
0.225112 0.326482
0.334466 0.190733
0.072060 -0.137829
0.081985 0.276017
0.206433 0.268612
0.091869 -0.069209
-0.297971 -0.173426
0.021064 0.041925
0.121561 0.020322
-0.149241 -0.155915
-0.041883 0.041822
0.098132 0.279870
0.296451 0.047529
-0.083340 -0.285485
-0.349228 -0.226264
-0.100831 -0.057388
-0.011574 0.026940
0.089810 -0.027808
-0.185730 -0.164833
-0.025324 0.068672
-0.002526 -0.133943
-0.081054 -0.084081
-0.095796 -0.014640
-0.159445 -0.206389
-0.219466 -0.227038
-0.106765 0.047994
0.147545 0.244486
0.085954 -0.109093
-0.140946 -0.058333
0.060987 -0.128223
-0.217539 0.030873
0.126444 0.049784
0.099966 0.219290
0.385069 0.212689
-0.005982 -0.060823
0.026058 0.142558
0.209367 0.298463
0.163696 -0.050928
-0.262146 -0.082720
0.036239 0.012936
0.093152 0.034628
-0.145195 -0.152626
-0.033179 -0.010259
0.101679 0.260072
0.252030 0.113462
0.007710 -0.172484
-0.298305 -0.207670
0.001438 -0.039062
0.032033 0.043324
-0.075187 -0.117423
-0.216524 -0.097617
-0.008250 0.045954
0.039502 -0.025827
-0.039612 -0.082392
-0.004296 0.078235
-0.100873 -0.230153
-0.280711 -0.219275
0.016725 0.165562
0.202305 0.323552
0.093708 -0.088738
-0.230648 -0.085172
0.021627 -0.085567
-0.151131 0.049410
0.092192 -0.005396
0.069167 0.248440
0.265248 0.107632
-0.076447 -0.106104
-0.071893 0.071102
0.175236 0.272560
0.111697 -0.068245
-0.135404 -0.084086
0.052789 0.032704
0.021473 -0.006242
-0.040897 -0.103053
-0.079694 -0.079872
0.044998 0.224864
0.236988 0.143386
0.045350 -0.136862
-0.209382 -0.087352
0.044637 0.002738
0.008069 -0.033202
-0.180244 -0.283384
-0.161071 0.047866
0.070559 0.152459
0.062262 -0.053823
-0.044296 -0.132563
0.026514 0.046170
-0.093081 -0.293448
-0.223720 -0.143511
0.092984 0.198603
0.228767 0.261511
0.102523 -0.149939
-0.291464 -0.091319
-0.006977 -0.103295
-0.119589 -0.028524
0.052009 0.022788
0.100771 0.271895
0.150039 0.054083
-0.138631 -0.189954
-0.144526 0.041406
0.124015 0.212383
0.096688 -0.090237
-0.147252 -0.171242
0.027612 -0.023568
-0.130882 0.029979
0.046412 -0.016576
-0.021599 -0.089232
-0.027986 0.012056
0.202770 0.136627
0.028175 -0.128005
-0.167738 -0.067348
0.091790 0.039148
-0.011378 -0.130918
-0.247486 -0.172647
0.002107 0.140204
0.150638 0.116799
0.062199 -0.107928
-0.130562 -0.066910
-0.009589 -0.025381
-0.096124 -0.254382
-0.191804 -0.142864
0.059331 0.110803
0.185363 0.094754
0.063840 -0.178764
-0.333659 -0.096362
-0.133005 -0.169120
-0.047149 0.043187
-0.012588 -0.036708
0.088725 0.298927
0.111920 0.016217
-0.162412 -0.252927
-0.156743 0.140416
0.214927 0.159538
0.051776 -0.168907
-0.165711 -0.104774
-0.074600 -0.154410
-0.101693 0.125111
0.125018 0.012086
-0.037730 -0.064203
-0.097516 -0.190064
0.038947 0.012430
-0.007761 -0.059187
-0.083115 -0.015613
0.043254 0.027756
0.025945 -0.109060
-0.151920 -0.056033
0.057173 0.138922
0.171490 0.120033
0.075757 -0.068181
-0.122184 -0.037288
0.017228 -0.030034
-0.136305 -0.199791
-0.135641 -0.068877
0.083780 0.096911
0.137199 0.079221
-0.048603 -0.202351
-0.235455 -0.119913
-0.142038 -0.036570
0.070953 0.099408
0.004644 -0.018554
0.057622 0.272604
0.075863 -0.099616
-0.156175 -0.274644
-0.133635 0.218086
0.283660 0.158109
-0.049243 -0.183222
-0.145441 -0.131930
-0.162266 -0.165423
0.057651 0.239341
0.088504 -0.130192
-0.116262 -0.013476
0.045415 -0.087401
-0.026103 -0.175677
-0.125314 -0.002507
0.094931 0.057695
-0.018608 -0.043860
-0.017554 -0.080930
-0.078661 0.100866
0.096293 0.115491
0.199164 0.194136
0.097991 0.075608
-0.002797 -0.039838
-0.042692 -0.037359
-0.144383 -0.124613
-0.084661 -0.113932
0.058159 0.170711
0.137957 0.044669
-0.041099 -0.142473
-0.196687 -0.113245
-0.078150 0.082072
0.146366 0.143453
0.094104 -0.017797
-0.056599 0.043981
-0.078505 -0.209538
-0.177667 -0.310451
-0.190462 0.265585
0.210197 0.133010
-0.108297 -0.090150
-0.165912 -0.146040
-0.146595 -0.110052
0.021405 0.148993
0.028569 -0.160659
-0.228590 0.004599
0.206989 -0.030976
-0.155183 -0.239888
-0.286425 -0.019664
0.226940 0.139898
-0.001487 -0.058643
-0.117946 -0.101558
-0.004652 0.072789
0.053905 0.133065
0.153796 0.165858
0.171543 0.149043
0.023932 -0.051592
0.005014 0.031812
-0.115553 -0.086226
-0.107120 -0.159089
0.026586 0.216932
0.215483 0.090949
-0.050051 -0.202877
-0.216002 -0.126740
-0.035677 0.046609
0.233125 0.211906
0.233138 -0.032942
-0.142426 -0.153067
-0.200138 -0.168557
-0.289297 -0.282652
-0.159908 0.116605
0.158827 -0.026347
-0.112807 -0.036714
-0.193319 -0.120767
0.008725 -0.060653
-0.030225 0.070780
0.024893 -0.124758
-0.191322 -0.021374
0.201400 -0.054372
-0.186187 -0.214767
-0.350077 -0.089351
0.154099 0.108541
-0.035058 -0.174994
-0.171709 -0.159502
0.017399 0.049173
0.090422 0.064890
0.054284 0.079728
0.146169 0.104010
-0.010587 -0.036067
0.115868 0.096739
-0.073421 -0.109687
-0.166924 -0.171558
0.007061 0.287583
0.294284 0.123080
-0.120786 -0.261750
-0.142216 -0.003069
-0.026241 0.119936
0.192998 0.237860
0.332124 0.030901
-0.188095 -0.245935
-0.202263 -0.127790
-0.223020 -0.271558
-0.050601 0.097075
0.104897 -0.129655
-0.197728 -0.133007
-0.141633 0.028904
0.103021 0.029484
0.081671 0.120733
-0.096750 -0.187790
-0.175270 -0.084830
0.109263 -0.004366
-0.127672 -0.261658
-0.323085 -0.170171
0.074758 0.081903
0.013877 -0.180797
-0.363044 -0.184864
0.032112 0.100507
0.077898 0.068222
0.034671 0.055853
0.027688 0.065087
0.030161 -0.020521
0.048371 0.090435
-0.075893 -0.207436
-0.289766 -0.209434
0.024698 0.287054
0.330086 0.095651
-0.117998 -0.217820
-0.115549 0.101748
0.031373 0.217076
0.217562 0.260009
0.311076 0.113843
-0.135193 -0.227865
-0.210070 -0.079038
-0.120691 -0.255613
-0.021119 0.153704
