-48.438,-48.438,-0.49511
-48.438,-46.875,-0.46218
-48.438,-45.313,-0.33229
-48.438,-43.75,-0.19876
-48.438,-42.188,-0.1673
-48.438,-40.625,-0.12377
-48.438,-39.063,-0.081196
-48.438,-37.5,-0.037454
-48.438,-35.938,-0.13869
-48.438,-34.375,-0.17538
-48.438,-32.813,-0.1626
-48.438,-31.25,-0.16707
-48.438,-29.688,-0.17011
-48.438,-28.125,-0.19938
-48.438,-26.563,-0.13127
-48.438,-25,-0.093173
-48.438,-23.438,-0.081544
-48.438,-21.875,-0.070524
-48.438,-20.313,-0.054582
-48.438,-18.75,-0.04936
-48.438,-17.188,-0.057072
-48.438,-15.625,0.072065
-48.438,-14.063,0.059537
-48.438,-12.5,0.1483
-48.438,-10.938,0.24795
-48.438,-9.375,0.21248
-48.438,-7.8125,0.19937
-48.438,-6.25,0.29179
-48.438,-4.6875,0.34117
-48.438,-3.125,0.44744
-48.438,-1.5625,0.42442
-48.438,0,0.3535
-48.438,1.5625,0.19738
-48.438,3.125,0.054091
-48.438,4.6875,0.11488
-48.438,6.25,0.074876
-48.438,7.8125,-0.13472
-48.438,9.375,-0.3321
-48.438,10.938,-0.44702
-48.438,12.5,-0.33071
-48.438,14.063,-0.23306
-48.438,15.625,-0.23995
-48.438,17.188,-0.16007
-48.438,18.75,-0.054851
-48.438,20.313,-0.010328
-48.438,21.875,-0.16499
-48.438,23.438,-0.16144
-48.438,25,-0.084689
-48.438,26.563,-0.14251
-48.438,28.125,-0.23264
-48.438,29.688,-0.36076
-48.438,31.25,-0.24509
-48.438,32.813,-0.21482
-48.438,34.375,-0.24899
-48.438,35.938,-0.32963
-48.438,37.5,-0.3263
-48.438,39.063,-0.50582
-48.438,40.625,-0.46135
-48.438,42.188,-0.43752
-48.438,43.75,-0.37848
-48.438,45.313,-0.19065
-48.438,46.875,-0.2939
-48.438,48.438,-0.37751
-48.438,50,-0.48866
-46.875,-48.438,-0.61092
-46.875,-46.875,-0.54816
-46.875,-45.313,-0.49372
-46.875,-43.75,-0.32353
-46.875,-42.188,-0.2232
-46.875,-40.625,-0.028853
-46.875,-39.063,0.069946
-46.875,-37.5,0.01421
-46.875,-35.938,0.065904
-46.875,-34.375,0.055295
-46.875,-32.813,0.10678
-46.875,-31.25,0.18604
-46.875,-29.688,0.18398
-46.875,-28.125,0.14533
-46.875,-26.563,0.23336
-46.875,-25,0.25403
-46.875,-23.438,0.26756
-46.875,-21.875,0.25075
-46.875,-20.313,0.20949
-46.875,-18.75,0.11318
-46.875,-17.188,0.069538
-46.875,-15.625,0.14299
-46.875,-14.063,0.27732
-46.875,-12.5,0.27467
-46.875,-10.938,0.42745
-46.875,-9.375,0.42354
-46.875,-7.8125,0.35489
-46.875,-6.25,0.34973
-46.875,-4.6875,0.28672
-46.875,-3.125,0.32652
-46.875,-1.5625,0.26546
-46.875,0,0.16413
-46.875,1.5625,0.063281
-46.875,3.125,0.027065
-46.875,4.6875,-0.0204
-46.875,6.25,0.031163
-46.875,7.8125,0.040641
-46.875,9.375,-0.21811
-46.875,10.938,-0.39834
-46.875,12.5,-0.34197
-46.875,14.063,-0.2274
-46.875,15.625,-0.084156
-46.875,17.188,0.026883
-46.875,18.75,0.0739
-46.875,20.313,0.082042
-46.875,21.875,-0.054218
-46.875,23.438,-0.095261
-46.875,25,-0.1624
-46.875,26.563,-0.24174
-46.875,28.125,-0.33719
-46.875,29.688,-0.46607
-46.875,31.25,-0.46655
-46.875,32.813,-0.37305
-46.875,34.375,-0.41536
-46.875,35.938,-0.49246
-46.875,37.5,-0.47646
-46.875,39.063,-0.50334
-46.875,40.625,-0.59285
-46.875,42.188,-0.67979
-46.875,43.75,-0.55432
-46.875,45.313,-0.42567
-46.875,46.875,-0.51984
-46.875,48.438,-0.49856
-46.875,50,-0.55728
-45.313,-48.438,-0.66267
-45.313,-46.875,-0.55365
-45.313,-45.313,-0.40091
-45.313,-43.75,-0.26152
-45.313,-42.188,-0.18377
-45.313,-40.625,-0.14561
-45.313,-39.063,0.032608
-45.313,-37.5,0.14995
-45.313,-35.938,0.20087
-45.313,-34.375,0.26892
-45.313,-32.813,0.40305
-45.313,-31.25,0.41026
-45.313,-29.688,0.4204
-45.313,-28.125,0.50898
-45.313,-26.563,0.6406
-45.313,-25,0.61099
-45.313,-23.438,0.47225
-45.313,-21.875,0.27502
-45.313,-20.313,0.2269
-45.313,-18.75,0.14299
-45.313,-17.188,0.134
-45.313,-15.625,0.080483
-45.313,-14.063,0.1062
-45.313,-12.5,0.16827
-45.313,-10.938,0.31848
-45.313,-9.375,0.2735
-45.313,-7.8125,0.33904
-45.313,-6.25,0.34014
-45.313,-4.6875,0.24026
-45.313,-3.125,0.12988
-45.313,-1.5625,0.0086577
-45.313,0,-0.037693
-45.313,1.5625,-0.091807
-45.313,3.125,-0.060279
-45.313,4.6875,0.010973
-45.313,6.25,0.027448
-45.313,7.8125,0.0086848
-45.313,9.375,-0.052783
-45.313,10.938,-0.055972
-45.313,12.5,-0.12436
-45.313,14.063,-0.13555
-45.313,15.625,-0.026059
-45.313,17.188,0.050123
-45.313,18.75,0.18764
-45.313,20.313,0.10094
-45.313,21.875,-0.1388
-45.313,23.438,-0.1905
-45.313,25,-0.1195
-45.313,26.563,-0.27386
-45.313,28.125,-0.49688
-45.313,29.688,-0.44998
-45.313,31.25,-0.5035
-45.313,32.813,-0.46151
-45.313,34.375,-0.55721
-45.313,35.938,-0.5636
-45.313,37.5,-0.55932
-45.313,39.063,-0.5794
-45.313,40.625,-0.66604
-45.313,42.188,-0.71138
-45.313,43.75,-0.6336
-45.313,45.313,-0.62337
-45.313,46.875,-0.65318
-45.313,48.438,-0.65952
-45.313,50,-0.67689
-43.75,-48.438,-0.62663
-43.75,-46.875,-0.47689
-43.75,-45.313,-0.27305
-43.75,-43.75,-0.33558
-43.75,-42.188,-0.33153
-43.75,-40.625,-0.27184
-43.75,-39.063,-0.15152
-43.75,-37.5,0.10813
-43.75,-35.938,0.27044
-43.75,-34.375,0.50513
-43.75,-32.813,0.57916
-43.75,-31.25,0.6115
-43.75,-29.688,0.57035
-43.75,-28.125,0.68721
-43.75,-26.563,0.6917
-43.75,-25,0.60274
-43.75,-23.438,0.3762
-43.75,-21.875,0.1969
-43.75,-20.313,0.14024
-43.75,-18.75,0.089873
-43.75,-17.188,0.087983
-43.75,-15.625,-0.020284
-43.75,-14.063,-0.067838
-43.75,-12.5,0.018294
-43.75,-10.938,0.091499
-43.75,-9.375,0.0063618
-43.75,-7.8125,0.040102
-43.75,-6.25,0.11202
-43.75,-4.6875,0.039024
-43.75,-3.125,0.076521
-43.75,-1.5625,0.037407
-43.75,0,0.031927
-43.75,1.5625,0.064671
-43.75,3.125,0.09448
-43.75,4.6875,0.12743
-43.75,6.25,0.15131
-43.75,7.8125,0.16753
-43.75,9.375,0.27664
-43.75,10.938,0.28738
-43.75,12.5,0.24936
-43.75,14.063,-0.033503
-43.75,15.625,-0.10932
-43.75,17.188,0.060241
-43.75,18.75,0.061211
-43.75,20.313,-0.047312
-43.75,21.875,-0.10022
-43.75,23.438,-0.048985
-43.75,25,-0.071668
-43.75,26.563,-0.11166
-43.75,28.125,-0.074773
-43.75,29.688,-0.10139
-43.75,31.25,-0.28654
-43.75,32.813,-0.36191
-43.75,34.375,-0.48567
-43.75,35.938,-0.61087
-43.75,37.5,-0.53708
-43.75,39.063,-0.51781
-43.75,40.625,-0.55451
-43.75,42.188,-0.40747
-43.75,43.75,-0.4374
-43.75,45.313,-0.53448
-43.75,46.875,-0.76854
-43.75,48.438,-0.84709
-43.75,50,-0.77783
-42.188,-48.438,-0.49389
-42.188,-46.875,-0.36302
-42.188,-45.313,-0.17988
-42.188,-43.75,-0.22942
-42.188,-42.188,-0.22635
-42.188,-40.625,-0.27711
-42.188,-39.063,-0.0076254
-42.188,-37.5,0.13964
-42.188,-35.938,0.20234
-42.188,-34.375,0.3988
-42.188,-32.813,0.44979
-42.188,-31.25,0.47085
-42.188,-29.688,0.54058
-42.188,-28.125,0.56519
-42.188,-26.563,0.52068
-42.188,-25,0.42032
-42.188,-23.438,0.24765
-42.188,-21.875,0.1329
-42.188,-20.313,-0.023851
-42.188,-18.75,-0.056038
-42.188,-17.188,-0.058064
-42.188,-15.625,-0.046749
-42.188,-14.063,-0.088265
-42.188,-12.5,-0.087513
-42.188,-10.938,-0.041196
-42.188,-9.375,-0.11334
-42.188,-7.8125,-0.019839
-42.188,-6.25,0.11483
-42.188,-4.6875,0.0083709
-42.188,-3.125,0.078189
-42.188,-1.5625,0.12126
-42.188,0,0.11088
-42.188,1.5625,0.13813
-42.188,3.125,0.20764
-42.188,4.6875,0.31406
-42.188,6.25,0.31205
-42.188,7.8125,0.36471
-42.188,9.375,0.42622
-42.188,10.938,0.4516
-42.188,12.5,0.39765
-42.188,14.063,0.16614
-42.188,15.625,0.046259
-42.188,17.188,0.0021216
-42.188,18.75,-0.071318
-42.188,20.313,-0.12627
-42.188,21.875,-0.010679
-42.188,23.438,-0.01413
-42.188,25,0.00031853
-42.188,26.563,0.095639
-42.188,28.125,0.20005
-42.188,29.688,-0.043611
-42.188,31.25,-0.23726
-42.188,32.813,-0.33056
-42.188,34.375,-0.39379
-42.188,35.938,-0.46125
-42.188,37.5,-0.52023
-42.188,39.063,-0.55724
-42.188,40.625,-0.46808
-42.188,42.188,-0.40802
-42.188,43.75,-0.38142
-42.188,45.313,-0.36784
-42.188,46.875,-0.46663
-42.188,48.438,-0.65249
-42.188,50,-0.63312
-40.625,-48.438,-0.27565
-40.625,-46.875,-0.25822
-40.625,-45.313,-0.20786
-40.625,-43.75,-0.16514
-40.625,-42.188,-0.18461
-40.625,-40.625,-0.1458
-40.625,-39.063,-0.033297
-40.625,-37.5,0.15987
-40.625,-35.938,0.22566
-40.625,-34.375,0.32152
-40.625,-32.813,0.26795
-40.625,-31.25,0.16239
-40.625,-29.688,0.18802
-40.625,-28.125,0.20818
-40.625,-26.563,0.29328
-40.625,-25,0.18222
-40.625,-23.438,0.0040296
-40.625,-21.875,-0.15183
-40.625,-20.313,-0.2189
-40.625,-18.75,-0.29631
-40.625,-17.188,-0.33088
-40.625,-15.625,-0.25229
-40.625,-14.063,-0.17545
-40.625,-12.5,-0.15456
-40.625,-10.938,-0.21126
-40.625,-9.375,-0.16409
-40.625,-7.8125,0.065167
-40.625,-6.25,0.057438
-40.625,-4.6875,0.050903
-40.625,-3.125,0.079133
-40.625,-1.5625,0.17051
-40.625,0,0.19363
-40.625,1.5625,0.2279
-40.625,3.125,0.32732
-40.625,4.6875,0.28409
-40.625,6.25,0.37056
-40.625,7.8125,0.51076
-40.625,9.375,0.60479
-40.625,10.938,0.56856
-40.625,12.5,0.44054
-40.625,14.063,0.24607
-40.625,15.625,0.09558
-40.625,17.188,0.044857
-40.625,18.75,0.10073
-40.625,20.313,0.021443
-40.625,21.875,-0.014707
-40.625,23.438,0.032916
-40.625,25,0.067809
-40.625,26.563,-0.038611
-40.625,28.125,-0.19289
-40.625,29.688,-0.27364
-40.625,31.25,-0.32982
-40.625,32.813,-0.26551
-40.625,34.375,-0.24488
-40.625,35.938,-0.25618
-40.625,37.5,-0.35971
-40.625,39.063,-0.40644
-40.625,40.625,-0.38947
-40.625,42.188,-0.34094
-40.625,43.75,-0.42055
-40.625,45.313,-0.40066
-40.625,46.875,-0.20154
-40.625,48.438,-0.26562
-40.625,50,-0.30341
-39.063,-48.438,-0.30924
-39.063,-46.875,-0.28154
-39.063,-45.313,-0.22953
-39.063,-43.75,-0.16985
-39.063,-42.188,-0.14796
-39.063,-40.625,-0.010694
-39.063,-39.063,0.089449
-39.063,-37.5,0.1204
-39.063,-35.938,0.15986
-39.063,-34.375,0.1606
-39.063,-32.813,-0.032228
-39.063,-31.25,-0.18077
-39.063,-29.688,-0.1903
-39.063,-28.125,-0.15964
-39.063,-26.563,-0.0081078
-39.063,-25,-0.10513
-39.063,-23.438,-0.3061
-39.063,-21.875,-0.34244
-39.063,-20.313,-0.41612
-39.063,-18.75,-0.4668
-39.063,-17.188,-0.45342
-39.063,-15.625,-0.39214
-39.063,-14.063,-0.27431
-39.063,-12.5,-0.26146
-39.063,-10.938,-0.2491
-39.063,-9.375,-0.19728
-39.063,-7.8125,0.0018976
-39.063,-6.25,0.14872
-39.063,-4.6875,0.19999
-39.063,-3.125,0.24951
-39.063,-1.5625,0.37473
-39.063,0,0.39303
-39.063,1.5625,0.39487
-39.063,3.125,0.44429
-39.063,4.6875,0.40734
-39.063,6.25,0.57673
-39.063,7.8125,0.65228
-39.063,9.375,0.66621
-39.063,10.938,0.54403
-39.063,12.5,0.35715
-39.063,14.063,0.207
-39.063,15.625,0.12071
-39.063,17.188,0.092085
-39.063,18.75,0.092091
-39.063,20.313,-0.018405
-39.063,21.875,2.2124e-05
-39.063,23.438,-0.026021
-39.063,25,-0.1775
-39.063,26.563,-0.27479
-39.063,28.125,-0.28051
-39.063,29.688,-0.28821
-39.063,31.25,-0.27036
-39.063,32.813,-0.32519
-39.063,34.375,-0.21911
-39.063,35.938,-0.11672
-39.063,37.5,-0.18382
-39.063,39.063,-0.19526
-39.063,40.625,-0.35121
-39.063,42.188,-0.3376
-39.063,43.75,-0.45796
-39.063,45.313,-0.34079
-39.063,46.875,-0.21194
-39.063,48.438,-0.24488
-39.063,50,-0.26353
-37.5,-48.438,-0.32911
-37.5,-46.875,-0.30253
-37.5,-45.313,-0.12923
-37.5,-43.75,-0.072317
-37.5,-42.188,-0.0050649
-37.5,-40.625,0.07743
-37.5,-39.063,0.086777
-37.5,-37.5,0.054187
-37.5,-35.938,0.017238
-37.5,-34.375,-0.060671
-37.5,-32.813,-0.3454
-37.5,-31.25,-0.44945
-37.5,-29.688,-0.45807
-37.5,-28.125,-0.36037
-37.5,-26.563,-0.17483
-37.5,-25,-0.24044
-37.5,-23.438,-0.2731
-37.5,-21.875,-0.2674
-37.5,-20.313,-0.3665
-37.5,-18.75,-0.46129
-37.5,-17.188,-0.52584
-37.5,-15.625,-0.42273
-37.5,-14.063,-0.3011
-37.5,-12.5,-0.33005
-37.5,-10.938,-0.24898
-37.5,-9.375,-0.16104
-37.5,-7.8125,-0.0049895
-37.5,-6.25,0.25948
-37.5,-4.6875,0.30429
-37.5,-3.125,0.34832
-37.5,-1.5625,0.57174
-37.5,0,0.63534
-37.5,1.5625,0.5813
-37.5,3.125,0.55442
-37.5,4.6875,0.50719
-37.5,6.25,0.51801
-37.5,7.8125,0.56685
-37.5,9.375,0.61048
-37.5,10.938,0.4876
-37.5,12.5,0.29814
-37.5,14.063,0.24301
-37.5,15.625,0.14132
-37.5,17.188,0.010624
-37.5,18.75,-0.1714
-37.5,20.313,-0.18333
-37.5,21.875,-0.11213
-37.5,23.438,-0.14971
-37.5,25,-0.2029
-37.5,26.563,-0.303
-37.5,28.125,-0.28363
-37.5,29.688,-0.30371
-37.5,31.25,-0.28977
-37.5,32.813,-0.41901
-37.5,34.375,-0.31106
-37.5,35.938,-0.08693
-37.5,37.5,-0.01445
-37.5,39.063,-0.077035
-37.5,40.625,-0.15481
-37.5,42.188,-0.2964
-37.5,43.75,-0.39655
-37.5,45.313,-0.33107
-37.5,46.875,-0.31744
-37.5,48.438,-0.23148
-37.5,50,-0.31074
-35.938,-48.438,-0.25414
-35.938,-46.875,-0.23648
-35.938,-45.313,-0.11364
-35.938,-43.75,0.053537
-35.938,-42.188,0.12792
-35.938,-40.625,0.04256
-35.938,-39.063,-0.064962
-35.938,-37.5,-0.07824
-35.938,-35.938,-0.068636
-35.938,-34.375,-0.17719
-35.938,-32.813,-0.42012
-35.938,-31.25,-0.47692
-35.938,-29.688,-0.41681
-35.938,-28.125,-0.34553
-35.938,-26.563,-0.26024
-35.938,-25,-0.26771
-35.938,-23.438,-0.14335
-35.938,-21.875,-0.10378
-35.938,-20.313,-0.19381
-35.938,-18.75,-0.31402
-35.938,-17.188,-0.49519
-35.938,-15.625,-0.54613
-35.938,-14.063,-0.4545
-35.938,-12.5,-0.41241
-35.938,-10.938,-0.36938
-35.938,-9.375,-0.29404
-35.938,-7.8125,-0.04584
-35.938,-6.25,0.22627
-35.938,-4.6875,0.40868
-35.938,-3.125,0.50053
-35.938,-1.5625,0.54166
-35.938,0,0.63085
-35.938,1.5625,0.5978
-35.938,3.125,0.55597
-35.938,4.6875,0.54633
-35.938,6.25,0.49442
-35.938,7.8125,0.38346
-35.938,9.375,0.37839
-35.938,10.938,0.24312
-35.938,12.5,0.1511
-35.938,14.063,0.075631
-35.938,15.625,0.035554
-35.938,17.188,-0.11829
-35.938,18.75,-0.26424
-35.938,20.313,-0.25254
-35.938,21.875,-0.23491
-35.938,23.438,-0.37967
-35.938,25,-0.4786
-35.938,26.563,-0.42632
-35.938,28.125,-0.51881
-35.938,29.688,-0.53752
-35.938,31.25,-0.54727
-35.938,32.813,-0.44763
-35.938,34.375,-0.2866
-35.938,35.938,-0.13276
-35.938,37.5,-0.060138
-35.938,39.063,-0.11257
-35.938,40.625,-0.21165
-35.938,42.188,-0.35035
-35.938,43.75,-0.37338
-35.938,45.313,-0.36266
-35.938,46.875,-0.23032
-35.938,48.438,-0.13195
-35.938,50,-0.15226
-34.375,-48.438,-0.16992
-34.375,-46.875,-0.18282
-34.375,-45.313,-0.19776
-34.375,-43.75,-0.098111
-34.375,-42.188,0.072645
-34.375,-40.625,0.10294
-34.375,-39.063,0.075257
-34.375,-37.5,-0.072759
-34.375,-35.938,-0.15587
-34.375,-34.375,-0.19743
-34.375,-32.813,-0.33053
-34.375,-31.25,-0.3046
-34.375,-29.688,-0.31767
-34.375,-28.125,-0.39511
-34.375,-26.563,-0.38713
-34.375,-25,-0.18519
-34.375,-23.438,-0.086963
-34.375,-21.875,-0.17605
-34.375,-20.313,-0.17896
-34.375,-18.75,-0.3638
-34.375,-17.188,-0.54032
-34.375,-15.625,-0.56357
-34.375,-14.063,-0.42736
-34.375,-12.5,-0.26157
-34.375,-10.938,-0.19068
-34.375,-9.375,-0.074792
-34.375,-7.8125,-0.010164
-34.375,-6.25,0.21466
-34.375,-4.6875,0.41862
-34.375,-3.125,0.51361
-34.375,-1.5625,0.53469
-34.375,0,0.52178
-34.375,1.5625,0.46078
-34.375,3.125,0.4359
-34.375,4.6875,0.37669
-34.375,6.25,0.28601
-34.375,7.8125,0.23593
-34.375,9.375,0.21875
-34.375,10.938,0.11709
-34.375,12.5,0.014615
-34.375,14.063,0.0067402
-34.375,15.625,-0.072508
-34.375,17.188,-0.21226
-34.375,18.75,-0.21621
-34.375,20.313,-0.16508
-34.375,21.875,-0.37605
-34.375,23.438,-0.54724
-34.375,25,-0.69923
-34.375,26.563,-0.64235
-34.375,28.125,-0.55633
-34.375,29.688,-0.52336
-34.375,31.25,-0.45892
-34.375,32.813,-0.34555
-34.375,34.375,-0.19095
-34.375,35.938,-0.069835
-34.375,37.5,0.074309
-34.375,39.063,0.019808
-34.375,40.625,-0.15782
-34.375,42.188,-0.31746
-34.375,43.75,-0.30776
-34.375,45.313,-0.29116
-34.375,46.875,-0.18986
-34.375,48.438,-0.035113
-34.375,50,-0.10227
-32.813,-48.438,-0.2612
-32.813,-46.875,-0.24102
-32.813,-45.313,-0.12504
-32.813,-43.75,-0.197
-32.813,-42.188,-0.164
-32.813,-40.625,-0.030252
-32.813,-39.063,-0.091756
-32.813,-37.5,-0.34484
-32.813,-35.938,-0.37308
-32.813,-34.375,-0.24002
-32.813,-32.813,-0.21438
-32.813,-31.25,-0.20096
-32.813,-29.688,-0.24053
-32.813,-28.125,-0.20031
-32.813,-26.563,-0.18329
-32.813,-25,-0.025431
-32.813,-23.438,0.10884
-32.813,-21.875,-0.090844
-32.813,-20.313,-0.18629
-32.813,-18.75,-0.37023
-32.813,-17.188,-0.60379
-32.813,-15.625,-0.46683
-32.813,-14.063,-0.30811
-32.813,-12.5,-0.14603
-32.813,-10.938,0.021304
-32.813,-9.375,0.1225
-32.813,-7.8125,0.16642
-32.813,-6.25,0.2113
-32.813,-4.6875,0.1923
-32.813,-3.125,0.27322
-32.813,-1.5625,0.36209
-32.813,0,0.40678
-32.813,1.5625,0.36053
-32.813,3.125,0.36908
-32.813,4.6875,0.23891
-32.813,6.25,0.064464
-32.813,7.8125,-0.058826
-32.813,9.375,-0.075948
-32.813,10.938,-0.0012476
-32.813,12.5,0.060392
-32.813,14.063,0.041963
-32.813,15.625,-0.045288
-32.813,17.188,-0.094114
-32.813,18.75,-0.023015
-32.813,20.313,-0.024411
-32.813,21.875,-0.22297
-32.813,23.438,-0.35623
-32.813,25,-0.461
-32.813,26.563,-0.41505
-32.813,28.125,-0.30896
-32.813,29.688,-0.19051
-32.813,31.25,-0.13667
-32.813,32.813,-0.085433
-32.813,34.375,0.03873
-32.813,35.938,0.051035
-32.813,37.5,0.13337
-32.813,39.063,0.16256
-32.813,40.625,-0.037172
-32.813,42.188,-0.18028
-32.813,43.75,-0.15651
-32.813,45.313,-0.18914
-32.813,46.875,-0.11037
-32.813,48.438,-0.10505
-32.813,50,-0.11316
-31.25,-48.438,-0.12541
-31.25,-46.875,-0.16785
-31.25,-45.313,-0.12211
-31.25,-43.75,-0.18616
-31.25,-42.188,-0.25406
-31.25,-40.625,-0.28365
-31.25,-39.063,-0.3465
-31.25,-37.5,-0.53168
-31.25,-35.938,-0.6032
-31.25,-34.375,-0.52939
-31.25,-32.813,-0.32625
-31.25,-31.25,-0.19761
-31.25,-29.688,-0.24964
-31.25,-28.125,-0.19308
-31.25,-26.563,-0.048395
-31.25,-25,0.05768
-31.25,-23.438,0.11923
-31.25,-21.875,-0.083946
-31.25,-20.313,-0.2388
-31.25,-18.75,-0.46019
-31.25,-17.188,-0.57237
-31.25,-15.625,-0.41116
-31.25,-14.063,-0.30952
-31.25,-12.5,-0.14244
-31.25,-10.938,0.059466
-31.25,-9.375,0.07725
-31.25,-7.8125,0.12432
-31.25,-6.25,0.07502
-31.25,-4.6875,0.12304
-31.25,-3.125,0.18114
-31.25,-1.5625,0.23017
-31.25,0,0.20164
-31.25,1.5625,0.11173
-31.25,3.125,0.12584
-31.25,4.6875,0.074588
-31.25,6.25,-0.1005
-31.25,7.8125,-0.21242
-31.25,9.375,-0.20678
-31.25,10.938,-0.092681
-31.25,12.5,0.05632
-31.25,14.063,0.12564
-31.25,15.625,0.085223
-31.25,17.188,0.12618
-31.25,18.75,0.22029
-31.25,20.313,0.26007
-31.25,21.875,0.093569
-31.25,23.438,1.8381e-05
-31.25,25,-0.052465
-31.25,26.563,-0.14328
-31.25,28.125,-0.042277
-31.25,29.688,0.039726
-31.25,31.25,0.072682
-31.25,32.813,0.099797
-31.25,34.375,0.14897
-31.25,35.938,0.044554
-31.25,37.5,-0.025873
-31.25,39.063,-0.066401
-31.25,40.625,-0.12445
-31.25,42.188,-0.089067
-31.25,43.75,-0.19602
-31.25,45.313,-0.26885
-31.25,46.875,-0.12606
-31.25,48.438,-0.20543
-31.25,50,-0.20219
-29.688,-48.438,-0.21469
-29.688,-46.875,-0.1886
-29.688,-45.313,-0.17898
-29.688,-43.75,-0.21374
-29.688,-42.188,-0.3524
-29.688,-40.625,-0.39638
-29.688,-39.063,-0.51047
-29.688,-37.5,-0.65016
-29.688,-35.938,-0.64382
-29.688,-34.375,-0.62983
-29.688,-32.813,-0.4543
-29.688,-31.25,-0.21914
-29.688,-29.688,-0.23018
-29.688,-28.125,-0.045727
-29.688,-26.563,0.21336
-29.688,-25,0.2411
-29.688,-23.438,0.1248
-29.688,-21.875,-0.073621
-29.688,-20.313,-0.23618
-29.688,-18.75,-0.34723
-29.688,-17.188,-0.33608
-29.688,-15.625,-0.18961
-29.688,-14.063,-0.17641
-29.688,-12.5,-0.051451
-29.688,-10.938,0.073792
-29.688,-9.375,0.15781
-29.688,-7.8125,0.1597
-29.688,-6.25,0.16303
-29.688,-4.6875,0.27417
-29.688,-3.125,0.15079
-29.688,-1.5625,0.1538
-29.688,0,0.050343
-29.688,1.5625,-0.036718
-29.688,3.125,-0.11202
-29.688,4.6875,-0.017277
-29.688,6.25,0.016104
-29.688,7.8125,-0.18493
-29.688,9.375,-0.27455
-29.688,10.938,-0.14798
-29.688,12.5,0.0027819
-29.688,14.063,0.076317
-29.688,15.625,0.049398
-29.688,17.188,0.1433
-29.688,18.75,0.25585
-29.688,20.313,0.24901
-29.688,21.875,0.21697
-29.688,23.438,0.096719
-29.688,25,0.031764
-29.688,26.563,-0.095548
-29.688,28.125,-0.0024799
-29.688,29.688,0.016087
-29.688,31.25,0.11195
-29.688,32.813,0.1803
-29.688,34.375,-0.003432
-29.688,35.938,-0.11448
-29.688,37.5,-0.2385
-29.688,39.063,-0.36477
-29.688,40.625,-0.34072
-29.688,42.188,-0.27243
-29.688,43.75,-0.26837
-29.688,45.313,-0.29948
-29.688,46.875,-0.37062
-29.688,48.438,-0.30598
-29.688,50,-0.28618
-28.125,-48.438,-0.49607
-28.125,-46.875,-0.45388
-28.125,-45.313,-0.47349
-28.125,-43.75,-0.44709
-28.125,-42.188,-0.42367
-28.125,-40.625,-0.52451
-28.125,-39.063,-0.63384
-28.125,-37.5,-0.67115
-28.125,-35.938,-0.55852
-28.125,-34.375,-0.45647
-28.125,-32.813,-0.3321
-28.125,-31.25,-0.25145
-28.125,-29.688,-0.15243
-28.125,-28.125,-0.028136
-28.125,-26.563,0.049374
-28.125,-25,0.05789
-28.125,-23.438,0.076309
-28.125,-21.875,0.082952
-28.125,-20.313,-0.026998
-28.125,-18.75,-0.071667
-28.125,-17.188,-0.050691
-28.125,-15.625,-0.034717
-28.125,-14.063,0.080396
-28.125,-12.5,0.16992
-28.125,-10.938,0.10385
-28.125,-9.375,0.1249
-28.125,-7.8125,0.14835
-28.125,-6.25,0.14179
-28.125,-4.6875,0.17789
-28.125,-3.125,0.22461
-28.125,-1.5625,0.15374
-28.125,0,0.10639
-28.125,1.5625,0.18656
-28.125,3.125,0.15461
-28.125,4.6875,0.16549
-28.125,6.25,0.068418
-28.125,7.8125,-0.12429
-28.125,9.375,-0.15108
-28.125,10.938,-0.022461
-28.125,12.5,0.15534
-28.125,14.063,0.26902
-28.125,15.625,0.27997
-28.125,17.188,0.23603
-28.125,18.75,0.25656
-28.125,20.313,0.22375
-28.125,21.875,0.25616
-28.125,23.438,0.26692
-28.125,25,0.2206
-28.125,26.563,0.16089
-28.125,28.125,0.082529
-28.125,29.688,0.023478
-28.125,31.25,-0.024846
-28.125,32.813,0.015917
-28.125,34.375,-0.15182
-28.125,35.938,-0.23904
-28.125,37.5,-0.37326
-28.125,39.063,-0.49853
-28.125,40.625,-0.49849
-28.125,42.188,-0.50276
-28.125,43.75,-0.41945
-28.125,45.313,-0.3474
-28.125,46.875,-0.47994
-28.125,48.438,-0.41616
-28.125,50,-0.3842
-26.563,-48.438,-0.56405
-26.563,-46.875,-0.5587
-26.563,-45.313,-0.5371
-26.563,-43.75,-0.60822
-26.563,-42.188,-0.62687
-26.563,-40.625,-0.58011
-26.563,-39.063,-0.57819
-26.563,-37.5,-0.53761
-26.563,-35.938,-0.41242
-26.563,-34.375,-0.25885
-26.563,-32.813,-0.14863
-26.563,-31.25,-0.28594
-26.563,-29.688,-0.25001
-26.563,-28.125,-0.16686
-26.563,-26.563,-0.18727
-26.563,-25,-0.18399
-26.563,-23.438,0.022478
-26.563,-21.875,0.034797
-26.563,-20.313,0.021042
-26.563,-18.75,0.0073075
-26.563,-17.188,-0.022914
-26.563,-15.625,0.045543
-26.563,-14.063,0.095355
-26.563,-12.5,0.0091649
-26.563,-10.938,-0.10806
-26.563,-9.375,-0.099538
-26.563,-7.8125,-0.048091
-26.563,-6.25,0.065538
-26.563,-4.6875,0.19251
-26.563,-3.125,0.22904
-26.563,-1.5625,0.28461
-26.563,0,0.36023
-26.563,1.5625,0.42845
-26.563,3.125,0.34562
-26.563,4.6875,0.34648
-26.563,6.25,0.13401
-26.563,7.8125,0.079941
-26.563,9.375,0.097305
-26.563,10.938,0.15258
-26.563,12.5,0.35517
-26.563,14.063,0.43342
-26.563,15.625,0.42288
-26.563,17.188,0.32788
-26.563,18.75,0.27013
-26.563,20.313,0.26943
-26.563,21.875,0.33782
-26.563,23.438,0.39215
-26.563,25,0.36775
-26.563,26.563,0.33294
-26.563,28.125,0.20954
-26.563,29.688,0.081328
-26.563,31.25,-0.18123
-26.563,32.813,-0.30949
-26.563,34.375,-0.41095
-26.563,35.938,-0.52738
-26.563,37.5,-0.54873
-26.563,39.063,-0.61669
-26.563,40.625,-0.65511
-26.563,42.188,-0.62894
-26.563,43.75,-0.50494
-26.563,45.313,-0.44899
-26.563,46.875,-0.43972
-26.563,48.438,-0.48327
-26.563,50,-0.56074
-25,-48.438,-0.519
-25,-46.875,-0.54016
-25,-45.313,-0.58165
-25,-43.75,-0.52439
-25,-42.188,-0.41657
-25,-40.625,-0.34466
-25,-39.063,-0.20107
-25,-37.5,-0.13843
-25,-35.938,-0.25858
-25,-34.375,-0.099769
-25,-32.813,0.027732
-25,-31.25,-0.11509
-25,-29.688,-0.32651
-25,-28.125,-0.31616
-25,-26.563,-0.15906
-25,-25,-0.091354
-25,-23.438,-0.077561
-25,-21.875,-0.051411
-25,-20.313,0.015402
-25,-18.75,0.023074
-25,-17.188,-0.019953
-25,-15.625,-0.11327
-25,-14.063,-0.1506
-25,-12.5,-0.23203
-25,-10.938,-0.29527
-25,-9.375,-0.29867
-25,-7.8125,-0.19389
-25,-6.25,-0.027241
-25,-4.6875,0.15952
-25,-3.125,0.17338
-25,-1.5625,0.36897
-25,0,0.53166
-25,1.5625,0.5098
-25,3.125,0.51411
-25,4.6875,0.43822
-25,6.25,0.40078
-25,7.8125,0.34365
-25,9.375,0.30269
-25,10.938,0.36937
-25,12.5,0.58374
-25,14.063,0.55647
-25,15.625,0.48503
-25,17.188,0.39694
-25,18.75,0.23543
-25,20.313,0.24502
-25,21.875,0.34626
-25,23.438,0.43411
-25,25,0.27635
-25,26.563,0.1693
-25,28.125,0.029493
-25,29.688,-0.043843
-25,31.25,-0.25341
-25,32.813,-0.52223
-25,34.375,-0.66238
-25,35.938,-0.78534
-25,37.5,-0.79256
-25,39.063,-0.76281
-25,40.625,-0.70029
-25,42.188,-0.63595
-25,43.75,-0.50982
-25,45.313,-0.43673
-25,46.875,-0.4832
-25,48.438,-0.57375
-25,50,-0.63189
-23.438,-48.438,-0.49134
-23.438,-46.875,-0.45417
-23.438,-45.313,-0.35035
-23.438,-43.75,-0.27095
-23.438,-42.188,-0.19338
-23.438,-40.625,-0.045615
-23.438,-39.063,0.11931
-23.438,-37.5,0.088251
-23.438,-35.938,-0.053566
-23.438,-34.375,0.0036269
-23.438,-32.813,0.085424
-23.438,-31.25,0.015085
-23.438,-29.688,-0.24613
-23.438,-28.125,-0.30971
-23.438,-26.563,-0.19821
-23.438,-25,-0.13738
-23.438,-23.438,-0.043349
-23.438,-21.875,0.017349
-23.438,-20.313,-0.02392
-23.438,-18.75,-0.098399
-23.438,-17.188,-0.10687
-23.438,-15.625,-0.24193
-23.438,-14.063,-0.31301
-23.438,-12.5,-0.30691
-23.438,-10.938,-0.25785
-23.438,-9.375,-0.32424
-23.438,-7.8125,-0.21815
-23.438,-6.25,-0.14383
-23.438,-4.6875,-0.019438
-23.438,-3.125,0.19156
-23.438,-1.5625,0.35484
-23.438,0,0.52719
-23.438,1.5625,0.64974
-23.438,3.125,0.7329
-23.438,4.6875,0.65789
-23.438,6.25,0.58173
-23.438,7.8125,0.5125
-23.438,9.375,0.54561
-23.438,10.938,0.71381
-23.438,12.5,0.77817
-23.438,14.063,0.77211
-23.438,15.625,0.60926
-23.438,17.188,0.51956
-23.438,18.75,0.39169
-23.438,20.313,0.29618
-23.438,21.875,0.31504
-23.438,23.438,0.32199
-23.438,25,0.23565
-23.438,26.563,0.051057
-23.438,28.125,-0.14416
-23.438,29.688,-0.2347
-23.438,31.25,-0.44361
-23.438,32.813,-0.61838
-23.438,34.375,-0.74122
-23.438,35.938,-0.85888
-23.438,37.5,-0.8805
-23.438,39.063,-0.8118
-23.438,40.625,-0.77038
-23.438,42.188,-0.63197
-23.438,43.75,-0.44662
-23.438,45.313,-0.3603
-23.438,46.875,-0.36888
-23.438,48.438,-0.45191
-23.438,50,-0.55865
-21.875,-48.438,-0.32165
-21.875,-46.875,-0.10811
-21.875,-45.313,0.061667
-21.875,-43.75,0.17742
-21.875,-42.188,0.092089
-21.875,-40.625,0.16524
-21.875,-39.063,0.20725
-21.875,-37.5,0.19831
-21.875,-35.938,0.10682
-21.875,-34.375,0.10175
-21.875,-32.813,0.11632
-21.875,-31.25,0.080033
-21.875,-29.688,-0.091697
-21.875,-28.125,-0.16738
-21.875,-26.563,-0.20124
-21.875,-25,-0.12532
-21.875,-23.438,-0.084375
-21.875,-21.875,0.0098094
-21.875,-20.313,-0.10609
-21.875,-18.75,-0.10644
-21.875,-17.188,-0.15076
-21.875,-15.625,-0.3059
-21.875,-14.063,-0.30399
-21.875,-12.5,-0.27853
-21.875,-10.938,-0.16711
-21.875,-9.375,-0.087221
-21.875,-7.8125,0.0092188
-21.875,-6.25,0.076758
-21.875,-4.6875,0.20814
-21.875,-3.125,0.38094
-21.875,-1.5625,0.39417
-21.875,0,0.4881
-21.875,1.5625,0.63463
-21.875,3.125,0.80337
-21.875,4.6875,0.82434
-21.875,6.25,0.78837
-21.875,7.8125,0.74583
-21.875,9.375,0.73597
-21.875,10.938,0.74019
-21.875,12.5,0.64749
-21.875,14.063,0.60744
-21.875,15.625,0.52893
-21.875,17.188,0.40139
-21.875,18.75,0.22249
-21.875,20.313,0.17995
-21.875,21.875,0.25135
-21.875,23.438,0.21328
-21.875,25,0.13184
-21.875,26.563,-0.12433
-21.875,28.125,-0.40073
-21.875,29.688,-0.50989
-21.875,31.25,-0.6124
-21.875,32.813,-0.74269
-21.875,34.375,-0.76342
-21.875,35.938,-0.70933
-21.875,37.5,-0.73773
-21.875,39.063,-0.69319
-21.875,40.625,-0.62378
-21.875,42.188,-0.55759
-21.875,43.75,-0.51947
-21.875,45.313,-0.40922
-21.875,46.875,-0.33689
-21.875,48.438,-0.31861
-21.875,50,-0.42587
-20.313,-48.438,0.035747
-20.313,-46.875,0.16639
-20.313,-45.313,0.31443
-20.313,-43.75,0.45251
-20.313,-42.188,0.41206
-20.313,-40.625,0.28646
-20.313,-39.063,0.22977
-20.313,-37.5,0.1493
-20.313,-35.938,0.11267
-20.313,-34.375,0.076783
-20.313,-32.813,0.014172
-20.313,-31.25,-0.047581
-20.313,-29.688,-0.088396
-20.313,-28.125,-0.11739
-20.313,-26.563,-0.18821
-20.313,-25,-0.19329
-20.313,-23.438,-0.1877
-20.313,-21.875,-0.15571
-20.313,-20.313,-0.12184
-20.313,-18.75,-0.056615
-20.313,-17.188,-0.12622
-20.313,-15.625,-0.17077
-20.313,-14.063,-0.013925
-20.313,-12.5,0.009861
-20.313,-10.938,0.082116
-20.313,-9.375,0.1359
-20.313,-7.8125,0.16346
-20.313,-6.25,0.31058
-20.313,-4.6875,0.45523
-20.313,-3.125,0.49527
-20.313,-1.5625,0.40318
-20.313,0,0.44627
-20.313,1.5625,0.6482
-20.313,3.125,0.72102
-20.313,4.6875,0.82982
-20.313,6.25,0.79275
-20.313,7.8125,0.81511
-20.313,9.375,0.81737
-20.313,10.938,0.63332
-20.313,12.5,0.5043
-20.313,14.063,0.37029
-20.313,15.625,0.27236
-20.313,17.188,0.2218
-20.313,18.75,0.25427
-20.313,20.313,0.30638
-20.313,21.875,0.29698
-20.313,23.438,0.20797
-20.313,25,-0.023872
-20.313,26.563,-0.23141
-20.313,28.125,-0.40599
-20.313,29.688,-0.55181
-20.313,31.25,-0.69146
-20.313,32.813,-0.76796
-20.313,34.375,-0.71591
-20.313,35.938,-0.52691
-20.313,37.5,-0.44137
-20.313,39.063,-0.41874
-20.313,40.625,-0.44918
-20.313,42.188,-0.4563
-20.313,43.75,-0.45662
-20.313,45.313,-0.47735
-20.313,46.875,-0.42747
-20.313,48.438,-0.28237
-20.313,50,-0.16043
-18.75,-48.438,0.1881
-18.75,-46.875,0.24893
-18.75,-45.313,0.3599
-18.75,-43.75,0.40277
-18.75,-42.188,0.3973
-18.75,-40.625,0.23949
-18.75,-39.063,0.12748
-18.75,-37.5,0.037656
-18.75,-35.938,0.086296
-18.75,-34.375,-0.017883
-18.75,-32.813,-0.079761
-18.75,-31.25,-0.068708
-18.75,-29.688,-0.15244
-18.75,-28.125,-0.097032
-18.75,-26.563,-0.099868
-18.75,-25,-0.15582
-18.75,-23.438,-0.25001
-18.75,-21.875,-0.30213
-18.75,-20.313,-0.22196
-18.75,-18.75,-0.019919
-18.75,-17.188,-0.038752
-18.75,-15.625,0.027358
-18.75,-14.063,0.19358
-18.75,-12.5,0.30505
-18.75,-10.938,0.381
-18.75,-9.375,0.40687
-18.75,-7.8125,0.38898
-18.75,-6.25,0.45873
-18.75,-4.6875,0.52429
-18.75,-3.125,0.38755
-18.75,-1.5625,0.37178
-18.75,0,0.42118
-18.75,1.5625,0.48321
-18.75,3.125,0.54456
-18.75,4.6875,0.63479
-18.75,6.25,0.68586
-18.75,7.8125,0.65386
-18.75,9.375,0.54365
-18.75,10.938,0.47402
-18.75,12.5,0.36502
-18.75,14.063,0.21943
-18.75,15.625,0.15399
-18.75,17.188,0.21349
-18.75,18.75,0.36123
-18.75,20.313,0.36968
-18.75,21.875,0.2616
-18.75,23.438,0.1818
-18.75,25,-0.046396
-18.75,26.563,-0.1623
-18.75,28.125,-0.2101
-18.75,29.688,-0.35178
-18.75,31.25,-0.50802
-18.75,32.813,-0.53883
-18.75,34.375,-0.37427
-18.75,35.938,-0.3086
-18.75,37.5,-0.15215
-18.75,39.063,-0.15326
-18.75,40.625,-0.18421
-18.75,42.188,-0.21168
-18.75,43.75,-0.3004
-18.75,45.313,-0.37329
-18.75,46.875,-0.28433
-18.75,48.438,-0.12445
-18.75,50,0.041696
-17.188,-48.438,0.26137
-17.188,-46.875,0.20483
-17.188,-45.313,0.25983
-17.188,-43.75,0.21162
-17.188,-42.188,-0.0016392
-17.188,-40.625,-0.017439
-17.188,-39.063,0.036884
-17.188,-37.5,0.028738
-17.188,-35.938,-0.055086
-17.188,-34.375,-0.24719
-17.188,-32.813,-0.23848
-17.188,-31.25,-0.13107
-17.188,-29.688,-0.15868
-17.188,-28.125,-0.15211
-17.188,-26.563,-0.26768
-17.188,-25,-0.33213
-17.188,-23.438,-0.19844
-17.188,-21.875,-0.22395
-17.188,-20.313,-0.23693
-17.188,-18.75,-0.02748
-17.188,-17.188,0.12451
-17.188,-15.625,0.19364
-17.188,-14.063,0.31058
-17.188,-12.5,0.40716
-17.188,-10.938,0.43076
-17.188,-9.375,0.45322
-17.188,-7.8125,0.37079
-17.188,-6.25,0.35066
-17.188,-4.6875,0.28961
-17.188,-3.125,0.15151
-17.188,-1.5625,0.12835
-17.188,0,0.26477
-17.188,1.5625,0.37637
-17.188,3.125,0.3864
-17.188,4.6875,0.4557
-17.188,6.25,0.5462
-17.188,7.8125,0.48917
-17.188,9.375,0.42585
-17.188,10.938,0.32779
-17.188,12.5,0.22935
-17.188,14.063,0.037766
-17.188,15.625,0.084105
-17.188,17.188,0.22083
-17.188,18.75,0.34446
-17.188,20.313,0.38885
-17.188,21.875,0.33839
-17.188,23.438,0.26614
-17.188,25,0.29358
-17.188,26.563,0.18552
-17.188,28.125,0.012407
-17.188,29.688,-0.015796
-17.188,31.25,-0.038156
-17.188,32.813,-0.1663
-17.188,34.375,-0.14631
-17.188,35.938,-0.063908
-17.188,37.5,0.10271
-17.188,39.063,0.091695
-17.188,40.625,-0.029342
-17.188,42.188,-0.070863
-17.188,43.75,-0.066941
-17.188,45.313,-0.12106
-17.188,46.875,-0.032374
-17.188,48.438,0.085553
-17.188,50,0.24834
-15.625,-48.438,0.31993
-15.625,-46.875,0.24463
-15.625,-45.313,0.058541
-15.625,-43.75,-0.097129
-15.625,-42.188,-0.31625
-15.625,-40.625,-0.17203
-15.625,-39.063,-0.06421
-15.625,-37.5,-0.15573
-15.625,-35.938,-0.32313
-15.625,-34.375,-0.36341
-15.625,-32.813,-0.35373
-15.625,-31.25,-0.38522
-15.625,-29.688,-0.30551
-15.625,-28.125,-0.15186
-15.625,-26.563,-0.33273
-15.625,-25,-0.3645
-15.625,-23.438,-0.20403
-15.625,-21.875,-0.17103
-15.625,-20.313,-0.21327
-15.625,-18.75,-0.1005
-15.625,-17.188,0.10923
-15.625,-15.625,0.15676
-15.625,-14.063,0.20591
-15.625,-12.5,0.26325
-15.625,-10.938,0.20403
-15.625,-9.375,0.13832
-15.625,-7.8125,0.14658
-15.625,-6.25,0.11076
-15.625,-4.6875,0.047057
-15.625,-3.125,0.080864
-15.625,-1.5625,0.043319
-15.625,0,0.1199
-15.625,1.5625,0.26837
-15.625,3.125,0.36728
-15.625,4.6875,0.53225
-15.625,6.25,0.4919
-15.625,7.8125,0.38997
-15.625,9.375,0.23428
-15.625,10.938,0.1761
-15.625,12.5,0.13944
-15.625,14.063,0.017085
-15.625,15.625,0.06618
-15.625,17.188,0.17381
-15.625,18.75,0.16155
-15.625,20.313,0.21729
-15.625,21.875,0.25499
-15.625,23.438,0.34923
-15.625,25,0.40532
-15.625,26.563,0.40773
-15.625,28.125,0.46118
-15.625,29.688,0.39939
-15.625,31.25,0.10226
-15.625,32.813,-0.035869
-15.625,34.375,0.00043651
-15.625,35.938,0.10047
-15.625,37.5,0.20518
-15.625,39.063,0.17009
-15.625,40.625,0.070445
-15.625,42.188,0.0045085
-15.625,43.75,0.035792
-15.625,45.313,-0.02592
-15.625,46.875,-0.011738
-15.625,48.438,0.094118
-15.625,50,0.25021
-14.063,-48.438,0.049855
-14.063,-46.875,0.096455
-14.063,-45.313,0.045819
-14.063,-43.75,-0.19457
-14.063,-42.188,-0.36791
-14.063,-40.625,-0.34773
-14.063,-39.063,-0.16023
-14.063,-37.5,-0.27647
-14.063,-35.938,-0.42699
-14.063,-34.375,-0.4323
-14.063,-32.813,-0.4269
-14.063,-31.25,-0.47448
-14.063,-29.688,-0.40392
-14.063,-28.125,-0.26773
-14.063,-26.563,-0.203
-14.063,-25,-0.080106
-14.063,-23.438,-6.2084e-05
-14.063,-21.875,-0.093614
-14.063,-20.313,-0.168
-14.063,-18.75,-0.08676
-14.063,-17.188,-0.03054
-14.063,-15.625,-0.011799
-14.063,-14.063,-0.0062047
-14.063,-12.5,-0.026879
-14.063,-10.938,-0.075163
-14.063,-9.375,-0.14458
-14.063,-7.8125,-0.15024
-14.063,-6.25,-0.05921
-14.063,-4.6875,0.022145
-14.063,-3.125,0.067985
-14.063,-1.5625,0.076915
-14.063,0,0.09787
-14.063,1.5625,0.30918
-14.063,3.125,0.43441
-14.063,4.6875,0.53763
-14.063,6.25,0.53036
-14.063,7.8125,0.39433
-14.063,9.375,0.23391
-14.063,10.938,0.18412
-14.063,12.5,-0.0054858
-14.063,14.063,0.025048
-14.063,15.625,-0.0097029
-14.063,17.188,-0.086424
-14.063,18.75,-0.062969
-14.063,20.313,0.06162
-14.063,21.875,0.17783
-14.063,23.438,0.19664
-14.063,25,0.29517
-14.063,26.563,0.40653
-14.063,28.125,0.45264
-14.063,29.688,0.33204
-14.063,31.25,0.16564
-14.063,32.813,0.12057
-14.063,34.375,0.076722
-14.063,35.938,0.11806
-14.063,37.5,0.20667
-14.063,39.063,0.18393
-14.063,40.625,0.11074
-14.063,42.188,-0.02792
-14.063,43.75,-0.058486
-14.063,45.313,-0.073092
-14.063,46.875,-0.10061
-14.063,48.438,-0.041265
-14.063,50,0.036039
-12.5,-48.438,-0.26602
-12.5,-46.875,-0.16034
-12.5,-45.313,-0.083676
-12.5,-43.75,-0.27374
-12.5,-42.188,-0.51701
-12.5,-40.625,-0.49684
-12.5,-39.063,-0.477
-12.5,-37.5,-0.60105
-12.5,-35.938,-0.51368
-12.5,-34.375,-0.49182
-12.5,-32.813,-0.60631
-12.5,-31.25,-0.56483
-12.5,-29.688,-0.42139
-12.5,-28.125,-0.30173
-12.5,-26.563,-0.16083
-12.5,-25,-0.027451
-12.5,-23.438,-0.029411
-12.5,-21.875,-0.14883
-12.5,-20.313,-0.21875
-12.5,-18.75,-0.29971
-12.5,-17.188,-0.27767
-12.5,-15.625,-0.24195
-12.5,-14.063,-0.23965
-12.5,-12.5,-0.28139
-12.5,-10.938,-0.35633
-12.5,-9.375,-0.31424
-12.5,-7.8125,-0.21164
-12.5,-6.25,-0.010865
-12.5,-4.6875,0.1133
-12.5,-3.125,0.19942
-12.5,-1.5625,0.14924
-12.5,0,0.2084
-12.5,1.5625,0.4062
-12.5,3.125,0.49545
-12.5,4.6875,0.58816
-12.5,6.25,0.45082
-12.5,7.8125,0.18795
-12.5,9.375,0.032255
-12.5,10.938,-0.081242
-12.5,12.5,-0.037027
-12.5,14.063,-0.036134
-12.5,15.625,-0.11083
-12.5,17.188,-0.21878
-12.5,18.75,-0.20209
-12.5,20.313,-0.13441
-12.5,21.875,0.0097444
-12.5,23.438,0.095437
-12.5,25,0.18273
-12.5,26.563,0.30753
-12.5,28.125,0.35122
-12.5,29.688,0.2835
-12.5,31.25,0.31303
-12.5,32.813,0.36689
-12.5,34.375,0.26949
-12.5,35.938,0.20151
-12.5,37.5,0.18857
-12.5,39.063,0.19793
-12.5,40.625,0.027592
-12.5,42.188,-0.1185
-12.5,43.75,-0.17572
-12.5,45.313,-0.20333
-12.5,46.875,-0.2044
-12.5,48.438,-0.1818
-12.5,50,-0.2582
-10.938,-48.438,-0.46744
-10.938,-46.875,-0.38989
-10.938,-45.313,-0.32207
-10.938,-43.75,-0.35327
-10.938,-42.188,-0.47552
-10.938,-40.625,-0.55423
-10.938,-39.063,-0.69018
-10.938,-37.5,-0.64397
-10.938,-35.938,-0.50225
-10.938,-34.375,-0.46801
-10.938,-32.813,-0.51257
-10.938,-31.25,-0.54163
-10.938,-29.688,-0.48655
-10.938,-28.125,-0.45101
-10.938,-26.563,-0.34948
-10.938,-25,-0.14201
-10.938,-23.438,-0.09036
-10.938,-21.875,-0.16805
-10.938,-20.313,-0.19567
-10.938,-18.75,-0.28744
-10.938,-17.188,-0.29523
-10.938,-15.625,-0.29824
-10.938,-14.063,-0.33053
-10.938,-12.5,-0.35397
-10.938,-10.938,-0.33924
-10.938,-9.375,-0.37253
-10.938,-7.8125,-0.24035
-10.938,-6.25,-0.035603
-10.938,-4.6875,0.07036
-10.938,-3.125,0.12604
-10.938,-1.5625,0.16106
-10.938,0,0.22783
-10.938,1.5625,0.25618
-10.938,3.125,0.36178
-10.938,4.6875,0.37276
-10.938,6.25,0.25495
-10.938,7.8125,0.15554
-10.938,9.375,0.083691
-10.938,10.938,-0.050618
-10.938,12.5,-0.088737
-10.938,14.063,-0.082987
-10.938,15.625,-0.2252
-10.938,17.188,-0.1891
-10.938,18.75,-0.15531
-10.938,20.313,-0.13114
-10.938,21.875,-0.043114
-10.938,23.438,0.057317
-10.938,25,0.17599
-10.938,26.563,0.28357
-10.938,28.125,0.19322
-10.938,29.688,0.27653
-10.938,31.25,0.36874
-10.938,32.813,0.25799
-10.938,34.375,0.23323
-10.938,35.938,0.14625
-10.938,37.5,0.10465
-10.938,39.063,0.15088
-10.938,40.625,0.0059396
-10.938,42.188,-0.17017
-10.938,43.75,-0.27491
-10.938,45.313,-0.34244
-10.938,46.875,-0.3589
-10.938,48.438,-0.40291
-10.938,50,-0.4581
-9.375,-48.438,-0.6417
-9.375,-46.875,-0.56535
-9.375,-45.313,-0.56574
-9.375,-43.75,-0.59419
-9.375,-42.188,-0.58552
-9.375,-40.625,-0.58642
-9.375,-39.063,-0.56591
-9.375,-37.5,-0.47742
-9.375,-35.938,-0.3388
-9.375,-34.375,-0.41224
-9.375,-32.813,-0.27156
-9.375,-31.25,-0.17284
-9.375,-29.688,-0.098723
-9.375,-28.125,-0.10732
-9.375,-26.563,-0.21913
-9.375,-25,-0.22887
-9.375,-23.438,-0.19778
-9.375,-21.875,-0.2456
-9.375,-20.313,-0.17344
-9.375,-18.75,-0.12898
-9.375,-17.188,-0.21813
-9.375,-15.625,-0.29751
-9.375,-14.063,-0.2075
-9.375,-12.5,-0.2071
-9.375,-10.938,-0.18618
-9.375,-9.375,-0.10051
-9.375,-7.8125,-0.12396
-9.375,-6.25,-0.16642
-9.375,-4.6875,-0.0099248
-9.375,-3.125,0.070667
-9.375,-1.5625,0.22991
-9.375,0,0.21385
-9.375,1.5625,0.204
-9.375,3.125,0.19644
-9.375,4.6875,0.21462
-9.375,6.25,0.3127
-9.375,7.8125,0.27121
-9.375,9.375,0.10503
-9.375,10.938,0.089589
-9.375,12.5,0.08935
-9.375,14.063,0.079209
-9.375,15.625,0.0045011
-9.375,17.188,-0.0051538
-9.375,18.75,0.045807
-9.375,20.313,0.1139
-9.375,21.875,0.15779
-9.375,23.438,0.28549
-9.375,25,0.24783
-9.375,26.563,0.2819
-9.375,28.125,0.27697
-9.375,29.688,0.27774
-9.375,31.25,0.092763
-9.375,32.813,-0.027278
-9.375,34.375,-0.16141
-9.375,35.938,-0.16213
-9.375,37.5,-0.18151
-9.375,39.063,-0.048518
-9.375,40.625,-0.18732
-9.375,42.188,-0.46712
-9.375,43.75,-0.64953
-9.375,45.313,-0.68507
-9.375,46.875,-0.61004
-9.375,48.438,-0.61331
-9.375,50,-0.61154
-7.8125,-48.438,-0.68146
-7.8125,-46.875,-0.69215
-7.8125,-45.313,-0.77665
-7.8125,-43.75,-0.66112
-7.8125,-42.188,-0.55921
-7.8125,-40.625,-0.53772
-7.8125,-39.063,-0.44943
-7.8125,-37.5,-0.3218
-7.8125,-35.938,-0.26919
-7.8125,-34.375,-0.33003
-7.8125,-32.813,-0.226
-7.8125,-31.25,-0.03567
-7.8125,-29.688,0.031471
-7.8125,-28.125,0.12032
-7.8125,-26.563,0.06304
-7.8125,-25,0.06285
-7.8125,-23.438,0.094634
-7.8125,-21.875,-0.08436
-7.8125,-20.313,-0.11954
-7.8125,-18.75,-0.15238
-7.8125,-17.188,-0.17287
-7.8125,-15.625,-0.21942
-7.8125,-14.063,-0.13458
-7.8125,-12.5,-0.060877
-7.8125,-10.938,-0.097637
-7.8125,-9.375,-0.074714
-7.8125,-7.8125,-0.11668
-7.8125,-6.25,-0.13127
-7.8125,-4.6875,0.011066
-7.8125,-3.125,0.16041
-7.8125,-1.5625,0.24943
-7.8125,0,0.19176
-7.8125,1.5625,0.13543
-7.8125,3.125,0.16397
-7.8125,4.6875,0.23959
-7.8125,6.25,0.30554
-7.8125,7.8125,0.33993
-7.8125,9.375,0.31514
-7.8125,10.938,0.36161
-7.8125,12.5,0.45034
-7.8125,14.063,0.45757
-7.8125,15.625,0.42798
-7.8125,17.188,0.31492
-7.8125,18.75,0.24521
-7.8125,20.313,0.27668
-7.8125,21.875,0.33344
-7.8125,23.438,0.42189
-7.8125,25,0.42276
-7.8125,26.563,0.37544
-7.8125,28.125,0.32333
-7.8125,29.688,0.22134
-7.8125,31.25,-0.092528
-7.8125,32.813,-0.45644
-7.8125,34.375,-0.62698
-7.8125,35.938,-0.56454
-7.8125,37.5,-0.4571
-7.8125,39.063,-0.28893
-7.8125,40.625,-0.42383
-7.8125,42.188,-0.67028
-7.8125,43.75,-0.76622
-7.8125,45.313,-0.74119
-7.8125,46.875,-0.64728
-7.8125,48.438,-0.66912
-7.8125,50,-0.7139
-6.25,-48.438,-0.49574
-6.25,-46.875,-0.55892
-6.25,-45.313,-0.57417
-6.25,-43.75,-0.42078
-6.25,-42.188,-0.33162
-6.25,-40.625,-0.35088
-6.25,-39.063,-0.27904
-6.25,-37.5,-0.29204
-6.25,-35.938,-0.27865
-6.25,-34.375,-0.17153
-6.25,-32.813,-0.026905
-6.25,-31.25,0.10027
-6.25,-29.688,0.12894
-6.25,-28.125,0.13231
-6.25,-26.563,0.057473
-6.25,-25,0.055229
-6.25,-23.438,0.072176
-6.25,-21.875,-0.035156
-6.25,-20.313,-0.0464
-6.25,-18.75,-0.064058
-6.25,-17.188,-0.023198
-6.25,-15.625,-0.064241
-6.25,-14.063,-0.038836
-6.25,-12.5,0.066542
-6.25,-10.938,-0.04813
-6.25,-9.375,-0.099935
-6.25,-7.8125,-0.040509
-6.25,-6.25,0.052029
-6.25,-4.6875,0.17209
-6.25,-3.125,0.18128
-6.25,-1.5625,0.19206
-6.25,0,0.088827
-6.25,1.5625,0.14584
-6.25,3.125,0.358
-6.25,4.6875,0.46094
-6.25,6.25,0.44093
-6.25,7.8125,0.50358
-6.25,9.375,0.6429
-6.25,10.938,0.66493
-6.25,12.5,0.69405
-6.25,14.063,0.63625
-6.25,15.625,0.63046
-6.25,17.188,0.5136
-6.25,18.75,0.36805
-6.25,20.313,0.40259
-6.25,21.875,0.37733
-6.25,23.438,0.42266
-6.25,25,0.33072
-6.25,26.563,0.16776
-6.25,28.125,0.15209
-6.25,29.688,-0.14703
-6.25,31.25,-0.40324
-6.25,32.813,-0.69248
-6.25,34.375,-0.76276
-6.25,35.938,-0.67575
-6.25,37.5,-0.56559
-6.25,39.063,-0.45415
-6.25,40.625,-0.46556
-6.25,42.188,-0.50723
-6.25,43.75,-0.58563
-6.25,45.313,-0.57968
-6.25,46.875,-0.56106
-6.25,48.438,-0.50387
-6.25,50,-0.46831
-4.6875,-48.438,-0.38307
-4.6875,-46.875,-0.33911
-4.6875,-45.313,-0.27681
-4.6875,-43.75,-0.21776
-4.6875,-42.188,-0.22488
-4.6875,-40.625,-0.22298
-4.6875,-39.063,-0.1677
-4.6875,-37.5,-0.12062
-4.6875,-35.938,-0.10979
-4.6875,-34.375,0.045591
-4.6875,-32.813,0.30832
-4.6875,-31.25,0.27114
-4.6875,-29.688,0.21756
-4.6875,-28.125,0.13116
-4.6875,-26.563,0.040906
-4.6875,-25,-0.016496
-4.6875,-23.438,-0.089882
-4.6875,-21.875,-0.086742
-4.6875,-20.313,-0.1685
-4.6875,-18.75,-0.16133
-4.6875,-17.188,-0.0912
-4.6875,-15.625,-0.081029
-4.6875,-14.063,0.032623
-4.6875,-12.5,0.16039
-4.6875,-10.938,0.14096
-4.6875,-9.375,0.043383
-4.6875,-7.8125,0.15782
-4.6875,-6.25,0.20577
-4.6875,-4.6875,0.10548
-4.6875,-3.125,0.083214
-4.6875,-1.5625,0.079038
-4.6875,0,0.14377
-4.6875,1.5625,0.31447
-4.6875,3.125,0.4642
-4.6875,4.6875,0.63891
-4.6875,6.25,0.69418
-4.6875,7.8125,0.76207
-4.6875,9.375,0.88955
-4.6875,10.938,0.90015
-4.6875,12.5,0.82642
-4.6875,14.063,0.7679
-4.6875,15.625,0.777
-4.6875,17.188,0.63418
-4.6875,18.75,0.36693
-4.6875,20.313,0.32479
-4.6875,21.875,0.33317
-4.6875,23.438,0.3129
-4.6875,25,0.16018
-4.6875,26.563,-0.077439
-4.6875,28.125,-0.20875
-4.6875,29.688,-0.45218
-4.6875,31.25,-0.50179
-4.6875,32.813,-0.71378
-4.6875,34.375,-0.78444
-4.6875,35.938,-0.6694
-4.6875,37.5,-0.5618
-4.6875,39.063,-0.52868
-4.6875,40.625,-0.50032
-4.6875,42.188,-0.46779
-4.6875,43.75,-0.33673
-4.6875,45.313,-0.27689
-4.6875,46.875,-0.35896
-4.6875,48.438,-0.33522
-4.6875,50,-0.29323
-3.125,-48.438,-0.15486
-3.125,-46.875,-0.094357
-3.125,-45.313,-0.15457
-3.125,-43.75,-0.18238
-3.125,-42.188,-0.25923
-3.125,-40.625,-0.14179
-3.125,-39.063,0.073562
-3.125,-37.5,0.055157
-3.125,-35.938,-0.0014442
-3.125,-34.375,0.18065
-3.125,-32.813,0.36048
-3.125,-31.25,0.36721
-3.125,-29.688,0.22279
-3.125,-28.125,0.19011
-3.125,-26.563,0.054
-3.125,-25,-0.10832
-3.125,-23.438,-0.084666
-3.125,-21.875,-0.081492
-3.125,-20.313,-0.050437
-3.125,-18.75,-0.018004
-3.125,-17.188,0.12635
-3.125,-15.625,0.13947
-3.125,-14.063,0.1467
-3.125,-12.5,0.20866
-3.125,-10.938,0.24146
-3.125,-9.375,0.19256
-3.125,-7.8125,0.17765
-3.125,-6.25,0.15732
-3.125,-4.6875,0.031054
-3.125,-3.125,0.023129
-3.125,-1.5625,0.11127
-3.125,0,0.25679
-3.125,1.5625,0.433
-3.125,3.125,0.52939
-3.125,4.6875,0.65981
-3.125,6.25,0.84277
-3.125,7.8125,0.8775
-3.125,9.375,0.88624
-3.125,10.938,0.79201
-3.125,12.5,0.78142
-3.125,14.063,0.759
-3.125,15.625,0.5345
-3.125,17.188,0.47678
-3.125,18.75,0.31736
-3.125,20.313,0.16325
-3.125,21.875,0.12285
-3.125,23.438,0.073448
-3.125,25,0.068882
-3.125,26.563,-0.043855
-3.125,28.125,-0.25169
-3.125,29.688,-0.44769
-3.125,31.25,-0.54259
-3.125,32.813,-0.66493
-3.125,34.375,-0.65212
-3.125,35.938,-0.65784
-3.125,37.5,-0.67595
-3.125,39.063,-0.58119
-3.125,40.625,-0.31683
-3.125,42.188,-0.12988
-3.125,43.75,-0.17432
-3.125,45.313,-0.10635
-3.125,46.875,-0.09144
-3.125,48.438,-0.16954
-3.125,50,-0.20969
-1.5625,-48.438,0.055346
-1.5625,-46.875,0.090049
-1.5625,-45.313,0.033004
-1.5625,-43.75,0.024598
-1.5625,-42.188,-0.054668
-1.5625,-40.625,0.044163
-1.5625,-39.063,0.21924
-1.5625,-37.5,0.2067
-1.5625,-35.938,0.10766
-1.5625,-34.375,0.27263
-1.5625,-32.813,0.4411
-1.5625,-31.25,0.42461
-1.5625,-29.688,0.25947
-1.5625,-28.125,0.17057
-1.5625,-26.563,0.0075851
-1.5625,-25,0.048404
-1.5625,-23.438,0.12866
-1.5625,-21.875,0.093971
-1.5625,-20.313,0.16919
-1.5625,-18.75,0.27657
-1.5625,-17.188,0.27393
-1.5625,-15.625,0.27121
-1.5625,-14.063,0.22467
-1.5625,-12.5,0.14889
-1.5625,-10.938,0.034905
-1.5625,-9.375,0.0005117
-1.5625,-7.8125,0.015415
-1.5625,-6.25,-0.036404
-1.5625,-4.6875,-0.0052267
-1.5625,-3.125,0.073653
-1.5625,-1.5625,0.089496
-1.5625,0,0.27624
-1.5625,1.5625,0.47907
-1.5625,3.125,0.65888
-1.5625,4.6875,0.824
-1.5625,6.25,0.83305
-1.5625,7.8125,0.68601
-1.5625,9.375,0.60399
-1.5625,10.938,0.60428
-1.5625,12.5,0.46564
-1.5625,14.063,0.29515
-1.5625,15.625,0.085306
-1.5625,17.188,-0.027544
-1.5625,18.75,-0.081371
-1.5625,20.313,-0.13277
-1.5625,21.875,-0.12071
-1.5625,23.438,-0.068963
-1.5625,25,-0.088827
-1.5625,26.563,-0.027024
-1.5625,28.125,-0.18032
-1.5625,29.688,-0.35646
-1.5625,31.25,-0.39586
-1.5625,32.813,-0.42972
-1.5625,34.375,-0.45116
-1.5625,35.938,-0.52149
-1.5625,37.5,-0.52457
-1.5625,39.063,-0.41256
-1.5625,40.625,-0.26021
-1.5625,42.188,-0.11475
-1.5625,43.75,-0.0044136
-1.5625,45.313,0.094627
-1.5625,46.875,0.058921
-1.5625,48.438,-0.074068
-1.5625,50,-0.063938
0,-48.438,0.019382
0,-46.875,0.081674
0,-45.313,0.15428
0,-43.75,0.24512
0,-42.188,0.22054
0,-40.625,0.2105
0,-39.063,0.25064
0,-37.5,0.25675
0,-35.938,0.22982
0,-34.375,0.26809
0,-32.813,0.25186
0,-31.25,0.25576
0,-29.688,0.25727
0,-28.125,0.27444
0,-26.563,0.079331
0,-25,0.018247
0,-23.438,0.126
0,-21.875,0.18509
0,-20.313,0.1621
0,-18.75,0.2521
0,-17.188,0.20894
0,-15.625,0.25052
0,-14.063,0.34038
0,-12.5,0.19648
0,-10.938,-0.064081
0,-9.375,-0.12891
0,-7.8125,-0.076613
0,-6.25,-0.1255
0,-4.6875,0.046758
0,-3.125,0.15485
0,-1.5625,0.26109
0,0,0.50487
0,1.5625,0.60587
0,3.125,0.68313
0,4.6875,0.74715
0,6.25,0.60615
0,7.8125,0.37428
0,9.375,0.3252
0,10.938,0.29385
0,12.5,0.14825
0,14.063,-0.0056711
0,15.625,-0.20108
0,17.188,-0.39396
0,18.75,-0.46525
0,20.313,-0.42369
0,21.875,-0.39383
0,23.438,-0.36632
0,25,-0.3742
0,26.563,-0.16276
0,28.125,-0.18775
0,29.688,-0.25279
0,31.25,-0.31071
0,32.813,-0.46316
0,34.375,-0.53548
0,35.938,-0.42237
0,37.5,-0.32425
0,39.063,-0.28247
0,40.625,-0.21422
0,42.188,-0.099839
0,43.75,-0.012233
0,45.313,0.027931
0,46.875,-0.06658
0,48.438,-0.024906
0,50,0.013452
1.5625,-48.438,0.094475
1.5625,-46.875,0.33708
1.5625,-45.313,0.32387
1.5625,-43.75,0.36406
1.5625,-42.188,0.3986
1.5625,-40.625,0.35223
1.5625,-39.063,0.30891
1.5625,-37.5,0.25585
1.5625,-35.938,0.31632
1.5625,-34.375,0.24978
1.5625,-32.813,0.092115
1.5625,-31.25,0.071745
1.5625,-29.688,0.10882
1.5625,-28.125,0.18746
1.5625,-26.563,0.057518
1.5625,-25,0.032652
1.5625,-23.438,0.13927
1.5625,-21.875,0.060116
1.5625,-20.313,0.026189
1.5625,-18.75,0.025563
1.5625,-17.188,0.067157
1.5625,-15.625,0.17635
1.5625,-14.063,0.28473
1.5625,-12.5,0.23727
1.5625,-10.938,-0.0028283
1.5625,-9.375,-0.11283
1.5625,-7.8125,-0.20934
1.5625,-6.25,-0.18516
1.5625,-4.6875,0.029401
1.5625,-3.125,0.21049
1.5625,-1.5625,0.32631
1.5625,0,0.47356
1.5625,1.5625,0.64752
1.5625,3.125,0.53621
1.5625,4.6875,0.448
1.5625,6.25,0.33223
1.5625,7.8125,0.1781
1.5625,9.375,0.17489
1.5625,10.938,0.15342
1.5625,12.5,-0.0040688
1.5625,14.063,-0.16403
1.5625,15.625,-0.31741
1.5625,17.188,-0.45818
1.5625,18.75,-0.45774
1.5625,20.313,-0.46685
1.5625,21.875,-0.49565
1.5625,23.438,-0.50245
1.5625,25,-0.52079
1.5625,26.563,-0.3637
1.5625,28.125,-0.33116
1.5625,29.688,-0.33858
1.5625,31.25,-0.42675
1.5625,32.813,-0.55208
1.5625,34.375,-0.58197
1.5625,35.938,-0.48263
1.5625,37.5,-0.33344
1.5625,39.063,-0.23566
1.5625,40.625,-0.14555
1.5625,42.188,-0.16287
1.5625,43.75,-0.2163
1.5625,45.313,-0.19072
1.5625,46.875,-0.20282
1.5625,48.438,-0.10403
1.5625,50,-0.13187
3.125,-48.438,0.087774
3.125,-46.875,0.36582
3.125,-45.313,0.34329
3.125,-43.75,0.3638
3.125,-42.188,0.38397
3.125,-40.625,0.36079
3.125,-39.063,0.36591
3.125,-37.5,0.25282
3.125,-35.938,0.25265
3.125,-34.375,0.15436
3.125,-32.813,0.043792
3.125,-31.25,0.024875
3.125,-29.688,0.024316
3.125,-28.125,0.01254
3.125,-26.563,-0.03436
3.125,-25,0.0018465
3.125,-23.438,-0.026228
3.125,-21.875,-0.12069
3.125,-20.313,-0.15391
3.125,-18.75,-0.059098
3.125,-17.188,0.03901
3.125,-15.625,0.038609
3.125,-14.063,0.17393
3.125,-12.5,0.21203
3.125,-10.938,0.11717
3.125,-9.375,-0.0073806
3.125,-7.8125,-0.10266
3.125,-6.25,-0.14264
3.125,-4.6875,-0.060212
3.125,-3.125,0.12115
3.125,-1.5625,0.14222
3.125,0,0.18732
3.125,1.5625,0.3647
3.125,3.125,0.34156
3.125,4.6875,0.3336
3.125,6.25,0.21075
3.125,7.8125,0.13047
3.125,9.375,0.059687
3.125,10.938,0.010321
3.125,12.5,-0.075373
3.125,14.063,-0.15313
3.125,15.625,-0.25637
3.125,17.188,-0.24022
3.125,18.75,-0.22532
3.125,20.313,-0.41289
3.125,21.875,-0.46548
3.125,23.438,-0.51573
3.125,25,-0.46894
3.125,26.563,-0.41976
3.125,28.125,-0.29657
3.125,29.688,-0.19348
3.125,31.25,-0.23737
3.125,32.813,-0.23222
3.125,34.375,-0.33885
3.125,35.938,-0.22722
3.125,37.5,-0.062044
3.125,39.063,-0.081229
3.125,40.625,-0.12624
3.125,42.188,-0.16138
3.125,43.75,-0.17634
3.125,45.313,-0.18964
3.125,46.875,-0.28426
3.125,48.438,-0.25504
3.125,50,-0.11885
4.6875,-48.438,0.10552
4.6875,-46.875,0.095998
4.6875,-45.313,0.13606
4.6875,-43.75,0.13781
4.6875,-42.188,0.16016
4.6875,-40.625,0.21421
4.6875,-39.063,0.32563
4.6875,-37.5,0.30295
4.6875,-35.938,0.099051
4.6875,-34.375,-0.068018
4.6875,-32.813,-0.14979
4.6875,-31.25,-0.15192
4.6875,-29.688,-0.043496
4.6875,-28.125,0.011589
4.6875,-26.563,-0.10958
4.6875,-25,-0.18287
4.6875,-23.438,-0.20309
4.6875,-21.875,-0.1481
4.6875,-20.313,-0.16019
4.6875,-18.75,-0.13629
4.6875,-17.188,-0.066376
4.6875,-15.625,-0.033934
4.6875,-14.063,0.045326
4.6875,-12.5,0.17835
4.6875,-10.938,0.24784
4.6875,-9.375,0.17835
4.6875,-7.8125,0.0061187
4.6875,-6.25,-0.084699
4.6875,-4.6875,-0.039492
4.6875,-3.125,0.078604
4.6875,-1.5625,0.13272
4.6875,0,0.19936
4.6875,1.5625,0.36155
4.6875,3.125,0.3203
4.6875,4.6875,0.32879
4.6875,6.25,0.30964
4.6875,7.8125,0.22419
4.6875,9.375,0.13294
4.6875,10.938,0.1068
4.6875,12.5,0.062934
4.6875,14.063,0.019442
4.6875,15.625,0.018773
4.6875,17.188,-0.04712
4.6875,18.75,-0.18902
4.6875,20.313,-0.22489
4.6875,21.875,-0.19843
4.6875,23.438,-0.23626
4.6875,25,-0.24945
4.6875,26.563,-0.22382
4.6875,28.125,-0.12958
4.6875,29.688,-0.034538
4.6875,31.25,0.058125
4.6875,32.813,-0.023494
4.6875,34.375,-0.040231
4.6875,35.938,0.060632
4.6875,37.5,0.10631
4.6875,39.063,0.1033
4.6875,40.625,0.014749
4.6875,42.188,-0.048299
4.6875,43.75,-0.024756
4.6875,45.313,-0.079594
4.6875,46.875,-0.20897
4.6875,48.438,-0.16755
4.6875,50,-0.0058455
6.25,-48.438,0.0020788
6.25,-46.875,-0.062957
6.25,-45.313,-0.1301
6.25,-43.75,-0.10967
6.25,-42.188,-0.086226
6.25,-40.625,0.01218
6.25,-39.063,0.10612
6.25,-37.5,0.025442
6.25,-35.938,-0.16715
6.25,-34.375,-0.23189
6.25,-32.813,-0.23611
6.25,-31.25,-0.19344
6.25,-29.688,-0.060292
6.25,-28.125,-0.073007
6.25,-26.563,-0.16149
6.25,-25,-0.29366
6.25,-23.438,-0.45131
6.25,-21.875,-0.39541
6.25,-20.313,-0.2999
6.25,-18.75,-0.15951
6.25,-17.188,-0.06315
6.25,-15.625,-0.032691
6.25,-14.063,0.00024933
6.25,-12.5,0.08144
6.25,-10.938,0.29203
6.25,-9.375,0.2968
6.25,-7.8125,0.24537
6.25,-6.25,0.18363
6.25,-4.6875,0.17239
6.25,-3.125,0.20184
6.25,-1.5625,0.29476
6.25,0,0.33698
6.25,1.5625,0.44036
6.25,3.125,0.405
6.25,4.6875,0.42657
6.25,6.25,0.48993
6.25,7.8125,0.41419
6.25,9.375,0.38903
6.25,10.938,0.25767
6.25,12.5,0.1551
6.25,14.063,0.14843
6.25,15.625,0.11543
6.25,17.188,0.054515
6.25,18.75,-0.04646
6.25,20.313,-0.021384
6.25,21.875,-0.044846
6.25,23.438,-0.0057222
6.25,25,0.034044
6.25,26.563,0.025731
6.25,28.125,0.14476
6.25,29.688,0.298
6.25,31.25,0.36179
6.25,32.813,0.23234
6.25,34.375,0.089393
6.25,35.938,0.052944
6.25,37.5,0.044426
6.25,39.063,0.010703
6.25,40.625,0.045971
6.25,42.188,-0.048213
6.25,43.75,-0.11409
6.25,45.313,-0.19511
6.25,46.875,-0.15428
6.25,48.438,-0.0035996
6.25,50,-0.048215
7.8125,-48.438,-0.18942
7.8125,-46.875,-0.21599
7.8125,-45.313,-0.31535
7.8125,-43.75,-0.42064
7.8125,-42.188,-0.51505
7.8125,-40.625,-0.39996
7.8125,-39.063,-0.31958
7.8125,-37.5,-0.34215
7.8125,-35.938,-0.32591
7.8125,-34.375,-0.33869
7.8125,-32.813,-0.2358
7.8125,-31.25,-0.15623
7.8125,-29.688,0.0020931
7.8125,-28.125,-0.11622
7.8125,-26.563,-0.11189
7.8125,-25,-0.089206
7.8125,-23.438,-0.24974
7.8125,-21.875,-0.16079
7.8125,-20.313,-0.1472
7.8125,-18.75,-0.056238
7.8125,-17.188,-0.0063875
7.8125,-15.625,0.016217
7.8125,-14.063,0.064129
7.8125,-12.5,0.13043
7.8125,-10.938,0.37934
7.8125,-9.375,0.49062
7.8125,-7.8125,0.42508
7.8125,-6.25,0.35211
7.8125,-4.6875,0.25145
7.8125,-3.125,0.2554
7.8125,-1.5625,0.31607
7.8125,0,0.38831
7.8125,1.5625,0.59798
7.8125,3.125,0.56635
7.8125,4.6875,0.55924
7.8125,6.25,0.48434
7.8125,7.8125,0.45991
7.8125,9.375,0.40789
7.8125,10.938,0.33781
7.8125,12.5,0.37058
7.8125,14.063,0.3044
7.8125,15.625,0.23788
7.8125,17.188,0.23117
7.8125,18.75,0.2087
7.8125,20.313,0.13268
7.8125,21.875,0.15646
7.8125,23.438,0.10421
7.8125,25,0.14527
7.8125,26.563,0.22082
7.8125,28.125,0.31221
7.8125,29.688,0.39121
7.8125,31.25,0.38032
7.8125,32.813,0.2276
7.8125,34.375,0.01341
7.8125,35.938,-0.0047769
7.8125,37.5,-0.077233
7.8125,39.063,-0.097933
7.8125,40.625,-0.15386
7.8125,42.188,-0.10424
7.8125,43.75,-0.13977
7.8125,45.313,-0.26106
7.8125,46.875,-0.20269
7.8125,48.438,-0.16202
7.8125,50,-0.19337
9.375,-48.438,-0.32219
9.375,-46.875,-0.30102
9.375,-45.313,-0.46832
9.375,-43.75,-0.60466
9.375,-42.188,-0.71818
9.375,-40.625,-0.57486
9.375,-39.063,-0.42304
9.375,-37.5,-0.27728
9.375,-35.938,-0.26223
9.375,-34.375,-0.20592
9.375,-32.813,-0.046107
9.375,-31.25,-0.0095056
9.375,-29.688,-0.0071998
9.375,-28.125,-0.11637
9.375,-26.563,-0.061446
9.375,-25,0.011379
9.375,-23.438,-0.02072
9.375,-21.875,0.11546
9.375,-20.313,0.088248
9.375,-18.75,0.0027464
9.375,-17.188,0.083876
9.375,-15.625,-0.019812
9.375,-14.063,-0.082059
9.375,-12.5,0.16676
9.375,-10.938,0.45406
9.375,-9.375,0.60856
9.375,-7.8125,0.61294
9.375,-6.25,0.52513
9.375,-4.6875,0.35583
9.375,-3.125,0.29882
9.375,-1.5625,0.23009
9.375,0,0.33945
9.375,1.5625,0.41583
9.375,3.125,0.47783
9.375,4.6875,0.55658
9.375,6.25,0.54644
9.375,7.8125,0.47407
9.375,9.375,0.54107
9.375,10.938,0.58589
9.375,12.5,0.64653
9.375,14.063,0.58573
9.375,15.625,0.61313
9.375,17.188,0.5556
9.375,18.75,0.44724
9.375,20.313,0.39369
9.375,21.875,0.2781
9.375,23.438,0.16987
9.375,25,0.14988
9.375,26.563,0.1766
9.375,28.125,0.22206
9.375,29.688,0.14976
9.375,31.25,0.089942
9.375,32.813,-0.048766
9.375,34.375,-0.082543
9.375,35.938,-0.10772
9.375,37.5,-0.13748
9.375,39.063,-0.24091
9.375,40.625,-0.3391
9.375,42.188,-0.2924
9.375,43.75,-0.30325
9.375,45.313,-0.49055
9.375,46.875,-0.57181
9.375,48.438,-0.44485
9.375,50,-0.35579
10.938,-48.438,-0.46964
10.938,-46.875,-0.43343
10.938,-45.313,-0.579
10.938,-43.75,-0.65532
10.938,-42.188,-0.58512
10.938,-40.625,-0.45257
10.938,-39.063,-0.28862
10.938,-37.5,-0.15969
10.938,-35.938,-0.05306
10.938,-34.375,-0.020726
10.938,-32.813,0.14851
10.938,-31.25,0.16304
10.938,-29.688,-0.015837
10.938,-28.125,-0.045009
10.938,-26.563,-0.15691
10.938,-25,-0.059643
10.938,-23.438,-0.0076876
10.938,-21.875,0.17491
10.938,-20.313,0.21839
10.938,-18.75,0.030891
10.938,-17.188,0.0033235
10.938,-15.625,-0.013464
10.938,-14.063,0.028627
10.938,-12.5,0.32237
10.938,-10.938,0.57785
10.938,-9.375,0.71202
10.938,-7.8125,0.8015
10.938,-6.25,0.78508
10.938,-4.6875,0.57976
10.938,-3.125,0.44899
10.938,-1.5625,0.26891
10.938,0,0.18231
10.938,1.5625,0.20273
10.938,3.125,0.36345
10.938,4.6875,0.55536
10.938,6.25,0.66467
10.938,7.8125,0.72372
10.938,9.375,0.83691
10.938,10.938,0.92234
10.938,12.5,0.82681
10.938,14.063,0.81883
10.938,15.625,0.92943
10.938,17.188,0.96734
10.938,18.75,0.75449
10.938,20.313,0.67872
10.938,21.875,0.45993
10.938,23.438,0.24603
10.938,25,0.25101
10.938,26.563,0.18949
10.938,28.125,0.065563
10.938,29.688,-0.15924
10.938,31.25,-0.33143
10.938,32.813,-0.37362
10.938,34.375,-0.35476
10.938,35.938,-0.37397
10.938,37.5,-0.19996
10.938,39.063,-0.20728
10.938,40.625,-0.30153
10.938,42.188,-0.34889
10.938,43.75,-0.47006
10.938,45.313,-0.6017
10.938,46.875,-0.63559
10.938,48.438,-0.55557
10.938,50,-0.4981
12.5,-48.438,-0.28868
12.5,-46.875,-0.3313
12.5,-45.313,-0.48876
12.5,-43.75,-0.52774
12.5,-42.188,-0.37383
12.5,-40.625,-0.40748
12.5,-39.063,-0.25226
12.5,-37.5,0.11035
12.5,-35.938,0.14015
12.5,-34.375,0.077977
12.5,-32.813,0.25898
12.5,-31.25,0.23192
12.5,-29.688,0.11821
12.5,-28.125,-0.0071546
12.5,-26.563,-0.16776
12.5,-25,-0.11204
12.5,-23.438,0.031909
12.5,-21.875,0.081849
12.5,-20.313,0.082205
12.5,-18.75,-0.014305
12.5,-17.188,0.010693
12.5,-15.625,0.12821
12.5,-14.063,0.28952
12.5,-12.5,0.50553
12.5,-10.938,0.54632
12.5,-9.375,0.61117
12.5,-7.8125,0.77929
12.5,-6.25,0.74431
12.5,-4.6875,0.47234
12.5,-3.125,0.3471
12.5,-1.5625,0.31377
12.5,0,0.32979
12.5,1.5625,0.41611
12.5,3.125,0.55069
12.5,4.6875,0.61929
12.5,6.25,0.7422
12.5,7.8125,0.93722
12.5,9.375,0.91136
12.5,10.938,0.90042
12.5,12.5,0.88372
12.5,14.063,0.96948
12.5,15.625,1.0072
12.5,17.188,0.9538
12.5,18.75,0.75346
12.5,20.313,0.60448
12.5,21.875,0.48654
12.5,23.438,0.40483
12.5,25,0.3115
12.5,26.563,0.043567
12.5,28.125,-0.1444
12.5,29.688,-0.29343
12.5,31.25,-0.41949
12.5,32.813,-0.50897
12.5,34.375,-0.48646
12.5,35.938,-0.47874
12.5,37.5,-0.52706
12.5,39.063,-0.45481
12.5,40.625,-0.4113
12.5,42.188,-0.49418
12.5,43.75,-0.58086
12.5,45.313,-0.58342
12.5,46.875,-0.53428
12.5,48.438,-0.49617
12.5,50,-0.39243
14.063,-48.438,-0.22879
14.063,-46.875,-0.24698
14.063,-45.313,-0.37469
14.063,-43.75,-0.37312
14.063,-42.188,-0.18756
14.063,-40.625,-0.18325
14.063,-39.063,-0.028711
14.063,-37.5,0.11728
14.063,-35.938,0.17298
14.063,-34.375,0.21807
14.063,-32.813,0.16874
14.063,-31.25,0.15475
14.063,-29.688,0.078717
14.063,-28.125,-0.0070166
14.063,-26.563,-0.11346
14.063,-25,-0.11676
14.063,-23.438,-0.055114
14.063,-21.875,-0.042709
14.063,-20.313,-0.035637
14.063,-18.75,0.033239
14.063,-17.188,0.17896
14.063,-15.625,0.24385
14.063,-14.063,0.45531
14.063,-12.5,0.55726
14.063,-10.938,0.47553
14.063,-9.375,0.48035
14.063,-7.8125,0.54878
14.063,-6.25,0.68476
14.063,-4.6875,0.52225
14.063,-3.125,0.3712
14.063,-1.5625,0.31632
14.063,0,0.35497
14.063,1.5625,0.65447
14.063,3.125,0.69626
14.063,4.6875,0.60914
14.063,6.25,0.71657
14.063,7.8125,0.86528
14.063,9.375,0.94353
14.063,10.938,0.92873
14.063,12.5,0.95215
14.063,14.063,1.0187
14.063,15.625,1.0284
14.063,17.188,0.82723
14.063,18.75,0.72177
14.063,20.313,0.50725
14.063,21.875,0.40731
14.063,23.438,0.33186
14.063,25,0.10586
14.063,26.563,-0.16964
14.063,28.125,-0.25441
14.063,29.688,-0.45197
14.063,31.25,-0.63668
14.063,32.813,-0.69147
14.063,34.375,-0.66179
14.063,35.938,-0.55514
14.063,37.5,-0.52912
14.063,39.063,-0.4969
14.063,40.625,-0.55165
14.063,42.188,-0.49523
14.063,43.75,-0.52842
14.063,45.313,-0.49486
14.063,46.875,-0.4498
14.063,48.438,-0.40378
14.063,50,-0.28376
15.625,-48.438,-0.25065
15.625,-46.875,-0.27524
15.625,-45.313,-0.30241
15.625,-43.75,-0.22407
15.625,-42.188,0.078162
15.625,-40.625,0.19586
15.625,-39.063,0.19861
15.625,-37.5,0.16026
15.625,-35.938,0.2656
15.625,-34.375,0.18667
15.625,-32.813,0.1218
15.625,-31.25,0.029874
15.625,-29.688,0.011201
15.625,-28.125,0.040979
15.625,-26.563,-0.033583
15.625,-25,-0.021591
15.625,-23.438,-0.0034507
15.625,-21.875,0.041733
15.625,-20.313,0.071073
15.625,-18.75,0.11207
15.625,-17.188,0.12046
15.625,-15.625,0.31351
15.625,-14.063,0.44069
15.625,-12.5,0.50532
15.625,-10.938,0.52145
15.625,-9.375,0.44892
15.625,-7.8125,0.51042
15.625,-6.25,0.57245
15.625,-4.6875,0.57074
15.625,-3.125,0.42329
15.625,-1.5625,0.38125
15.625,0,0.44031
15.625,1.5625,0.67094
15.625,3.125,0.67908
15.625,4.6875,0.64764
15.625,6.25,0.69783
15.625,7.8125,0.79053
15.625,9.375,0.95794
15.625,10.938,0.88179
15.625,12.5,0.87462
15.625,14.063,0.97295
15.625,15.625,0.92012
15.625,17.188,0.84345
15.625,18.75,0.76117
15.625,20.313,0.58888
15.625,21.875,0.42597
15.625,23.438,0.18916
15.625,25,-0.10333
15.625,26.563,-0.15097
15.625,28.125,-0.14946
15.625,29.688,-0.32701
15.625,31.25,-0.45152
15.625,32.813,-0.42504
15.625,34.375,-0.45919
15.625,35.938,-0.46029
15.625,37.5,-0.24936
15.625,39.063,-0.25629
15.625,40.625,-0.3254
15.625,42.188,-0.27876
15.625,43.75,-0.34312
15.625,45.313,-0.33545
15.625,46.875,-0.30825
15.625,48.438,-0.2586
15.625,50,-0.14541
17.188,-48.438,-0.20709
17.188,-46.875,-0.045939
17.188,-45.313,-0.055368
17.188,-43.75,0.002115
17.188,-42.188,0.14928
17.188,-40.625,0.28214
17.188,-39.063,0.30142
17.188,-37.5,0.2618
17.188,-35.938,0.26564
17.188,-34.375,0.20545
17.188,-32.813,0.12243
17.188,-31.25,0.038487
17.188,-29.688,0.043583
17.188,-28.125,0.052035
17.188,-26.563,0.083401
17.188,-25,0.12467
17.188,-23.438,0.071274
17.188,-21.875,0.04891
17.188,-20.313,0.14844
17.188,-18.75,0.10669
17.188,-17.188,0.16845
17.188,-15.625,0.3519
17.188,-14.063,0.4658
17.188,-12.5,0.43558
17.188,-10.938,0.3649
17.188,-9.375,0.3945
17.188,-7.8125,0.40894
17.188,-6.25,0.4788
17.188,-4.6875,0.60071
17.188,-3.125,0.58224
17.188,-1.5625,0.48129
17.188,0,0.42316
17.188,1.5625,0.50809
17.188,3.125,0.59531
17.188,4.6875,0.59213
17.188,6.25,0.5771
17.188,7.8125,0.68155
17.188,9.375,0.86002
17.188,10.938,0.83325
17.188,12.5,0.7629
17.188,14.063,0.82153
17.188,15.625,0.80654
17.188,17.188,0.75031
17.188,18.75,0.64552
17.188,20.313,0.48508
17.188,21.875,0.20407
17.188,23.438,-0.0026972
17.188,25,-0.096082
17.188,26.563,0.01819
17.188,28.125,-0.027709
17.188,29.688,-0.039287
17.188,31.25,-0.060447
17.188,32.813,-0.18419
17.188,34.375,-0.31869
17.188,35.938,-0.15545
17.188,37.5,0.021685
17.188,39.063,-0.032306
17.188,40.625,-0.16074
17.188,42.188,-0.098397
17.188,43.75,-0.16745
17.188,45.313,-0.21565
17.188,46.875,-0.039414
17.188,48.438,0.075245
17.188,50,-0.017029
18.75,-48.438,0.084069
18.75,-46.875,0.086055
18.75,-45.313,0.18766
18.75,-43.75,0.26783
18.75,-42.188,0.34448
18.75,-40.625,0.32237
18.75,-39.063,0.30574
18.75,-37.5,0.22201
18.75,-35.938,0.21484
18.75,-34.375,0.29005
18.75,-32.813,0.26704
18.75,-31.25,0.18827
18.75,-29.688,0.15531
18.75,-28.125,0.12536
18.75,-26.563,0.05697
18.75,-25,-0.063457
18.75,-23.438,-0.080243
18.75,-21.875,-0.047964
18.75,-20.313,0.15491
18.75,-18.75,0.32316
18.75,-17.188,0.43843
18.75,-15.625,0.40507
18.75,-14.063,0.3821
18.75,-12.5,0.36367
18.75,-10.938,0.40858
18.75,-9.375,0.47693
18.75,-7.8125,0.58496
18.75,-6.25,0.49986
18.75,-4.6875,0.47032
18.75,-3.125,0.38811
18.75,-1.5625,0.37966
18.75,0,0.30868
18.75,1.5625,0.29217
18.75,3.125,0.38007
18.75,4.6875,0.51141
18.75,6.25,0.46357
18.75,7.8125,0.49095
18.75,9.375,0.6022
18.75,10.938,0.6196
18.75,12.5,0.58965
18.75,14.063,0.54693
18.75,15.625,0.51861
18.75,17.188,0.48508
18.75,18.75,0.46209
18.75,20.313,0.32903
18.75,21.875,0.12904
18.75,23.438,-0.026711
18.75,25,-0.064895
18.75,26.563,0.038611
18.75,28.125,0.051737
18.75,29.688,0.033277
18.75,31.25,-0.044249
18.75,32.813,-0.19976
18.75,34.375,-0.17208
18.75,35.938,0.06512
18.75,37.5,0.074904
18.75,39.063,0.029647
18.75,40.625,0.0023971
18.75,42.188,-0.01435
18.75,43.75,-0.11092
18.75,45.313,-0.14781
18.75,46.875,0.037501
18.75,48.438,0.14356
18.75,50,0.11239
20.313,-48.438,0.16222
20.313,-46.875,0.25724
20.313,-45.313,0.26286
20.313,-43.75,0.12614
20.313,-42.188,0.15754
20.313,-40.625,0.13292
20.313,-39.063,0.11919
20.313,-37.5,0.18651
20.313,-35.938,0.15405
20.313,-34.375,0.09273
20.313,-32.813,0.14576
20.313,-31.25,0.24778
20.313,-29.688,0.20915
20.313,-28.125,0.11101
20.313,-26.563,0.021447
20.313,-25,-0.15665
20.313,-23.438,-0.14111
20.313,-21.875,-0.051885
20.313,-20.313,0.088412
20.313,-18.75,0.27146
20.313,-17.188,0.36919
20.313,-15.625,0.38858
20.313,-14.063,0.26599
20.313,-12.5,0.14511
20.313,-10.938,0.10716
20.313,-9.375,0.17054
20.313,-7.8125,0.35704
20.313,-6.25,0.31116
20.313,-4.6875,0.21154
20.313,-3.125,0.14752
20.313,-1.5625,0.096629
20.313,0,0.11023
20.313,1.5625,0.17267
20.313,3.125,0.25192
20.313,4.6875,0.31446
20.313,6.25,0.22258
20.313,7.8125,0.1999
20.313,9.375,0.31579
20.313,10.938,0.38748
20.313,12.5,0.39191
20.313,14.063,0.30736
20.313,15.625,0.22177
20.313,17.188,0.23891
20.313,18.75,0.30619
20.313,20.313,0.36267
20.313,21.875,0.29955
20.313,23.438,0.040574
20.313,25,-0.060228
20.313,26.563,0.00042193
20.313,28.125,0.11067
20.313,29.688,0.14692
20.313,31.25,-0.056857
20.313,32.813,-0.091429
20.313,34.375,-0.07529
20.313,35.938,0.0042262
20.313,37.5,0.050394
20.313,39.063,0.13319
20.313,40.625,0.20224
20.313,42.188,-0.01999
20.313,43.75,-0.029869
20.313,45.313,-0.076098
20.313,46.875,-0.0071387
20.313,48.438,0.063887
20.313,50,0.071469
21.875,-48.438,-0.013043
21.875,-46.875,0.059121
21.875,-45.313,0.063635
21.875,-43.75,-0.094295
21.875,-42.188,-0.13369
21.875,-40.625,0.053294
21.875,-39.063,0.093915
21.875,-37.5,0.12625
21.875,-35.938,0.13161
21.875,-34.375,0.10633
21.875,-32.813,0.046163
21.875,-31.25,0.036841
21.875,-29.688,-0.010382
21.875,-28.125,-0.005152
21.875,-26.563,-0.050611
21.875,-25,-0.18485
21.875,-23.438,-0.1658
21.875,-21.875,-0.1394
21.875,-20.313,-0.11755
21.875,-18.75,0.010411
21.875,-17.188,0.01951
21.875,-15.625,-0.039569
21.875,-14.063,-0.041034
21.875,-12.5,-0.03477
21.875,-10.938,-0.10985
21.875,-9.375,-0.090338
21.875,-7.8125,0.0057588
21.875,-6.25,0.065995
21.875,-4.6875,0.039141
21.875,-3.125,-0.027452
21.875,-1.5625,-0.03437
21.875,0,0.042411
21.875,1.5625,0.15958
21.875,3.125,0.25588
21.875,4.6875,0.16362
21.875,6.25,0.12141
21.875,7.8125,-0.0046689
21.875,9.375,0.068819
21.875,10.938,0.056995
21.875,12.5,0.1585
21.875,14.063,0.10113
21.875,15.625,0.014527
21.875,17.188,0.11395
21.875,18.75,0.20521
21.875,20.313,0.29208
21.875,21.875,0.2489
21.875,23.438,0.12919
21.875,25,0.16778
21.875,26.563,0.18973
21.875,28.125,0.30762
21.875,29.688,0.39624
21.875,31.25,0.28059
21.875,32.813,0.26271
21.875,34.375,0.082221
21.875,35.938,-0.00097551
21.875,37.5,-0.057869
21.875,39.063,0.028649
21.875,40.625,0.043264
21.875,42.188,0.00589
21.875,43.75,0.035241
21.875,45.313,-0.068546
21.875,46.875,-0.09562
21.875,48.438,-0.078324
21.875,50,-0.083463
23.438,-48.438,-0.18324
23.438,-46.875,-0.1599
23.438,-45.313,-0.2306
23.438,-43.75,-0.23694
23.438,-42.188,-0.026597
23.438,-40.625,-0.0099249
23.438,-39.063,0.05283
23.438,-37.5,0.13967
23.438,-35.938,0.16839
23.438,-34.375,0.18207
23.438,-32.813,0.13264
23.438,-31.25,0.16646
23.438,-29.688,0.17664
23.438,-28.125,-0.10482
23.438,-26.563,-0.17906
23.438,-25,-0.19449
23.438,-23.438,-0.1963
23.438,-21.875,-0.17028
23.438,-20.313,-0.17917
23.438,-18.75,-0.30431
23.438,-17.188,-0.40195
23.438,-15.625,-0.37356
23.438,-14.063,-0.33777
23.438,-12.5,-0.23791
23.438,-10.938,-0.2609
23.438,-9.375,-0.24274
23.438,-7.8125,-0.23318
23.438,-6.25,-0.21064
23.438,-4.6875,-0.083881
23.438,-3.125,-0.04655
23.438,-1.5625,0.085009
23.438,0,0.023395
23.438,1.5625,0.088964
23.438,3.125,0.20503
23.438,4.6875,0.1217
23.438,6.25,0.019031
23.438,7.8125,-0.056796
23.438,9.375,-0.062497
23.438,10.938,0.042331
23.438,12.5,0.018978
23.438,14.063,-0.015059
23.438,15.625,0.057325
23.438,17.188,0.18965
23.438,18.75,0.2556
23.438,20.313,0.30118
23.438,21.875,0.32819
23.438,23.438,0.29677
23.438,25,0.26631
23.438,26.563,0.38984
23.438,28.125,0.47595
23.438,29.688,0.55757
23.438,31.25,0.501
23.438,32.813,0.37109
23.438,34.375,0.18616
23.438,35.938,-0.031909
23.438,37.5,-0.26489
23.438,39.063,-0.29807
23.438,40.625,-0.23181
23.438,42.188,-0.16512
23.438,43.75,-0.24085
23.438,45.313,-0.33347
23.438,46.875,-0.35661
23.438,48.438,-0.27996
23.438,50,-0.21376
25,-48.438,-0.32767
25,-46.875,-0.29706
25,-45.313,-0.35626
25,-43.75,-0.30389
25,-42.188,-0.070907
25,-40.625,-0.099811
25,-39.063,-0.073741
25,-37.5,0.002539
25,-35.938,0.03258
25,-34.375,0.16909
25,-32.813,0.27923
25,-31.25,0.24411
25,-29.688,0.14352
25,-28.125,-0.10011
25,-26.563,-0.15526
25,-25,-0.19329
25,-23.438,-0.30519
25,-21.875,-0.33455
25,-20.313,-0.33555
25,-18.75,-0.42821
25,-17.188,-0.52594
25,-15.625,-0.45705
25,-14.063,-0.38041
25,-12.5,-0.41463
25,-10.938,-0.37752
25,-9.375,-0.37324
25,-7.8125,-0.2544
25,-6.25,-0.098844
25,-4.6875,0.019344
25,-3.125,0.10766
25,-1.5625,0.10164
25,0,0.075538
25,1.5625,0.20507
25,3.125,0.19737
25,4.6875,0.065511
25,6.25,0.082352
25,7.8125,0.02933
25,9.375,0.19284
25,10.938,0.2615
25,12.5,0.23093
25,14.063,0.14814
25,15.625,0.013922
25,17.188,0.18594
25,18.75,0.39557
25,20.313,0.51527
25,21.875,0.47212
25,23.438,0.42048
25,25,0.43166
25,26.563,0.39228
25,28.125,0.45796
25,29.688,0.36732
25,31.25,0.26583
25,32.813,0.14417
25,34.375,0.010639
25,35.938,-0.21671
25,37.5,-0.39947
25,39.063,-0.54928
25,40.625,-0.45664
25,42.188,-0.30068
25,43.75,-0.44058
25,45.313,-0.46511
25,46.875,-0.43606
25,48.438,-0.29322
25,50,-0.26812
26.563,-48.438,-0.40359
26.563,-46.875,-0.34594
26.563,-45.313,-0.40443
26.563,-43.75,-0.38759
26.563,-42.188,-0.23172
26.563,-40.625,-0.21471
26.563,-39.063,-0.080714
26.563,-37.5,0.0076323
26.563,-35.938,0.0034047
26.563,-34.375,0.085239
26.563,-32.813,0.15298
26.563,-31.25,0.14959
26.563,-29.688,0.01728
26.563,-28.125,-0.1411
26.563,-26.563,-0.19333
26.563,-25,-0.36811
26.563,-23.438,-0.60422
26.563,-21.875,-0.6626
26.563,-20.313,-0.65259
26.563,-18.75,-0.6576
26.563,-17.188,-0.49676
26.563,-15.625,-0.42794
26.563,-14.063,-0.48751
26.563,-12.5,-0.45224
26.563,-10.938,-0.37485
26.563,-9.375,-0.37876
26.563,-7.8125,-0.25526
26.563,-6.25,-0.094342
26.563,-4.6875,-0.066227
26.563,-3.125,0.012967
26.563,-1.5625,0.07492
26.563,0,0.097209
26.563,1.5625,0.13025
26.563,3.125,0.063335
26.563,4.6875,0.022392
26.563,6.25,0.15477
26.563,7.8125,0.20171
26.563,9.375,0.31033
26.563,10.938,0.37344
26.563,12.5,0.24763
26.563,14.063,0.12089
26.563,15.625,0.11515
26.563,17.188,0.21664
26.563,18.75,0.24702
26.563,20.313,0.30379
26.563,21.875,0.37573
26.563,23.438,0.39399
26.563,25,0.41239
26.563,26.563,0.30104
26.563,28.125,0.26042
26.563,29.688,0.12427
26.563,31.25,-0.0075299
26.563,32.813,-0.12501
26.563,34.375,-0.22875
26.563,35.938,-0.33104
26.563,37.5,-0.43214
26.563,39.063,-0.50682
26.563,40.625,-0.48542
26.563,42.188,-0.49661
26.563,43.75,-0.47651
26.563,45.313,-0.43427
26.563,46.875,-0.37771
26.563,48.438,-0.17063
26.563,50,-0.28563
28.125,-48.438,-0.27902
28.125,-46.875,-0.4001
28.125,-45.313,-0.39192
28.125,-43.75,-0.34308
28.125,-42.188,-0.22452
28.125,-40.625,-0.11907
28.125,-39.063,-0.01994
28.125,-37.5,-0.018499
28.125,-35.938,0.067655
28.125,-34.375,0.086345
28.125,-32.813,0.032098
28.125,-31.25,0.016646
28.125,-29.688,-0.087985
28.125,-28.125,-0.16026
28.125,-26.563,-0.16921
28.125,-25,-0.40195
28.125,-23.438,-0.71109
28.125,-21.875,-0.77921
28.125,-20.313,-0.69179
28.125,-18.75,-0.61464
28.125,-17.188,-0.4736
28.125,-15.625,-0.37621
28.125,-14.063,-0.2589
28.125,-12.5,-0.087124
28.125,-10.938,0.056916
28.125,-9.375,-0.091079
28.125,-7.8125,-0.13876
28.125,-6.25,-0.1467
28.125,-4.6875,-0.10017
28.125,-3.125,0.038157
28.125,-1.5625,0.043994
28.125,0,0.13855
28.125,1.5625,0.17577
28.125,3.125,0.037871
28.125,4.6875,0.053541
28.125,6.25,0.085095
28.125,7.8125,0.19807
28.125,9.375,0.31413
28.125,10.938,0.22098
28.125,12.5,0.16176
28.125,14.063,0.13806
28.125,15.625,0.081948
28.125,17.188,0.039437
28.125,18.75,-0.034573
28.125,20.313,0.14902
28.125,21.875,0.23101
28.125,23.438,0.33179
28.125,25,0.37641
28.125,26.563,0.26857
28.125,28.125,0.039692
28.125,29.688,-0.086359
28.125,31.25,-0.11591
28.125,32.813,-0.23438
28.125,34.375,-0.26779
28.125,35.938,-0.28013
28.125,37.5,-0.23835
28.125,39.063,-0.25322
28.125,40.625,-0.35658
28.125,42.188,-0.33741
28.125,43.75,-0.24089
28.125,45.313,-0.16002
28.125,46.875,-0.10316
28.125,48.438,-0.029797
28.125,50,-0.14879
29.688,-48.438,-0.0716
29.688,-46.875,-0.25397
29.688,-45.313,-0.28878
29.688,-43.75,-0.28135
29.688,-42.188,-0.12201
29.688,-40.625,0.021601
29.688,-39.063,0.11802
29.688,-37.5,0.098174
29.688,-35.938,0.077038
29.688,-34.375,0.02538
29.688,-32.813,-0.046752
29.688,-31.25,-0.094685
29.688,-29.688,-0.075719
29.688,-28.125,-0.19971
29.688,-26.563,-0.236
29.688,-25,-0.37741
29.688,-23.438,-0.54905
29.688,-21.875,-0.50185
29.688,-20.313,-0.51583
29.688,-18.75,-0.36726
29.688,-17.188,-0.18664
29.688,-15.625,0.046327
29.688,-14.063,0.1659
29.688,-12.5,0.25797
29.688,-10.938,0.34813
29.688,-9.375,0.28697
29.688,-7.8125,0.15022
29.688,-6.25,0.11235
29.688,-4.6875,0.076015
29.688,-3.125,0.13404
29.688,-1.5625,0.16452
29.688,0,0.28196
29.688,1.5625,0.42869
29.688,3.125,0.41155
29.688,4.6875,0.28123
29.688,6.25,0.18947
29.688,7.8125,0.20164
29.688,9.375,0.24454
29.688,10.938,0.19246
29.688,12.5,0.061513
29.688,14.063,0.17419
29.688,15.625,0.10016
29.688,17.188,0.076106
29.688,18.75,0.11083
29.688,20.313,0.17008
29.688,21.875,0.25203
29.688,23.438,0.36363
29.688,25,0.34173
29.688,26.563,0.26463
29.688,28.125,0.074798
29.688,29.688,-0.099217
29.688,31.25,-0.13863
29.688,32.813,-0.13357
29.688,34.375,-0.10759
29.688,35.938,-0.012726
29.688,37.5,0.048765
29.688,39.063,-0.088328
29.688,40.625,-0.12829
29.688,42.188,-0.089662
29.688,43.75,-0.018097
29.688,45.313,-0.1044
29.688,46.875,-0.031937
29.688,48.438,0.021343
29.688,50,-0.069161
31.25,-48.438,0.029748
31.25,-46.875,0.064616
31.25,-45.313,0.034543
31.25,-43.75,-0.038198
31.25,-42.188,-0.050044
31.25,-40.625,-0.052055
31.25,-39.063,0.021446
31.25,-37.5,0.17614
31.25,-35.938,0.032452
31.25,-34.375,-0.038677
31.25,-32.813,-0.054326
31.25,-31.25,-0.10209
31.25,-29.688,-0.075399
31.25,-28.125,-0.16596
31.25,-26.563,-0.27443
31.25,-25,-0.27723
31.25,-23.438,-0.4032
31.25,-21.875,-0.34441
31.25,-20.313,-0.20132
31.25,-18.75,0.0065324
31.25,-17.188,0.20684
31.25,-15.625,0.46999
31.25,-14.063,0.52899
31.25,-12.5,0.54157
31.25,-10.938,0.50286
31.25,-9.375,0.534
31.25,-7.8125,0.46996
31.25,-6.25,0.40253
31.25,-4.6875,0.30071
31.25,-3.125,0.32716
31.25,-1.5625,0.48518
31.25,0,0.6098
31.25,1.5625,0.64288
31.25,3.125,0.629
31.25,4.6875,0.37296
31.25,6.25,0.28334
31.25,7.8125,0.1478
31.25,9.375,0.095338
31.25,10.938,0.073971
31.25,12.5,-0.023661
31.25,14.063,0.12294
31.25,15.625,0.19578
31.25,17.188,0.23574
31.25,18.75,0.33811
31.25,20.313,0.26222
31.25,21.875,0.27801
31.25,23.438,0.23428
31.25,25,0.19673
31.25,26.563,0.13532
31.25,28.125,0.066698
31.25,29.688,-0.0053075
31.25,31.25,-0.024378
31.25,32.813,-0.10268
31.25,34.375,-0.082201
31.25,35.938,0.088986
31.25,37.5,0.097791
31.25,39.063,0.059046
31.25,40.625,0.09957
31.25,42.188,0.11927
31.25,43.75,0.060345
31.25,45.313,-0.069064
31.25,46.875,-0.015486
31.25,48.438,0.061804
31.25,50,0.062422
32.813,-48.438,0.13591
32.813,-46.875,0.15896
32.813,-45.313,0.14466
32.813,-43.75,0.11146
32.813,-42.188,-0.017241
32.813,-40.625,-0.11762
32.813,-39.063,-0.11663
32.813,-37.5,0.021004
32.813,-35.938,0.0091166
32.813,-34.375,0.021794
32.813,-32.813,0.052657
32.813,-31.25,0.027306
32.813,-29.688,0.15014
32.813,-28.125,0.143
32.813,-26.563,0.071471
32.813,-25,-0.073704
32.813,-23.438,-0.18262
32.813,-21.875,-0.18221
32.813,-20.313,0.029282
32.813,-18.75,0.22752
32.813,-17.188,0.36065
32.813,-15.625,0.54813
32.813,-14.063,0.58793
32.813,-12.5,0.59377
32.813,-10.938,0.59318
32.813,-9.375,0.61664
32.813,-7.8125,0.67085
32.813,-6.25,0.5655
32.813,-4.6875,0.51048
32.813,-3.125,0.54596
32.813,-1.5625,0.66436
32.813,0,0.63138
32.813,1.5625,0.48972
32.813,3.125,0.37178
32.813,4.6875,0.2966
32.813,6.25,0.2981
32.813,7.8125,0.17472
32.813,9.375,0.10214
32.813,10.938,0.12584
32.813,12.5,0.11737
32.813,14.063,0.24306
32.813,15.625,0.30986
32.813,17.188,0.39728
32.813,18.75,0.56086
32.813,20.313,0.51847
32.813,21.875,0.28299
32.813,23.438,0.11992
32.813,25,0.055462
32.813,26.563,0.013248
32.813,28.125,-0.0143
32.813,29.688,0.005653
32.813,31.25,0.026525
32.813,32.813,-0.015056
32.813,34.375,-0.10059
32.813,35.938,-0.019888
32.813,37.5,-0.031454
32.813,39.063,-0.056622
32.813,40.625,0.046956
32.813,42.188,0.080279
32.813,43.75,0.14842
32.813,45.313,0.054225
32.813,46.875,-0.064103
32.813,48.438,0.059654
32.813,50,0.11943
34.375,-48.438,0.048
34.375,-46.875,-0.046964
34.375,-45.313,-0.10025
34.375,-43.75,-0.083133
34.375,-42.188,-0.099627
34.375,-40.625,-0.1176
34.375,-39.063,-0.08222
34.375,-37.5,0.073996
34.375,-35.938,0.098443
34.375,-34.375,0.1387
34.375,-32.813,0.15853
34.375,-31.25,0.11748
34.375,-29.688,0.21787
34.375,-28.125,0.31633
34.375,-26.563,0.26672
34.375,-25,0.12078
34.375,-23.438,-0.0084413
34.375,-21.875,0.10054
34.375,-20.313,0.20512
34.375,-18.75,0.26145
34.375,-17.188,0.41452
34.375,-15.625,0.45051
34.375,-14.063,0.47724
34.375,-12.5,0.55497
34.375,-10.938,0.52965
34.375,-9.375,0.4757
34.375,-7.8125,0.55822
34.375,-6.25,0.5676
34.375,-4.6875,0.42093
34.375,-3.125,0.43127
34.375,-1.5625,0.41972
34.375,0,0.36316
34.375,1.5625,0.24846
34.375,3.125,0.15278
34.375,4.6875,0.1947
34.375,6.25,0.19682
34.375,7.8125,0.18297
34.375,9.375,0.15934
34.375,10.938,0.16888
34.375,12.5,0.24847
34.375,14.063,0.22758
34.375,15.625,0.33876
34.375,17.188,0.34533
34.375,18.75,0.50288
34.375,20.313,0.52336
34.375,21.875,0.2215
34.375,23.438,-0.0038415
34.375,25,-0.14953
34.375,26.563,-0.18385
34.375,28.125,-0.14207
34.375,29.688,-0.067146
34.375,31.25,0.034018
34.375,32.813,0.019621
34.375,34.375,-0.2021
34.375,35.938,-0.35736
34.375,37.5,-0.32632
34.375,39.063,-0.26089
34.375,40.625,-0.13605
34.375,42.188,-0.024204
34.375,43.75,0.0017149
34.375,45.313,-0.017871
34.375,46.875,0.083684
34.375,48.438,0.11949
34.375,50,0.076989
35.938,-48.438,-0.13502
35.938,-46.875,-0.17303
35.938,-45.313,-0.13609
35.938,-43.75,-0.19313
35.938,-42.188,-0.24984
35.938,-40.625,-0.16238
35.938,-39.063,-0.030441
35.938,-37.5,0.00083776
35.938,-35.938,0.054614
35.938,-34.375,0.063697
35.938,-32.813,0.094165
35.938,-31.25,0.20714
35.938,-29.688,0.31769
35.938,-28.125,0.34631
35.938,-26.563,0.21187
35.938,-25,0.16463
35.938,-23.438,0.18415
35.938,-21.875,0.272
35.938,-20.313,0.27926
35.938,-18.75,0.28555
35.938,-17.188,0.32565
35.938,-15.625,0.30653
35.938,-14.063,0.26101
35.938,-12.5,0.24742
35.938,-10.938,0.18207
35.938,-9.375,0.16742
35.938,-7.8125,0.29449
35.938,-6.25,0.36091
35.938,-4.6875,0.22231
35.938,-3.125,0.11261
35.938,-1.5625,0.076801
35.938,0,0.044591
35.938,1.5625,0.11894
35.938,3.125,0.21077
35.938,4.6875,0.25866
35.938,6.25,0.2625
35.938,7.8125,0.28433
35.938,9.375,0.3414
35.938,10.938,0.30189
35.938,12.5,0.30252
35.938,14.063,0.28357
35.938,15.625,0.24858
35.938,17.188,0.15321
35.938,18.75,0.20319
35.938,20.313,0.20273
35.938,21.875,0.108
35.938,23.438,-0.021453
35.938,25,-0.051738
35.938,26.563,-0.15264
35.938,28.125,-0.093212
35.938,29.688,-0.077055
35.938,31.25,-0.084117
35.938,32.813,-0.14112
35.938,34.375,-0.27007
35.938,35.938,-0.40247
35.938,37.5,-0.37152
35.938,39.063,-0.29325
35.938,40.625,-0.29774
35.938,42.188,-0.2908
35.938,43.75,-0.19546
35.938,45.313,-0.23395
35.938,46.875,-0.15983
35.938,48.438,-0.086934
35.938,50,-0.080947
37.5,-48.438,-0.20556
37.5,-46.875,-0.11348
37.5,-45.313,-0.055219
37.5,-43.75,-0.096907
37.5,-42.188,-0.029016
37.5,-40.625,-0.040504
37.5,-39.063,0.031888
37.5,-37.5,0.042166
37.5,-35.938,0.010079
37.5,-34.375,0.018208
37.5,-32.813,0.10172
37.5,-31.25,0.25199
37.5,-29.688,0.33544
37.5,-28.125,0.25652
37.5,-26.563,0.26524
37.5,-25,0.18024
37.5,-23.438,0.23987
37.5,-21.875,0.28859
37.5,-20.313,0.21757
37.5,-18.75,0.19695
37.5,-17.188,0.15644
37.5,-15.625,0.045865
37.5,-14.063,-0.0012012
37.5,-12.5,-0.018173
37.5,-10.938,0.019288
37.5,-9.375,0.048554
37.5,-7.8125,0.072112
37.5,-6.25,0.063009
37.5,-4.6875,-0.010894
37.5,-3.125,-0.05187
37.5,-1.5625,-0.010235
37.5,0,0.10822
37.5,1.5625,0.18063
37.5,3.125,0.30347
37.5,4.6875,0.3819
37.5,6.25,0.46852
37.5,7.8125,0.43723
37.5,9.375,0.44564
37.5,10.938,0.35492
37.5,12.5,0.29114
37.5,14.063,0.26093
37.5,15.625,0.19905
37.5,17.188,0.22939
37.5,18.75,0.18072
37.5,20.313,0.11432
37.5,21.875,0.030789
37.5,23.438,-0.047112
37.5,25,-0.016988
37.5,26.563,-0.037374
37.5,28.125,-0.04752
37.5,29.688,-0.045071
37.5,31.25,-0.042606
37.5,32.813,-0.090395
37.5,34.375,-0.2456
37.5,35.938,-0.3022
37.5,37.5,-0.39833
37.5,39.063,-0.48394
37.5,40.625,-0.6085
37.5,42.188,-0.53131
37.5,43.75,-0.49799
37.5,45.313,-0.53974
37.5,46.875,-0.52181
37.5,48.438,-0.38302
37.5,50,-0.17119
39.063,-48.438,-0.10158
39.063,-46.875,0.10143
39.063,-45.313,0.23107
39.063,-43.75,0.1195
39.063,-42.188,0.078505
39.063,-40.625,0.068432
39.063,-39.063,0.10259
39.063,-37.5,0.2317
39.063,-35.938,0.25261
39.063,-34.375,0.1024
39.063,-32.813,0.21877
39.063,-31.25,0.3652
39.063,-29.688,0.42142
39.063,-28.125,0.3622
39.063,-26.563,0.33268
39.063,-25,0.29188
39.063,-23.438,0.32517
39.063,-21.875,0.33225
39.063,-20.313,0.23991
39.063,-18.75,0.09244
39.063,-17.188,-0.024971
39.063,-15.625,-0.1116
39.063,-14.063,-0.23944
39.063,-12.5,-0.35179
39.063,-10.938,-0.37558
39.063,-9.375,-0.20089
39.063,-7.8125,-0.050552
39.063,-6.25,-0.18032
39.063,-4.6875,-0.28201
39.063,-3.125,-0.1797
39.063,-1.5625,-0.0070047
39.063,0,0.11009
39.063,1.5625,0.12703
39.063,3.125,0.38016
39.063,4.6875,0.58554
39.063,6.25,0.70224
39.063,7.8125,0.59692
39.063,9.375,0.49751
39.063,10.938,0.39091
39.063,12.5,0.32278
39.063,14.063,0.20529
39.063,15.625,0.14317
39.063,17.188,0.12143
39.063,18.75,0.068425
39.063,20.313,0.079003
39.063,21.875,-0.023856
39.063,23.438,-0.10327
39.063,25,-0.12025
39.063,26.563,-0.070414
39.063,28.125,0.051219
39.063,29.688,-0.039716
39.063,31.25,-0.095684
39.063,32.813,-0.095717
39.063,34.375,-0.17152
39.063,35.938,-0.32079
39.063,37.5,-0.36995
39.063,39.063,-0.37503
39.063,40.625,-0.40347
39.063,42.188,-0.52319
39.063,43.75,-0.61593
39.063,45.313,-0.60622
39.063,46.875,-0.6106
39.063,48.438,-0.35248
39.063,50,-0.10744
40.625,-48.438,-0.12446
40.625,-46.875,0.016108
40.625,-45.313,0.17118
40.625,-43.75,0.17428
40.625,-42.188,0.07059
40.625,-40.625,0.076666
40.625,-39.063,0.15295
40.625,-37.5,0.28569
40.625,-35.938,0.30302
40.625,-34.375,0.26463
40.625,-32.813,0.25038
40.625,-31.25,0.31181
40.625,-29.688,0.44565
40.625,-28.125,0.40101
40.625,-26.563,0.43708
40.625,-25,0.37038
40.625,-23.438,0.31724
40.625,-21.875,0.16327
40.625,-20.313,-0.06552
40.625,-18.75,-0.15266
40.625,-17.188,-0.22043
40.625,-15.625,-0.30062
40.625,-14.063,-0.41858
40.625,-12.5,-0.4703
40.625,-10.938,-0.39805
40.625,-9.375,-0.2885
40.625,-7.8125,-0.249
40.625,-6.25,-0.25849
40.625,-4.6875,-0.29072
40.625,-3.125,-0.1763
40.625,-1.5625,0.037687
40.625,0,0.18355
40.625,1.5625,0.32471
40.625,3.125,0.53175
40.625,4.6875,0.647
40.625,6.25,0.68272
40.625,7.8125,0.55598
40.625,9.375,0.45285
40.625,10.938,0.33976
40.625,12.5,0.21882
40.625,14.063,0.082009
40.625,15.625,0.032129
40.625,17.188,-0.056162
40.625,18.75,-0.12268
40.625,20.313,-0.18709
40.625,21.875,-0.25303
40.625,23.438,-0.28218
40.625,25,-0.19584
40.625,26.563,-0.067526
40.625,28.125,-0.018272
40.625,29.688,-0.034241
40.625,31.25,-0.047639
40.625,32.813,-0.058044
40.625,34.375,-0.12212
40.625,35.938,-0.11573
40.625,37.5,-0.14801
40.625,39.063,-0.13978
40.625,40.625,-0.13513
40.625,42.188,-0.27472
40.625,43.75,-0.36836
40.625,45.313,-0.44548
40.625,46.875,-0.45364
40.625,48.438,-0.23811
40.625,50,-0.10498
42.188,-48.438,-0.13072
42.188,-46.875,-0.16265
42.188,-45.313,-0.010236
42.188,-43.75,0.055896
42.188,-42.188,0.076593
42.188,-40.625,0.004362
42.188,-39.063,0.094117
42.188,-37.5,0.30584
42.188,-35.938,0.36127
42.188,-34.375,0.35517
42.188,-32.813,0.24158
42.188,-31.25,0.18057
42.188,-29.688,0.21063
42.188,-28.125,0.20025
42.188,-26.563,0.30185
42.188,-25,0.22495
42.188,-23.438,0.026523
42.188,-21.875,-0.13652
42.188,-20.313,-0.34404
42.188,-18.75,-0.41526
42.188,-17.188,-0.45075
42.188,-15.625,-0.48039
42.188,-14.063,-0.46212
42.188,-12.5,-0.41303
42.188,-10.938,-0.34362
42.188,-9.375,-0.28581
42.188,-7.8125,-0.24586
42.188,-6.25,-0.154
42.188,-4.6875,-0.10108
42.188,-3.125,-0.14324
42.188,-1.5625,0.16418
42.188,0,0.4788
42.188,1.5625,0.6173
42.188,3.125,0.71645
42.188,4.6875,0.58024
42.188,6.25,0.55534
42.188,7.8125,0.5327
42.188,9.375,0.49651
42.188,10.938,0.27653
42.188,12.5,0.12592
42.188,14.063,-0.037746
42.188,15.625,-0.059152
42.188,17.188,-0.1602
42.188,18.75,-0.31185
42.188,20.313,-0.45957
42.188,21.875,-0.42383
42.188,23.438,-0.24301
42.188,25,-0.21743
42.188,26.563,-0.211
42.188,28.125,-0.17413
42.188,29.688,-0.11047
42.188,31.25,-0.017039
42.188,32.813,0.0035639
42.188,34.375,0.046777
42.188,35.938,-0.00328
42.188,37.5,-0.10659
42.188,39.063,-0.10063
42.188,40.625,-0.071766
42.188,42.188,-0.12586
42.188,43.75,-0.12781
42.188,45.313,-0.15777
42.188,46.875,-0.13517
42.188,48.438,-0.085473
42.188,50,-0.099348
43.75,-48.438,-0.15729
43.75,-46.875,-0.20356
43.75,-45.313,-0.11153
43.75,-43.75,-0.022901
43.75,-42.188,-0.032246
43.75,-40.625,-0.1035
43.75,-39.063,0.0098108
43.75,-37.5,0.18665
43.75,-35.938,0.23532
43.75,-34.375,0.20709
43.75,-32.813,0.11669
43.75,-31.25,0.042609
43.75,-29.688,-0.10011
43.75,-28.125,-0.21272
43.75,-26.563,-0.25768
43.75,-25,-0.24339
43.75,-23.438,-0.33473
43.75,-21.875,-0.41903
43.75,-20.313,-0.42055
43.75,-18.75,-0.49654
43.75,-17.188,-0.46053
43.75,-15.625,-0.47276
43.75,-14.063,-0.43861
43.75,-12.5,-0.3269
43.75,-10.938,-0.19967
43.75,-9.375,-0.076502
43.75,-7.8125,0.063869
43.75,-6.25,0.098259
43.75,-4.6875,0.062507
43.75,-3.125,0.1266
43.75,-1.5625,0.44658
43.75,0,0.60005
43.75,1.5625,0.6532
43.75,3.125,0.55779
43.75,4.6875,0.32811
43.75,6.25,0.287
43.75,7.8125,0.39559
43.75,9.375,0.45549
43.75,10.938,0.26584
43.75,12.5,0.032134
43.75,14.063,-0.12844
43.75,15.625,-0.28983
43.75,17.188,-0.44077
43.75,18.75,-0.41318
43.75,20.313,-0.34995
43.75,21.875,-0.39622
43.75,23.438,-0.33044
43.75,25,-0.28032
43.75,26.563,-0.19003
43.75,28.125,-0.11983
43.75,29.688,0.00078303
43.75,31.25,0.079906
43.75,32.813,0.050287
43.75,34.375,0.066329
43.75,35.938,-0.099053
43.75,37.5,-0.11075
43.75,39.063,-0.030282
43.75,40.625,0.039162
43.75,42.188,-0.0096571
43.75,43.75,-0.065883
43.75,45.313,-0.079553
43.75,46.875,-0.091167
43.75,48.438,-0.063412
43.75,50,-0.080846
45.313,-48.438,-0.19802
45.313,-46.875,-0.19547
45.313,-45.313,-0.090269
45.313,-43.75,-0.013382
45.313,-42.188,0.11058
45.313,-40.625,0.11553
45.313,-39.063,0.038106
45.313,-37.5,0.10818
45.313,-35.938,0.024884
45.313,-34.375,-0.083984
45.313,-32.813,-0.11344
45.313,-31.25,-0.16802
45.313,-29.688,-0.32367
45.313,-28.125,-0.46208
45.313,-26.563,-0.62889
45.313,-25,-0.53154
45.313,-23.438,-0.55523
45.313,-21.875,-0.6264
45.313,-20.313,-0.48535
45.313,-18.75,-0.45077
45.313,-17.188,-0.41677
45.313,-15.625,-0.30557
45.313,-14.063,-0.25214
45.313,-12.5,-0.063511
45.313,-10.938,0.12219
45.313,-9.375,0.26306
45.313,-7.8125,0.30587
45.313,-6.25,0.32347
45.313,-4.6875,0.28165
45.313,-3.125,0.42872
45.313,-1.5625,0.60901
45.313,0,0.60829
45.313,1.5625,0.56145
45.313,3.125,0.38533
45.313,4.6875,0.24736
45.313,6.25,0.20776
45.313,7.8125,0.23728
45.313,9.375,0.28982
45.313,10.938,0.25368
45.313,12.5,-0.01895
45.313,14.063,-0.27444
45.313,15.625,-0.48338
45.313,17.188,-0.47536
45.313,18.75,-0.41419
45.313,20.313,-0.32097
45.313,21.875,-0.21202
45.313,23.438,-0.12772
45.313,25,-0.14023
45.313,26.563,-0.11891
45.313,28.125,0.019996
45.313,29.688,0.14348
45.313,31.25,0.30512
45.313,32.813,0.28759
45.313,34.375,0.2643
45.313,35.938,0.1268
45.313,37.5,-0.065764
45.313,39.063,-0.096066
45.313,40.625,-0.091829
45.313,42.188,-0.048486
45.313,43.75,0.0073125
45.313,45.313,-0.049929
45.313,46.875,-0.089293
45.313,48.438,-0.16817
45.313,50,-0.19967
46.875,-48.438,-0.27695
46.875,-46.875,-0.24084
46.875,-45.313,-0.17791
46.875,-43.75,-0.19924
46.875,-42.188,-0.13777
46.875,-40.625,-0.037499
46.875,-39.063,-0.098305
46.875,-37.5,-0.18658
46.875,-35.938,-0.093112
46.875,-34.375,-0.20254
46.875,-32.813,-0.3326
46.875,-31.25,-0.44434
46.875,-29.688,-0.58777
46.875,-28.125,-0.64607
46.875,-26.563,-0.73392
46.875,-25,-0.74956
46.875,-23.438,-0.77868
46.875,-21.875,-0.70553
46.875,-20.313,-0.49539
46.875,-18.75,-0.45778
46.875,-17.188,-0.37287
46.875,-15.625,-0.20962
46.875,-14.063,-0.013018
46.875,-12.5,0.11025
46.875,-10.938,0.18679
46.875,-9.375,0.3019
46.875,-7.8125,0.39488
46.875,-6.25,0.36995
46.875,-4.6875,0.29469
46.875,-3.125,0.41222
46.875,-1.5625,0.58894
46.875,0,0.54841
46.875,1.5625,0.4158
46.875,3.125,0.2115
46.875,4.6875,0.14173
46.875,6.25,0.17163
46.875,7.8125,0.12864
46.875,9.375,0.039421
46.875,10.938,0.023496
46.875,12.5,-0.11075
46.875,14.063,-0.3982
46.875,15.625,-0.52054
46.875,17.188,-0.48591
46.875,18.75,-0.36815
46.875,20.313,-0.28838
46.875,21.875,-0.095133
46.875,23.438,-0.00058464
46.875,25,0.079844
46.875,26.563,0.1781
46.875,28.125,0.27147
46.875,29.688,0.34488
46.875,31.25,0.4089
46.875,32.813,0.37455
46.875,34.375,0.23259
46.875,35.938,0.15256
46.875,37.5,0.026333
46.875,39.063,-0.043497
46.875,40.625,-0.048829
46.875,42.188,0.054522
46.875,43.75,0.17648
46.875,45.313,0.089302
46.875,46.875,-0.0029491
46.875,48.438,-0.1359
46.875,50,-0.23321
48.438,-48.438,-0.35929
48.438,-46.875,-0.35645
48.438,-45.313,-0.36937
48.438,-43.75,-0.30652
48.438,-42.188,-0.24153
48.438,-40.625,-0.18639
48.438,-39.063,-0.2001
48.438,-37.5,-0.36636
48.438,-35.938,-0.24883
48.438,-34.375,-0.2606
48.438,-32.813,-0.46494
48.438,-31.25,-0.63291
48.438,-29.688,-0.63159
48.438,-28.125,-0.59303
48.438,-26.563,-0.64488
48.438,-25,-0.73569
48.438,-23.438,-0.67818
48.438,-21.875,-0.50572
48.438,-20.313,-0.36117
48.438,-18.75,-0.35375
48.438,-17.188,-0.1947
48.438,-15.625,-0.013288
48.438,-14.063,0.10552
48.438,-12.5,0.15697
48.438,-10.938,0.13946
48.438,-9.375,0.12728
48.438,-7.8125,0.20829
48.438,-6.25,0.24931
48.438,-4.6875,0.32966
48.438,-3.125,0.40474
48.438,-1.5625,0.44267
48.438,0,0.48574
48.438,1.5625,0.26876
48.438,3.125,0.11019
48.438,4.6875,0.13701
48.438,6.25,0.11334
48.438,7.8125,-0.030785
48.438,9.375,-0.08864
48.438,10.938,-0.21335
48.438,12.5,-0.26397
48.438,14.063,-0.4118
48.438,15.625,-0.48412
48.438,17.188,-0.50006
48.438,18.75,-0.38339
48.438,20.313,-0.26591
48.438,21.875,-0.082372
48.438,23.438,-0.016519
48.438,25,0.084061
48.438,26.563,0.15777
48.438,28.125,0.18052
48.438,29.688,0.23713
48.438,31.25,0.30477
48.438,32.813,0.22997
48.438,34.375,0.17638
48.438,35.938,0.10777
48.438,37.5,-0.12411
48.438,39.063,-0.19197
48.438,40.625,-0.19348
48.438,42.188,-0.063302
48.438,43.75,0.046555
48.438,45.313,0.074882
48.438,46.875,0.089167
48.438,48.438,-0.067271
48.438,50,-0.22618
50,-48.438,-0.43678
50,-46.875,-0.46959
50,-45.313,-0.34789
50,-43.75,-0.22585
50,-42.188,-0.16739
50,-40.625,-0.17999
50,-39.063,-0.14068
50,-37.5,-0.21651
50,-35.938,-0.25309
50,-34.375,-0.20723
50,-32.813,-0.35735
50,-31.25,-0.44158
50,-29.688,-0.43699
50,-28.125,-0.4309
50,-26.563,-0.4408
50,-25,-0.40379
50,-23.438,-0.36357
50,-21.875,-0.23651
50,-20.313,-0.20622
50,-18.75,-0.24809
50,-17.188,-0.024705
50,-15.625,0.066779
50,-14.063,0.15312
50,-12.5,0.17888
50,-10.938,0.15477
50,-9.375,0.17541
50,-7.8125,0.25165
50,-6.25,0.31121
50,-4.6875,0.4067
50,-3.125,0.45402
50,-1.5625,0.40134
50,0,0.37958
50,1.5625,0.15356
50,3.125,0.090541
50,4.6875,0.13123
50,6.25,0.014924
50,7.8125,-0.24446
50,9.375,-0.27303
50,10.938,-0.33473
50,12.5,-0.32342
50,14.063,-0.27159
50,15.625,-0.24401
50,17.188,-0.24588
50,18.75,-0.30215
50,20.313,-0.33059
50,21.875,-0.26758
50,23.438,-0.17542
50,25,-0.097193
50,26.563,0.003706
50,28.125,-0.077937
50,29.688,-0.065105
50,31.25,-0.012721
50,32.813,0.018224
50,34.375,0.039337
50,35.938,0.010753
50,37.5,-0.23514
50,39.063,-0.41241
50,40.625,-0.31533
50,42.188,-0.18089
50,43.75,-0.082367
50,45.313,-0.028348
50,46.875,0.024678
50,48.438,-0.16672
50,50,-0.40029
