-48.438,-48.438,-0.22242
-48.438,-46.875,-0.15726
-48.438,-45.313,-0.1293
-48.438,-43.75,-0.14742
-48.438,-42.188,-0.10356
-48.438,-40.625,0.017693
-48.438,-39.063,0.043121
-48.438,-37.5,0.0027529
-48.438,-35.938,-0.12096
-48.438,-34.375,-0.20129
-48.438,-32.813,-0.28881
-48.438,-31.25,-0.54425
-48.438,-29.688,-0.77716
-48.438,-28.125,-1.052
-48.438,-26.563,-1.1655
-48.438,-25,-1.0292
-48.438,-23.438,-0.95409
-48.438,-21.875,-0.92853
-48.438,-20.313,-0.83887
-48.438,-18.75,-0.86422
-48.438,-17.188,-0.80001
-48.438,-15.625,-0.8547
-48.438,-14.063,-0.91935
-48.438,-12.5,-0.91869
-48.438,-10.938,-0.77074
-48.438,-9.375,-0.60161
-48.438,-7.8125,-0.43558
-48.438,-6.25,-0.34323
-48.438,-4.6875,-0.39893
-48.438,-3.125,-0.25786
-48.438,-1.5625,-0.13452
-48.438,0,-0.19074
-48.438,1.5625,-0.32714
-48.438,3.125,-0.35025
-48.438,4.6875,-0.19023
-48.438,6.25,-0.0065289
-48.438,7.8125,0.16862
-48.438,9.375,0.2898
-48.438,10.938,0.29498
-48.438,12.5,0.3608
-48.438,14.063,0.50185
-48.438,15.625,0.5915
-48.438,17.188,0.53988
-48.438,18.75,0.45213
-48.438,20.313,0.30684
-48.438,21.875,0.20272
-48.438,23.438,0.065413
-48.438,25,-0.010928
-48.438,26.563,-0.036507
-48.438,28.125,-0.00031106
-48.438,29.688,-0.034737
-48.438,31.25,-0.15019
-48.438,32.813,-0.20211
-48.438,34.375,-0.3061
-48.438,35.938,-0.40283
-48.438,37.5,-0.3667
-48.438,39.063,-0.28698
-48.438,40.625,-0.22431
-48.438,42.188,-0.23
-48.438,43.75,-0.30101
-48.438,45.313,-0.26366
-48.438,46.875,-0.22917
-48.438,48.438,-0.26174
-48.438,50,-0.23215
-46.875,-48.438,0.076258
-46.875,-46.875,0.11857
-46.875,-45.313,0.076332
-46.875,-43.75,0.12255
-46.875,-42.188,0.1435
-46.875,-40.625,0.26275
-46.875,-39.063,0.3029
-46.875,-37.5,0.25729
-46.875,-35.938,0.10864
-46.875,-34.375,-0.056623
-46.875,-32.813,-0.32081
-46.875,-31.25,-0.71379
-46.875,-29.688,-0.88775
-46.875,-28.125,-1.0286
-46.875,-26.563,-1.0449
-46.875,-25,-0.95043
-46.875,-23.438,-0.85488
-46.875,-21.875,-0.96917
-46.875,-20.313,-0.98966
-46.875,-18.75,-0.98804
-46.875,-17.188,-0.96402
-46.875,-15.625,-0.94298
-46.875,-14.063,-0.89669
-46.875,-12.5,-0.8599
-46.875,-10.938,-0.7735
-46.875,-9.375,-0.64237
-46.875,-7.8125,-0.48814
-46.875,-6.25,-0.36002
-46.875,-4.6875,-0.22601
-46.875,-3.125,-0.086313
-46.875,-1.5625,-0.0039208
-46.875,0,-0.072037
-46.875,1.5625,-0.18341
-46.875,3.125,-0.096332
-46.875,4.6875,0.092852
-46.875,6.25,0.17861
-46.875,7.8125,0.30371
-46.875,9.375,0.44221
-46.875,10.938,0.52235
-46.875,12.5,0.71406
-46.875,14.063,0.85446
-46.875,15.625,0.80544
-46.875,17.188,0.67932
-46.875,18.75,0.47967
-46.875,20.313,0.36087
-46.875,21.875,0.23315
-46.875,23.438,0.0074953
-46.875,25,-0.13868
-46.875,26.563,-0.10373
-46.875,28.125,0.0034568
-46.875,29.688,-0.1105
-46.875,31.25,-0.21304
-46.875,32.813,-0.17828
-46.875,34.375,-0.3164
-46.875,35.938,-0.44485
-46.875,37.5,-0.30867
-46.875,39.063,-0.068126
-46.875,40.625,0.0098571
-46.875,42.188,0.01559
-46.875,43.75,-0.0091451
-46.875,45.313,0.055197
-46.875,46.875,0.093018
-46.875,48.438,0.051169
-46.875,50,0.0087758
-45.313,-48.438,0.24394
-45.313,-46.875,0.36072
-45.313,-45.313,0.4352
-45.313,-43.75,0.44152
-45.313,-42.188,0.48996
-45.313,-40.625,0.51351
-45.313,-39.063,0.53673
-45.313,-37.5,0.49026
-45.313,-35.938,0.23895
-45.313,-34.375,-0.035767
-45.313,-32.813,-0.39546
-45.313,-31.25,-0.77054
-45.313,-29.688,-0.95076
-45.313,-28.125,-0.96573
-45.313,-26.563,-0.81933
-45.313,-25,-0.66332
-45.313,-23.438,-0.71917
-45.313,-21.875,-0.8736
-45.313,-20.313,-0.84335
-45.313,-18.75,-0.92346
-45.313,-17.188,-0.89989
-45.313,-15.625,-0.7873
-45.313,-14.063,-0.72619
-45.313,-12.5,-0.69501
-45.313,-10.938,-0.69315
-45.313,-9.375,-0.56205
-45.313,-7.8125,-0.43953
-45.313,-6.25,-0.20619
-45.313,-4.6875,-0.020411
-45.313,-3.125,0.033115
-45.313,-1.5625,-0.0084674
-45.313,0,-0.088391
-45.313,1.5625,-0.046502
-45.313,3.125,0.19999
-45.313,4.6875,0.32215
-45.313,6.25,0.28098
-45.313,7.8125,0.39023
-45.313,9.375,0.49818
-45.313,10.938,0.59886
-45.313,12.5,0.78905
-45.313,14.063,0.85759
-45.313,15.625,0.86869
-45.313,17.188,0.7188
-45.313,18.75,0.47403
-45.313,20.313,0.22996
-45.313,21.875,0.087231
-45.313,23.438,0.050169
-45.313,25,-0.096597
-45.313,26.563,-0.066632
-45.313,28.125,-0.046089
-45.313,29.688,-0.042615
-45.313,31.25,-0.13738
-45.313,32.813,-0.022443
-45.313,34.375,-0.084371
-45.313,35.938,-0.1735
-45.313,37.5,-0.049922
-45.313,39.063,0.020622
-45.313,40.625,0.14722
-45.313,42.188,0.20178
-45.313,43.75,0.19335
-45.313,45.313,0.23461
-45.313,46.875,0.28931
-45.313,48.438,0.25205
-45.313,50,0.16307
-43.75,-48.438,0.3009
-43.75,-46.875,0.51822
-43.75,-45.313,0.67907
-43.75,-43.75,0.653
-43.75,-42.188,0.66272
-43.75,-40.625,0.59693
-43.75,-39.063,0.56828
-43.75,-37.5,0.50367
-43.75,-35.938,0.22219
-43.75,-34.375,-0.15264
-43.75,-32.813,-0.43437
-43.75,-31.25,-0.61689
-43.75,-29.688,-0.84696
-43.75,-28.125,-0.81904
-43.75,-26.563,-0.64456
-43.75,-25,-0.64976
-43.75,-23.438,-0.78558
-43.75,-21.875,-0.71144
-43.75,-20.313,-0.62197
-43.75,-18.75,-0.73239
-43.75,-17.188,-0.65536
-43.75,-15.625,-0.66221
-43.75,-14.063,-0.5935
-43.75,-12.5,-0.49956
-43.75,-10.938,-0.52329
-43.75,-9.375,-0.37239
-43.75,-7.8125,-0.28348
-43.75,-6.25,-0.093044
-43.75,-4.6875,0.035579
-43.75,-3.125,0.035314
-43.75,-1.5625,0.076706
-43.75,0,0.091803
-43.75,1.5625,0.12869
-43.75,3.125,0.21145
-43.75,4.6875,0.33663
-43.75,6.25,0.46048
-43.75,7.8125,0.62682
-43.75,9.375,0.64446
-43.75,10.938,0.6717
-43.75,12.5,0.70321
-43.75,14.063,0.68461
-43.75,15.625,0.61062
-43.75,17.188,0.48559
-43.75,18.75,0.21445
-43.75,20.313,0.033631
-43.75,21.875,-0.049631
-43.75,23.438,0.012847
-43.75,25,0.020095
-43.75,26.563,0.037258
-43.75,28.125,0.085705
-43.75,29.688,0.12837
-43.75,31.25,0.062235
-43.75,32.813,0.061363
-43.75,34.375,0.025304
-43.75,35.938,0.0086123
-43.75,37.5,0.013853
-43.75,39.063,-0.042816
-43.75,40.625,0.020281
-43.75,42.188,0.10032
-43.75,43.75,0.059973
-43.75,45.313,0.24484
-43.75,46.875,0.35185
-43.75,48.438,0.31952
-43.75,50,0.28139
-42.188,-48.438,0.47738
-42.188,-46.875,0.61002
-42.188,-45.313,0.70623
-42.188,-43.75,0.70194
-42.188,-42.188,0.74042
-42.188,-40.625,0.53287
-42.188,-39.063,0.35653
-42.188,-37.5,0.19431
-42.188,-35.938,0.013978
-42.188,-34.375,-0.22555
-42.188,-32.813,-0.42136
-42.188,-31.25,-0.53951
-42.188,-29.688,-0.58009
-42.188,-28.125,-0.61077
-42.188,-26.563,-0.62271
-42.188,-25,-0.66783
-42.188,-23.438,-0.79972
-42.188,-21.875,-0.65883
-42.188,-20.313,-0.59802
-42.188,-18.75,-0.61461
-42.188,-17.188,-0.48594
-42.188,-15.625,-0.44743
-42.188,-14.063,-0.38903
-42.188,-12.5,-0.35137
-42.188,-10.938,-0.3187
-42.188,-9.375,-0.10293
-42.188,-7.8125,-0.0083346
-42.188,-6.25,0.098409
-42.188,-4.6875,0.14657
-42.188,-3.125,0.21416
-42.188,-1.5625,0.32232
-42.188,0,0.38089
-42.188,1.5625,0.42052
-42.188,3.125,0.48162
-42.188,4.6875,0.60586
-42.188,6.25,0.68844
-42.188,7.8125,0.69685
-42.188,9.375,0.75577
-42.188,10.938,0.70927
-42.188,12.5,0.60456
-42.188,14.063,0.46017
-42.188,15.625,0.37406
-42.188,17.188,0.35025
-42.188,18.75,0.20237
-42.188,20.313,0.044091
-42.188,21.875,-0.080569
-42.188,23.438,0.041061
-42.188,25,0.16461
-42.188,26.563,0.18255
-42.188,28.125,0.19673
-42.188,29.688,0.21861
-42.188,31.25,0.2263
-42.188,32.813,0.088613
-42.188,34.375,0.035636
-42.188,35.938,0.059425
-42.188,37.5,0.023468
-42.188,39.063,-0.083475
-42.188,40.625,-0.13396
-42.188,42.188,-0.040682
-42.188,43.75,0.031808
-42.188,45.313,0.17679
-42.188,46.875,0.32419
-42.188,48.438,0.49221
-42.188,50,0.52006
-40.625,-48.438,0.68037
-40.625,-46.875,0.71296
-40.625,-45.313,0.62137
-40.625,-43.75,0.57413
-40.625,-42.188,0.53534
-40.625,-40.625,0.23667
-40.625,-39.063,0.046702
-40.625,-37.5,-0.0062414
-40.625,-35.938,-0.0082394
-40.625,-34.375,-0.1721
-40.625,-32.813,-0.25174
-40.625,-31.25,-0.38573
-40.625,-29.688,-0.42496
-40.625,-28.125,-0.4328
-40.625,-26.563,-0.52857
-40.625,-25,-0.64988
-40.625,-23.438,-0.65694
-40.625,-21.875,-0.59758
-40.625,-20.313,-0.55058
-40.625,-18.75,-0.49419
-40.625,-17.188,-0.46866
-40.625,-15.625,-0.31618
-40.625,-14.063,-0.26863
-40.625,-12.5,-0.27679
-40.625,-10.938,-0.1279
-40.625,-9.375,0.075431
-40.625,-7.8125,0.26953
-40.625,-6.25,0.42273
-40.625,-4.6875,0.43416
-40.625,-3.125,0.54912
-40.625,-1.5625,0.71341
-40.625,0,0.70331
-40.625,1.5625,0.75955
-40.625,3.125,0.85499
-40.625,4.6875,0.89776
-40.625,6.25,0.97305
-40.625,7.8125,1.0345
-40.625,9.375,1.0099
-40.625,10.938,0.8945
-40.625,12.5,0.64127
-40.625,14.063,0.39613
-40.625,15.625,0.25727
-40.625,17.188,0.20092
-40.625,18.75,0.24771
-40.625,20.313,0.18579
-40.625,21.875,0.042241
-40.625,23.438,0.10599
-40.625,25,0.24342
-40.625,26.563,0.31992
-40.625,28.125,0.26837
-40.625,29.688,0.38406
-40.625,31.25,0.3795
-40.625,32.813,0.10143
-40.625,34.375,0.029548
-40.625,35.938,0.078174
-40.625,37.5,-0.070454
-40.625,39.063,-0.17709
-40.625,40.625,-0.1236
-40.625,42.188,-0.042901
-40.625,43.75,0.11819
-40.625,45.313,0.27927
-40.625,46.875,0.4322
-40.625,48.438,0.58337
-40.625,50,0.62057
-39.063,-48.438,0.72317
-39.063,-46.875,0.56458
-39.063,-45.313,0.35748
-39.063,-43.75,0.25457
-39.063,-42.188,0.24585
-39.063,-40.625,0.1066
-39.063,-39.063,-0.011254
-39.063,-37.5,-0.019058
-39.063,-35.938,-0.11163
-39.063,-34.375,-0.17142
-39.063,-32.813,-0.17547
-39.063,-31.25,-0.21643
-39.063,-29.688,-0.22869
-39.063,-28.125,-0.27713
-39.063,-26.563,-0.37411
-39.063,-25,-0.50355
-39.063,-23.438,-0.47334
-39.063,-21.875,-0.4884
-39.063,-20.313,-0.48701
-39.063,-18.75,-0.43454
-39.063,-17.188,-0.41643
-39.063,-15.625,-0.21765
-39.063,-14.063,-0.14266
-39.063,-12.5,-0.1499
-39.063,-10.938,-0.0069828
-39.063,-9.375,0.16453
-39.063,-7.8125,0.47091
-39.063,-6.25,0.72284
-39.063,-4.6875,0.8331
-39.063,-3.125,1.0365
-39.063,-1.5625,1.0298
-39.063,0,1.0547
-39.063,1.5625,1.1095
-39.063,3.125,1.1204
-39.063,4.6875,1.1417
-39.063,6.25,1.0367
-39.063,7.8125,1.0246
-39.063,9.375,1.006
-39.063,10.938,0.88614
-39.063,12.5,0.6579
-39.063,14.063,0.29639
-39.063,15.625,0.13744
-39.063,17.188,0.27192
-39.063,18.75,0.35145
-39.063,20.313,0.33965
-39.063,21.875,0.26089
-39.063,23.438,0.14728
-39.063,25,0.2364
-39.063,26.563,0.2309
-39.063,28.125,0.2327
-39.063,29.688,0.26032
-39.063,31.25,0.23489
-39.063,32.813,0.16228
-39.063,34.375,0.060108
-39.063,35.938,0.047773
-39.063,37.5,-0.20886
-39.063,39.063,-0.26256
-39.063,40.625,-0.19289
-39.063,42.188,0.02283
-39.063,43.75,0.22273
-39.063,45.313,0.41659
-39.063,46.875,0.58301
-39.063,48.438,0.63907
-39.063,50,0.72235
-37.5,-48.438,0.48076
-37.5,-46.875,0.276
-37.5,-45.313,0.17501
-37.5,-43.75,0.049431
-37.5,-42.188,-0.027123
-37.5,-40.625,-0.10563
-37.5,-39.063,-0.074642
-37.5,-37.5,-0.094416
-37.5,-35.938,-0.34322
-37.5,-34.375,-0.217
-37.5,-32.813,-0.15413
-37.5,-31.25,-0.19917
-37.5,-29.688,-0.29305
-37.5,-28.125,-0.34327
-37.5,-26.563,-0.45725
-37.5,-25,-0.52957
-37.5,-23.438,-0.46742
-37.5,-21.875,-0.51401
-37.5,-20.313,-0.45611
-37.5,-18.75,-0.33877
-37.5,-17.188,-0.17026
-37.5,-15.625,-0.10449
-37.5,-14.063,0.013594
-37.5,-12.5,-0.035874
-37.5,-10.938,0.094627
-37.5,-9.375,0.26769
-37.5,-7.8125,0.54397
-37.5,-6.25,0.88597
-37.5,-4.6875,1.0809
-37.5,-3.125,1.0522
-37.5,-1.5625,1.0187
-37.5,0,1.0199
-37.5,1.5625,1.0707
-37.5,3.125,1.0649
-37.5,4.6875,1.017
-37.5,6.25,0.90381
-37.5,7.8125,0.8462
-37.5,9.375,0.68529
-37.5,10.938,0.62751
-37.5,12.5,0.41099
-37.5,14.063,0.22051
-37.5,15.625,0.12104
-37.5,17.188,0.25608
-37.5,18.75,0.37139
-37.5,20.313,0.3213
-37.5,21.875,0.20114
-37.5,23.438,0.043691
-37.5,25,0.014454
-37.5,26.563,0.08523
-37.5,28.125,0.081432
-37.5,29.688,0.035996
-37.5,31.25,0.0020536
-37.5,32.813,0.020925
-37.5,34.375,0.01097
-37.5,35.938,-0.028943
-37.5,37.5,-0.078273
-37.5,39.063,-0.17773
-37.5,40.625,-0.13758
-37.5,42.188,0.040217
-37.5,43.75,0.23833
-37.5,45.313,0.37385
-37.5,46.875,0.55494
-37.5,48.438,0.71166
-37.5,50,0.65271
-35.938,-48.438,0.13483
-35.938,-46.875,0.0198
-35.938,-45.313,-0.083767
-35.938,-43.75,-0.072772
-35.938,-42.188,-0.12904
-35.938,-40.625,-0.2674
-35.938,-39.063,-0.20531
-35.938,-37.5,-0.23952
-35.938,-35.938,-0.36383
-35.938,-34.375,-0.43361
-35.938,-32.813,-0.32007
-35.938,-31.25,-0.34745
-35.938,-29.688,-0.44825
-35.938,-28.125,-0.53344
-35.938,-26.563,-0.58013
-35.938,-25,-0.5163
-35.938,-23.438,-0.40419
-35.938,-21.875,-0.39575
-35.938,-20.313,-0.32636
-35.938,-18.75,-0.2079
-35.938,-17.188,-0.052041
-35.938,-15.625,0.024428
-35.938,-14.063,0.11109
-35.938,-12.5,0.12499
-35.938,-10.938,0.12225
-35.938,-9.375,0.2303
-35.938,-7.8125,0.45946
-35.938,-6.25,0.68284
-35.938,-4.6875,0.87255
-35.938,-3.125,0.83521
-35.938,-1.5625,0.70366
-35.938,0,0.76654
-35.938,1.5625,0.78544
-35.938,3.125,0.90713
-35.938,4.6875,0.90666
-35.938,6.25,0.78219
-35.938,7.8125,0.675
-35.938,9.375,0.49869
-35.938,10.938,0.37167
-35.938,12.5,0.052723
-35.938,14.063,-0.10053
-35.938,15.625,-0.02629
-35.938,17.188,0.097681
-35.938,18.75,0.19673
-35.938,20.313,0.13344
-35.938,21.875,0.083219
-35.938,23.438,-0.026378
-35.938,25,-0.060432
-35.938,26.563,-0.16408
-35.938,28.125,-0.15379
-35.938,29.688,-0.03299
-35.938,31.25,0.058016
-35.938,32.813,0.066369
-35.938,34.375,0.013663
-35.938,35.938,0.068606
-35.938,37.5,0.056731
-35.938,39.063,0.064364
-35.938,40.625,0.063614
-35.938,42.188,0.06877
-35.938,43.75,0.23561
-35.938,45.313,0.36753
-35.938,46.875,0.47225
-35.938,48.438,0.36693
-35.938,50,0.32805
-34.375,-48.438,-0.011786
-34.375,-46.875,-0.1545
-34.375,-45.313,-0.26189
-34.375,-43.75,-0.21049
-34.375,-42.188,-0.14028
-34.375,-40.625,-0.15893
-34.375,-39.063,-0.15263
-34.375,-37.5,-0.13972
-34.375,-35.938,-0.22967
-34.375,-34.375,-0.30963
-34.375,-32.813,-0.34389
-34.375,-31.25,-0.47057
-34.375,-29.688,-0.63537
-34.375,-28.125,-0.7443
-34.375,-26.563,-0.63809
-34.375,-25,-0.47723
-34.375,-23.438,-0.44786
-34.375,-21.875,-0.34064
-34.375,-20.313,-0.33079
-34.375,-18.75,-0.24408
-34.375,-17.188,-0.13563
-34.375,-15.625,-0.066779
-34.375,-14.063,-0.06018
-34.375,-12.5,0.015911
-34.375,-10.938,-0.031143
-34.375,-9.375,-0.029739
-34.375,-7.8125,0.2069
-34.375,-6.25,0.27236
-34.375,-4.6875,0.39797
-34.375,-3.125,0.35403
-34.375,-1.5625,0.27047
-34.375,0,0.26768
-34.375,1.5625,0.3212
-34.375,3.125,0.40505
-34.375,4.6875,0.45777
-34.375,6.25,0.5634
-34.375,7.8125,0.38924
-34.375,9.375,0.20946
-34.375,10.938,-0.043233
-34.375,12.5,-0.35408
-34.375,14.063,-0.3892
-34.375,15.625,-0.29635
-34.375,17.188,-0.02841
-34.375,18.75,0.1551
-34.375,20.313,0.067768
-34.375,21.875,-0.004873
-34.375,23.438,-0.093992
-34.375,25,-0.18179
-34.375,26.563,-0.2183
-34.375,28.125,-0.044043
-34.375,29.688,0.11079
-34.375,31.25,0.2976
-34.375,32.813,0.30629
-34.375,34.375,0.21072
-34.375,35.938,0.19447
-34.375,37.5,0.24221
-34.375,39.063,0.22391
-34.375,40.625,0.1227
-34.375,42.188,0.064579
-34.375,43.75,0.19395
-34.375,45.313,0.30954
-34.375,46.875,0.24618
-34.375,48.438,0.12728
-34.375,50,0.11523
-32.813,-48.438,-0.16025
-32.813,-46.875,-0.22702
-32.813,-45.313,-0.28344
-32.813,-43.75,-0.17033
-32.813,-42.188,-0.013573
-32.813,-40.625,-0.019593
-32.813,-39.063,0.030426
-32.813,-37.5,-0.018995
-32.813,-35.938,-0.23011
-32.813,-34.375,-0.24378
-32.813,-32.813,-0.43753
-32.813,-31.25,-0.55414
-32.813,-29.688,-0.72613
-32.813,-28.125,-0.76031
-32.813,-26.563,-0.66237
-32.813,-25,-0.60359
-32.813,-23.438,-0.62697
-32.813,-21.875,-0.5493
-32.813,-20.313,-0.51817
-32.813,-18.75,-0.52259
-32.813,-17.188,-0.42466
-32.813,-15.625,-0.25542
-32.813,-14.063,-0.35331
-32.813,-12.5,-0.39221
-32.813,-10.938,-0.32254
-32.813,-9.375,-0.28744
-32.813,-7.8125,-0.26191
-32.813,-6.25,-0.19759
-32.813,-4.6875,-0.19157
-32.813,-3.125,-0.37994
-32.813,-1.5625,-0.40636
-32.813,0,-0.27897
-32.813,1.5625,-0.22434
-32.813,3.125,-0.12494
-32.813,4.6875,0.066346
-32.813,6.25,0.13962
-32.813,7.8125,0.093085
-32.813,9.375,-0.09412
-32.813,10.938,-0.24417
-32.813,12.5,-0.37454
-32.813,14.063,-0.37868
-32.813,15.625,-0.30886
-32.813,17.188,-0.1554
-32.813,18.75,0.15058
-32.813,20.313,0.17568
-32.813,21.875,0.19026
-32.813,23.438,0.013552
-32.813,25,-0.093223
-32.813,26.563,-0.015313
-32.813,28.125,0.012053
-32.813,29.688,0.20393
-32.813,31.25,0.48006
-32.813,32.813,0.55613
-32.813,34.375,0.40626
-32.813,35.938,0.27772
-32.813,37.5,0.16471
-32.813,39.063,0.14256
-32.813,40.625,0.16012
-32.813,42.188,0.17726
-32.813,43.75,0.26996
-32.813,45.313,0.17059
-32.813,46.875,0.093671
-32.813,48.438,-0.016679
-32.813,50,-0.072145
-31.25,-48.438,-0.02185
-31.25,-46.875,0.047787
-31.25,-45.313,-0.068519
-31.25,-43.75,-0.027671
-31.25,-42.188,0.039379
-31.25,-40.625,0.018038
-31.25,-39.063,0.076846
-31.25,-37.5,-0.082501
-31.25,-35.938,-0.15503
-31.25,-34.375,-0.20913
-31.25,-32.813,-0.22818
-31.25,-31.25,-0.35208
-31.25,-29.688,-0.57321
-31.25,-28.125,-0.66298
-31.25,-26.563,-0.68179
-31.25,-25,-0.68426
-31.25,-23.438,-0.70287
-31.25,-21.875,-0.79286
-31.25,-20.313,-0.75322
-31.25,-18.75,-0.65475
-31.25,-17.188,-0.50095
-31.25,-15.625,-0.38029
-31.25,-14.063,-0.52207
-31.25,-12.5,-0.62137
-31.25,-10.938,-0.53502
-31.25,-9.375,-0.59166
-31.25,-7.8125,-0.65367
-31.25,-6.25,-0.52214
-31.25,-4.6875,-0.66238
-31.25,-3.125,-0.85806
-31.25,-1.5625,-0.79367
-31.25,0,-0.64815
-31.25,1.5625,-0.58277
-31.25,3.125,-0.44403
-31.25,4.6875,-0.32772
-31.25,6.25,-0.23901
-31.25,7.8125,-0.21768
-31.25,9.375,-0.18594
-31.25,10.938,-0.13444
-31.25,12.5,-0.051491
-31.25,14.063,-0.046031
-31.25,15.625,-0.083761
-31.25,17.188,-0.02379
-31.25,18.75,0.15302
-31.25,20.313,0.20963
-31.25,21.875,0.17935
-31.25,23.438,0.14213
-31.25,25,0.058565
-31.25,26.563,0.132
-31.25,28.125,0.14124
-31.25,29.688,0.20056
-31.25,31.25,0.37428
-31.25,32.813,0.39159
-31.25,34.375,0.29846
-31.25,35.938,0.16886
-31.25,37.5,0.02168
-31.25,39.063,0.0056115
-31.25,40.625,0.0028128
-31.25,42.188,0.048845
-31.25,43.75,0.12058
-31.25,45.313,0.039608
-31.25,46.875,0.0085535
-31.25,48.438,0.043051
-31.25,50,0.030301
-29.688,-48.438,0.1079
-29.688,-46.875,0.27593
-29.688,-45.313,0.1991
-29.688,-43.75,0.19404
-29.688,-42.188,0.26466
-29.688,-40.625,0.13354
-29.688,-39.063,0.023902
-29.688,-37.5,-0.11499
-29.688,-35.938,-0.14011
-29.688,-34.375,-0.15577
-29.688,-32.813,-0.12204
-29.688,-31.25,-0.1721
-29.688,-29.688,-0.37056
-29.688,-28.125,-0.48329
-29.688,-26.563,-0.50038
-29.688,-25,-0.55639
-29.688,-23.438,-0.72179
-29.688,-21.875,-0.95513
-29.688,-20.313,-0.8549
-29.688,-18.75,-0.7198
-29.688,-17.188,-0.71503
-29.688,-15.625,-0.63539
-29.688,-14.063,-0.72973
-29.688,-12.5,-0.73613
-29.688,-10.938,-0.73548
-29.688,-9.375,-0.82283
-29.688,-7.8125,-0.77521
-29.688,-6.25,-0.78048
-29.688,-4.6875,-0.7914
-29.688,-3.125,-0.75601
-29.688,-1.5625,-0.73293
-29.688,0,-0.65979
-29.688,1.5625,-0.69312
-29.688,3.125,-0.5649
-29.688,4.6875,-0.4384
-29.688,6.25,-0.28683
-29.688,7.8125,-0.095429
-29.688,9.375,0.23851
-29.688,10.938,0.37726
-29.688,12.5,0.28525
-29.688,14.063,0.25009
-29.688,15.625,0.15168
-29.688,17.188,0.16246
-29.688,18.75,0.19912
-29.688,20.313,0.15787
-29.688,21.875,0.11502
-29.688,23.438,0.14834
-29.688,25,0.12686
-29.688,26.563,0.087989
-29.688,28.125,0.034232
-29.688,29.688,0.1167
-29.688,31.25,0.1758
-29.688,32.813,0.1603
-29.688,34.375,0.14702
-29.688,35.938,-0.042597
-29.688,37.5,-0.23623
-29.688,39.063,-0.37721
-29.688,40.625,-0.40467
-29.688,42.188,-0.36275
-29.688,43.75,-0.31856
-29.688,45.313,-0.30091
-29.688,46.875,-0.19362
-29.688,48.438,-0.14286
-29.688,50,-0.030864
-28.125,-48.438,0.26874
-28.125,-46.875,0.43131
-28.125,-45.313,0.44657
-28.125,-43.75,0.44069
-28.125,-42.188,0.31351
-28.125,-40.625,0.16712
-28.125,-39.063,0.088387
-28.125,-37.5,-0.087676
-28.125,-35.938,-0.17572
-28.125,-34.375,-0.090447
-28.125,-32.813,-0.072991
-28.125,-31.25,-0.14099
-28.125,-29.688,-0.27413
-28.125,-28.125,-0.34255
-28.125,-26.563,-0.35352
-28.125,-25,-0.40836
-28.125,-23.438,-0.68566
-28.125,-21.875,-0.91136
-28.125,-20.313,-0.8858
-28.125,-18.75,-0.80846
-28.125,-17.188,-0.81883
-28.125,-15.625,-0.78622
-28.125,-14.063,-0.81635
-28.125,-12.5,-0.86158
-28.125,-10.938,-0.88786
-28.125,-9.375,-0.83782
-28.125,-7.8125,-0.76737
-28.125,-6.25,-0.78265
-28.125,-4.6875,-0.65878
-28.125,-3.125,-0.55118
-28.125,-1.5625,-0.50872
-28.125,0,-0.51751
-28.125,1.5625,-0.63327
-28.125,3.125,-0.54272
-28.125,4.6875,-0.25633
-28.125,6.25,0.090172
-28.125,7.8125,0.48831
-28.125,9.375,0.82881
-28.125,10.938,0.81455
-28.125,12.5,0.60222
-28.125,14.063,0.42515
-28.125,15.625,0.33779
-28.125,17.188,0.31608
-28.125,18.75,0.28001
-28.125,20.313,0.20825
-28.125,21.875,0.14599
-28.125,23.438,0.13083
-28.125,25,0.13871
-28.125,26.563,0.088472
-28.125,28.125,0.037411
-28.125,29.688,0.078857
-28.125,31.25,0.14087
-28.125,32.813,0.16443
-28.125,34.375,0.082153
-28.125,35.938,-0.13572
-28.125,37.5,-0.33436
-28.125,39.063,-0.5832
-28.125,40.625,-0.7166
-28.125,42.188,-0.69788
-28.125,43.75,-0.63653
-28.125,45.313,-0.39015
-28.125,46.875,-0.20713
-28.125,48.438,-0.13171
-28.125,50,0.06848
-26.563,-48.438,0.29575
-26.563,-46.875,0.35038
-26.563,-45.313,0.55267
-26.563,-43.75,0.50712
-26.563,-42.188,0.32572
-26.563,-40.625,0.22638
-26.563,-39.063,0.079636
-26.563,-37.5,0.10554
-26.563,-35.938,0.041555
-26.563,-34.375,0.031363
-26.563,-32.813,-0.04821
-26.563,-31.25,-0.1855
-26.563,-29.688,-0.30328
-26.563,-28.125,-0.36007
-26.563,-26.563,-0.45249
-26.563,-25,-0.50307
-26.563,-23.438,-0.73268
-26.563,-21.875,-0.82645
-26.563,-20.313,-0.7891
-26.563,-18.75,-0.87213
-26.563,-17.188,-0.90698
-26.563,-15.625,-0.90077
-26.563,-14.063,-0.7877
-26.563,-12.5,-0.82039
-26.563,-10.938,-0.72981
-26.563,-9.375,-0.61513
-26.563,-7.8125,-0.53609
-26.563,-6.25,-0.4153
-26.563,-4.6875,-0.33014
-26.563,-3.125,-0.28464
-26.563,-1.5625,-0.22987
-26.563,0,-0.16029
-26.563,1.5625,-0.2671
-26.563,3.125,-0.18475
-26.563,4.6875,0.19719
-26.563,6.25,0.57063
-26.563,7.8125,0.9008
-26.563,9.375,1.0881
-26.563,10.938,1.0682
-26.563,12.5,0.93765
-26.563,14.063,0.81364
-26.563,15.625,0.7084
-26.563,17.188,0.63237
-26.563,18.75,0.55546
-26.563,20.313,0.53926
-26.563,21.875,0.41161
-26.563,23.438,0.20387
-26.563,25,0.27946
-26.563,26.563,0.34656
-26.563,28.125,0.3327
-26.563,29.688,0.2466
-26.563,31.25,0.19358
-26.563,32.813,0.22709
-26.563,34.375,0.12199
-26.563,35.938,-0.12389
-26.563,37.5,-0.42251
-26.563,39.063,-0.5724
-26.563,40.625,-0.73695
-26.563,42.188,-0.73557
-26.563,43.75,-0.66474
-26.563,45.313,-0.43299
-26.563,46.875,-0.27198
-26.563,48.438,-0.14126
-26.563,50,0.097333
-25,-48.438,0.11219
-25,-46.875,0.13163
-25,-45.313,0.31347
-25,-43.75,0.39963
-25,-42.188,0.32622
-25,-40.625,0.25575
-25,-39.063,0.19797
-25,-37.5,0.20345
-25,-35.938,0.18071
-25,-34.375,0.13373
-25,-32.813,0.027105
-25,-31.25,-0.13315
-25,-29.688,-0.34913
-25,-28.125,-0.47451
-25,-26.563,-0.60249
-25,-25,-0.79686
-25,-23.438,-0.88091
-25,-21.875,-0.90153
-25,-20.313,-0.88125
-25,-18.75,-0.83893
-25,-17.188,-0.84019
-25,-15.625,-0.86371
-25,-14.063,-0.77337
-25,-12.5,-0.65054
-25,-10.938,-0.48811
-25,-9.375,-0.31805
-25,-7.8125,-0.18505
-25,-6.25,-0.0083527
-25,-4.6875,0.082509
-25,-3.125,0.12614
-25,-1.5625,0.20349
-25,0,0.25948
-25,1.5625,0.23776
-25,3.125,0.32746
-25,4.6875,0.4962
-25,6.25,0.79118
-25,7.8125,1.0456
-25,9.375,1.2016
-25,10.938,1.278
-25,12.5,1.2334
-25,14.063,1.0761
-25,15.625,0.94386
-25,17.188,0.8743
-25,18.75,0.72314
-25,20.313,0.56931
-25,21.875,0.47795
-25,23.438,0.35518
-25,25,0.44597
-25,26.563,0.49594
-25,28.125,0.47261
-25,29.688,0.27553
-25,31.25,0.16415
-25,32.813,0.19199
-25,34.375,-0.027104
-25,35.938,-0.2398
-25,37.5,-0.4969
-25,39.063,-0.71431
-25,40.625,-0.71535
-25,42.188,-0.68897
-25,43.75,-0.60251
-25,45.313,-0.34544
-25,46.875,-0.17753
-25,48.438,-0.06399
-25,50,0.093074
-23.438,-48.438,-0.015153
-23.438,-46.875,0.085959
-23.438,-45.313,0.11356
-23.438,-43.75,0.19561
-23.438,-42.188,0.12217
-23.438,-40.625,0.032691
-23.438,-39.063,0.083637
-23.438,-37.5,0.15982
-23.438,-35.938,0.1513
-23.438,-34.375,0.12709
-23.438,-32.813,-0.015695
-23.438,-31.25,-0.24468
-23.438,-29.688,-0.51476
-23.438,-28.125,-0.68636
-23.438,-26.563,-0.88384
-23.438,-25,-0.91114
-23.438,-23.438,-0.96178
-23.438,-21.875,-0.85061
-23.438,-20.313,-0.81077
-23.438,-18.75,-0.79973
-23.438,-17.188,-0.74438
-23.438,-15.625,-0.72281
-23.438,-14.063,-0.66436
-23.438,-12.5,-0.49555
-23.438,-10.938,-0.35541
-23.438,-9.375,-0.097504
-23.438,-7.8125,0.093935
-23.438,-6.25,0.2689
-23.438,-4.6875,0.24265
-23.438,-3.125,0.28524
-23.438,-1.5625,0.34495
-23.438,0,0.33142
-23.438,1.5625,0.3987
-23.438,3.125,0.53995
-23.438,4.6875,0.68871
-23.438,6.25,0.89506
-23.438,7.8125,1.0364
-23.438,9.375,1.1656
-23.438,10.938,1.2122
-23.438,12.5,1.094
-23.438,14.063,1.0132
-23.438,15.625,0.87607
-23.438,17.188,0.74129
-23.438,18.75,0.60823
-23.438,20.313,0.42176
-23.438,21.875,0.34623
-23.438,23.438,0.26725
-23.438,25,0.28849
-23.438,26.563,0.23009
-23.438,28.125,0.22256
-23.438,29.688,0.035439
-23.438,31.25,-0.18296
-23.438,32.813,-0.25744
-23.438,34.375,-0.27182
-23.438,35.938,-0.44346
-23.438,37.5,-0.6826
-23.438,39.063,-0.72415
-23.438,40.625,-0.64218
-23.438,42.188,-0.51642
-23.438,43.75,-0.37943
-23.438,45.313,-0.081872
-23.438,46.875,0.049338
-23.438,48.438,0.13699
-23.438,50,0.07898
-21.875,-48.438,0.20493
-21.875,-46.875,0.20532
-21.875,-45.313,0.086146
-21.875,-43.75,0.10496
-21.875,-42.188,0.04704
-21.875,-40.625,-0.004926
-21.875,-39.063,0.089674
-21.875,-37.5,0.21064
-21.875,-35.938,0.12698
-21.875,-34.375,-0.10447
-21.875,-32.813,-0.17034
-21.875,-31.25,-0.39208
-21.875,-29.688,-0.58762
-21.875,-28.125,-0.88859
-21.875,-26.563,-0.97809
-21.875,-25,-1.0013
-21.875,-23.438,-0.88636
-21.875,-21.875,-0.69624
-21.875,-20.313,-0.62377
-21.875,-18.75,-0.57705
-21.875,-17.188,-0.57888
-21.875,-15.625,-0.54338
-21.875,-14.063,-0.41512
-21.875,-12.5,-0.25968
-21.875,-10.938,-0.16113
-21.875,-9.375,0.018595
-21.875,-7.8125,0.24087
-21.875,-6.25,0.41127
-21.875,-4.6875,0.41199
-21.875,-3.125,0.32657
-21.875,-1.5625,0.33189
-21.875,0,0.38978
-21.875,1.5625,0.37022
-21.875,3.125,0.50388
-21.875,4.6875,0.65613
-21.875,6.25,0.75625
-21.875,7.8125,0.88049
-21.875,9.375,0.93519
-21.875,10.938,0.7982
-21.875,12.5,0.80126
-21.875,14.063,0.67627
-21.875,15.625,0.44368
-21.875,17.188,0.32908
-21.875,18.75,0.16557
-21.875,20.313,0.22753
-21.875,21.875,0.15905
-21.875,23.438,0.098854
-21.875,25,0.02584
-21.875,26.563,-0.060996
-21.875,28.125,-0.13961
-21.875,29.688,-0.1703
-21.875,31.25,-0.30646
-21.875,32.813,-0.46627
-21.875,34.375,-0.46941
-21.875,35.938,-0.57799
-21.875,37.5,-0.63651
-21.875,39.063,-0.61114
-21.875,40.625,-0.49282
-21.875,42.188,-0.30295
-21.875,43.75,-0.095108
-21.875,45.313,0.047977
-21.875,46.875,0.19763
-21.875,48.438,0.24802
-21.875,50,0.27951
-20.313,-48.438,0.47378
-20.313,-46.875,0.32845
-20.313,-45.313,0.23443
-20.313,-43.75,0.15837
-20.313,-42.188,0.18625
-20.313,-40.625,0.16018
-20.313,-39.063,0.20375
-20.313,-37.5,0.17105
-20.313,-35.938,-0.022289
-20.313,-34.375,-0.20088
-20.313,-32.813,-0.35009
-20.313,-31.25,-0.52535
-20.313,-29.688,-0.63769
-20.313,-28.125,-0.8638
-20.313,-26.563,-0.90152
-20.313,-25,-0.912
-20.313,-23.438,-0.79127
-20.313,-21.875,-0.56351
-20.313,-20.313,-0.4453
-20.313,-18.75,-0.3073
-20.313,-17.188,-0.30277
-20.313,-15.625,-0.24591
-20.313,-14.063,-0.079017
-20.313,-12.5,-0.10147
-20.313,-10.938,-0.0054309
-20.313,-9.375,0.16369
-20.313,-7.8125,0.41122
-20.313,-6.25,0.54809
-20.313,-4.6875,0.6425
-20.313,-3.125,0.52692
-20.313,-1.5625,0.4888
-20.313,0,0.55687
-20.313,1.5625,0.53868
-20.313,3.125,0.4946
-20.313,4.6875,0.52011
-20.313,6.25,0.57321
-20.313,7.8125,0.65546
-20.313,9.375,0.46977
-20.313,10.938,0.24427
-20.313,12.5,0.29951
-20.313,14.063,0.26353
-20.313,15.625,0.17565
-20.313,17.188,-0.015821
-20.313,18.75,-0.081494
-20.313,20.313,-0.055712
-20.313,21.875,-0.046196
-20.313,23.438,-0.0048233
-20.313,25,-0.25821
-20.313,26.563,-0.45878
-20.313,28.125,-0.53055
-20.313,29.688,-0.54868
-20.313,31.25,-0.46404
-20.313,32.813,-0.43571
-20.313,34.375,-0.35673
-20.313,35.938,-0.45833
-20.313,37.5,-0.50223
-20.313,39.063,-0.3659
-20.313,40.625,-0.32596
-20.313,42.188,-0.29905
-20.313,43.75,-0.19649
-20.313,45.313,-0.0082147
-20.313,46.875,0.20465
-20.313,48.438,0.3361
-20.313,50,0.45682
-18.75,-48.438,0.34769
-18.75,-46.875,0.33997
-18.75,-45.313,0.2838
-18.75,-43.75,0.31181
-18.75,-42.188,0.40398
-18.75,-40.625,0.30795
-18.75,-39.063,0.15656
-18.75,-37.5,-0.065046
-18.75,-35.938,-0.23563
-18.75,-34.375,-0.39694
-18.75,-32.813,-0.5506
-18.75,-31.25,-0.65599
-18.75,-29.688,-0.70025
-18.75,-28.125,-0.76776
-18.75,-26.563,-0.81823
-18.75,-25,-0.73871
-18.75,-23.438,-0.5877
-18.75,-21.875,-0.42127
-18.75,-20.313,-0.332
-18.75,-18.75,-0.19317
-18.75,-17.188,-0.10305
-18.75,-15.625,-0.074654
-18.75,-14.063,0.011874
-18.75,-12.5,0.0028859
-18.75,-10.938,0.065937
-18.75,-9.375,0.27895
-18.75,-7.8125,0.44759
-18.75,-6.25,0.59116
-18.75,-4.6875,0.71974
-18.75,-3.125,0.68421
-18.75,-1.5625,0.62764
-18.75,0,0.56186
-18.75,1.5625,0.42205
-18.75,3.125,0.41735
-18.75,4.6875,0.33784
-18.75,6.25,0.32194
-18.75,7.8125,0.252
-18.75,9.375,0.043851
-18.75,10.938,0.0036521
-18.75,12.5,0.029318
-18.75,14.063,0.016432
-18.75,15.625,-0.071238
-18.75,17.188,-0.16668
-18.75,18.75,-0.12165
-18.75,20.313,-0.063058
-18.75,21.875,-0.00039833
-18.75,23.438,-0.062245
-18.75,25,-0.26066
-18.75,26.563,-0.48738
-18.75,28.125,-0.65888
-18.75,29.688,-0.59302
-18.75,31.25,-0.50229
-18.75,32.813,-0.44147
-18.75,34.375,-0.22551
-18.75,35.938,-0.14984
-18.75,37.5,-0.1657
-18.75,39.063,-0.11953
-18.75,40.625,-0.26226
-18.75,42.188,-0.29274
-18.75,43.75,-0.15812
-18.75,45.313,0.090156
-18.75,46.875,0.27805
-18.75,48.438,0.38189
-18.75,50,0.45561
-17.188,-48.438,0.24323
-17.188,-46.875,0.34175
-17.188,-45.313,0.30759
-17.188,-43.75,0.29892
-17.188,-42.188,0.3757
-17.188,-40.625,0.27249
-17.188,-39.063,0.043999
-17.188,-37.5,-0.060397
-17.188,-35.938,-0.27322
-17.188,-34.375,-0.48149
-17.188,-32.813,-0.67736
-17.188,-31.25,-0.73408
-17.188,-29.688,-0.86273
-17.188,-28.125,-0.90209
-17.188,-26.563,-0.78885
-17.188,-25,-0.64487
-17.188,-23.438,-0.46323
-17.188,-21.875,-0.2892
-17.188,-20.313,-0.25016
-17.188,-18.75,-0.11066
-17.188,-17.188,-0.020573
-17.188,-15.625,-0.0047466
-17.188,-14.063,-0.041499
-17.188,-12.5,-0.013557
-17.188,-10.938,0.08917
-17.188,-9.375,0.23638
-17.188,-7.8125,0.39423
-17.188,-6.25,0.49597
-17.188,-4.6875,0.47094
-17.188,-3.125,0.45478
-17.188,-1.5625,0.38977
-17.188,0,0.37172
-17.188,1.5625,0.33542
-17.188,3.125,0.18499
-17.188,4.6875,-0.024004
-17.188,6.25,-0.11323
-17.188,7.8125,-0.20298
-17.188,9.375,-0.18971
-17.188,10.938,-0.14863
-17.188,12.5,-0.23552
-17.188,14.063,-0.2882
-17.188,15.625,-0.26676
-17.188,17.188,-0.37217
-17.188,18.75,-0.33859
-17.188,20.313,-0.16181
-17.188,21.875,-0.030358
-17.188,23.438,-0.080614
-17.188,25,-0.14815
-17.188,26.563,-0.22349
-17.188,28.125,-0.48881
-17.188,29.688,-0.52053
-17.188,31.25,-0.40923
-17.188,32.813,-0.22384
-17.188,34.375,-0.048802
-17.188,35.938,0.051852
-17.188,37.5,0.038694
-17.188,39.063,0.034908
-17.188,40.625,-0.016511
-17.188,42.188,-0.12802
-17.188,43.75,-0.097213
-17.188,45.313,0.030675
-17.188,46.875,0.15511
-17.188,48.438,0.24672
-17.188,50,0.23574
-15.625,-48.438,0.24449
-15.625,-46.875,0.22025
-15.625,-45.313,0.20246
-15.625,-43.75,0.24264
-15.625,-42.188,0.32146
-15.625,-40.625,0.23617
-15.625,-39.063,0.11127
-15.625,-37.5,-0.06418
-15.625,-35.938,-0.34635
-15.625,-34.375,-0.61062
-15.625,-32.813,-0.75356
-15.625,-31.25,-0.75081
-15.625,-29.688,-0.77719
-15.625,-28.125,-0.74245
-15.625,-26.563,-0.66063
-15.625,-25,-0.50698
-15.625,-23.438,-0.23293
-15.625,-21.875,-0.10839
-15.625,-20.313,-0.046975
-15.625,-18.75,-0.052107
-15.625,-17.188,-0.1239
-15.625,-15.625,-0.084636
-15.625,-14.063,-0.092581
-15.625,-12.5,-0.031742
-15.625,-10.938,0.15569
-15.625,-9.375,0.14125
-15.625,-7.8125,0.14027
-15.625,-6.25,0.20069
-15.625,-4.6875,0.09785
-15.625,-3.125,0.058178
-15.625,-1.5625,0.055176
-15.625,0,0.10034
-15.625,1.5625,0.15523
-15.625,3.125,0.039219
-15.625,4.6875,-0.17738
-15.625,6.25,-0.32026
-15.625,7.8125,-0.41884
-15.625,9.375,-0.35501
-15.625,10.938,-0.28748
-15.625,12.5,-0.34427
-15.625,14.063,-0.44514
-15.625,15.625,-0.45249
-15.625,17.188,-0.44275
-15.625,18.75,-0.31265
-15.625,20.313,-0.18068
-15.625,21.875,-0.1574
-15.625,23.438,-0.10406
-15.625,25,-0.025168
-15.625,26.563,-0.06514
-15.625,28.125,-0.17141
-15.625,29.688,-0.24059
-15.625,31.25,-0.079592
-15.625,32.813,0.053383
-15.625,34.375,0.07766
-15.625,35.938,0.21822
-15.625,37.5,0.29636
-15.625,39.063,0.18553
-15.625,40.625,0.04018
-15.625,42.188,-0.015694
-15.625,43.75,-0.0021677
-15.625,45.313,0.013395
-15.625,46.875,0.15667
-15.625,48.438,0.26379
-15.625,50,0.25793
-14.063,-48.438,0.20531
-14.063,-46.875,0.10716
-14.063,-45.313,0.088519
-14.063,-43.75,0.25954
-14.063,-42.188,0.40269
-14.063,-40.625,0.18152
-14.063,-39.063,0.054128
-14.063,-37.5,-0.19338
-14.063,-35.938,-0.46034
-14.063,-34.375,-0.51785
-14.063,-32.813,-0.53275
-14.063,-31.25,-0.52183
-14.063,-29.688,-0.51635
-14.063,-28.125,-0.49304
-14.063,-26.563,-0.44143
-14.063,-25,-0.3521
-14.063,-23.438,-0.015249
-14.063,-21.875,0.17536
-14.063,-20.313,0.066765
-14.063,-18.75,0.032905
-14.063,-17.188,-0.112
-14.063,-15.625,-0.1767
-14.063,-14.063,-0.15089
-14.063,-12.5,-0.049023
-14.063,-10.938,0.014433
-14.063,-9.375,-0.072326
-14.063,-7.8125,-0.050326
-14.063,-6.25,0.0015983
-14.063,-4.6875,-0.01624
-14.063,-3.125,-0.089505
-14.063,-1.5625,-0.16593
-14.063,0,-0.10721
-14.063,1.5625,-0.094395
-14.063,3.125,-0.09507
-14.063,4.6875,-0.19771
-14.063,6.25,-0.20954
-14.063,7.8125,-0.21561
-14.063,9.375,-0.28525
-14.063,10.938,-0.30829
-14.063,12.5,-0.3805
-14.063,14.063,-0.47646
-14.063,15.625,-0.46335
-14.063,17.188,-0.40183
-14.063,18.75,-0.15716
-14.063,20.313,-0.13967
-14.063,21.875,-0.078897
-14.063,23.438,-0.032662
-14.063,25,0.050819
-14.063,26.563,0.13586
-14.063,28.125,0.22613
-14.063,29.688,0.18293
-14.063,31.25,0.30153
-14.063,32.813,0.36307
-14.063,34.375,0.44649
-14.063,35.938,0.52854
-14.063,37.5,0.45988
-14.063,39.063,0.30766
-14.063,40.625,0.21882
-14.063,42.188,0.16701
-14.063,43.75,0.17083
-14.063,45.313,0.24638
-14.063,46.875,0.35135
-14.063,48.438,0.35316
-14.063,50,0.33769
-12.5,-48.438,0.1399
-12.5,-46.875,0.08621
-12.5,-45.313,0.12323
-12.5,-43.75,0.2281
-12.5,-42.188,0.23073
-12.5,-40.625,0.094582
-12.5,-39.063,-0.14304
-12.5,-37.5,-0.31543
-12.5,-35.938,-0.46738
-12.5,-34.375,-0.44905
-12.5,-32.813,-0.30124
-12.5,-31.25,-0.21585
-12.5,-29.688,-0.13696
-12.5,-28.125,-0.1919
-12.5,-26.563,-0.13667
-12.5,-25,-0.051074
-12.5,-23.438,0.1854
-12.5,-21.875,0.23061
-12.5,-20.313,0.055962
-12.5,-18.75,-0.13419
-12.5,-17.188,-0.22183
-12.5,-15.625,-0.21486
-12.5,-14.063,-0.19169
-12.5,-12.5,-0.24945
-12.5,-10.938,-0.20761
-12.5,-9.375,-0.25187
-12.5,-7.8125,-0.27091
-12.5,-6.25,-0.11886
-12.5,-4.6875,-0.15989
-12.5,-3.125,-0.20752
-12.5,-1.5625,-0.25781
-12.5,0,-0.35484
-12.5,1.5625,-0.36706
-12.5,3.125,-0.36777
-12.5,4.6875,-0.40801
-12.5,6.25,-0.30583
-12.5,7.8125,-0.17206
-12.5,9.375,-0.22587
-12.5,10.938,-0.22323
-12.5,12.5,-0.28863
-12.5,14.063,-0.31555
-12.5,15.625,-0.31146
-12.5,17.188,-0.34618
-12.5,18.75,-0.31851
-12.5,20.313,-0.2667
-12.5,21.875,-0.046135
-12.5,23.438,0.18573
-12.5,25,0.2927
-12.5,26.563,0.40106
-12.5,28.125,0.44872
-12.5,29.688,0.41314
-12.5,31.25,0.44572
-12.5,32.813,0.55731
-12.5,34.375,0.59062
-12.5,35.938,0.59031
-12.5,37.5,0.62086
-12.5,39.063,0.58133
-12.5,40.625,0.46083
-12.5,42.188,0.38556
-12.5,43.75,0.40298
-12.5,45.313,0.44801
-12.5,46.875,0.31559
-12.5,48.438,0.23416
-12.5,50,0.23262
-10.938,-48.438,0.020985
-10.938,-46.875,0.10319
-10.938,-45.313,0.17355
-10.938,-43.75,0.083274
-10.938,-42.188,-0.047371
-10.938,-40.625,-0.10275
-10.938,-39.063,-0.24897
-10.938,-37.5,-0.26629
-10.938,-35.938,-0.30043
-10.938,-34.375,-0.24012
-10.938,-32.813,-0.022138
-10.938,-31.25,0.090378
-10.938,-29.688,0.093817
-10.938,-28.125,0.058615
-10.938,-26.563,0.067329
-10.938,-25,0.17647
-10.938,-23.438,0.12946
-10.938,-21.875,-0.019572
-10.938,-20.313,-0.21399
-10.938,-18.75,-0.39025
-10.938,-17.188,-0.38772
-10.938,-15.625,-0.39788
-10.938,-14.063,-0.53976
-10.938,-12.5,-0.58917
-10.938,-10.938,-0.5664
-10.938,-9.375,-0.46253
-10.938,-7.8125,-0.3849
-10.938,-6.25,-0.34658
-10.938,-4.6875,-0.46339
-10.938,-3.125,-0.46381
-10.938,-1.5625,-0.44445
-10.938,0,-0.48594
-10.938,1.5625,-0.44591
-10.938,3.125,-0.49651
-10.938,4.6875,-0.54545
-10.938,6.25,-0.43645
-10.938,7.8125,-0.24509
-10.938,9.375,-0.15273
-10.938,10.938,-0.1216
-10.938,12.5,-0.15886
-10.938,14.063,-0.24248
-10.938,15.625,-0.32451
-10.938,17.188,-0.37904
-10.938,18.75,-0.32963
-10.938,20.313,-0.08205
-10.938,21.875,0.19121
-10.938,23.438,0.48353
-10.938,25,0.64275
-10.938,26.563,0.6445
-10.938,28.125,0.65092
-10.938,29.688,0.61172
-10.938,31.25,0.63854
-10.938,32.813,0.57421
-10.938,34.375,0.59431
-10.938,35.938,0.65136
-10.938,37.5,0.73687
-10.938,39.063,0.7607
-10.938,40.625,0.63926
-10.938,42.188,0.44203
-10.938,43.75,0.30218
-10.938,45.313,0.38011
-10.938,46.875,0.26566
-10.938,48.438,0.17809
-10.938,50,0.13361
-9.375,-48.438,-0.10578
-9.375,-46.875,-0.021897
-9.375,-45.313,0.0078026
-9.375,-43.75,-0.009876
-9.375,-42.188,-0.18365
-9.375,-40.625,-0.26687
-9.375,-39.063,-0.24906
-9.375,-37.5,-0.21434
-9.375,-35.938,-0.10546
-9.375,-34.375,-0.11216
-9.375,-32.813,-0.030796
-9.375,-31.25,0.02603
-9.375,-29.688,0.030905
-9.375,-28.125,0.042129
-9.375,-26.563,-0.0098823
-9.375,-25,-0.0086323
-9.375,-23.438,-0.20283
-9.375,-21.875,-0.37836
-9.375,-20.313,-0.54679
-9.375,-18.75,-0.65083
-9.375,-17.188,-0.70968
-9.375,-15.625,-0.70729
-9.375,-14.063,-0.74249
-9.375,-12.5,-0.82832
-9.375,-10.938,-0.67816
-9.375,-9.375,-0.65122
-9.375,-7.8125,-0.65287
-9.375,-6.25,-0.65108
-9.375,-4.6875,-0.77687
-9.375,-3.125,-0.65259
-9.375,-1.5625,-0.64317
-9.375,0,-0.59117
-9.375,1.5625,-0.42607
-9.375,3.125,-0.41951
-9.375,4.6875,-0.37549
-9.375,6.25,-0.34036
-9.375,7.8125,-0.25372
-9.375,9.375,-0.1409
-9.375,10.938,-0.15617
-9.375,12.5,-0.15655
-9.375,14.063,-0.1466
-9.375,15.625,-0.092476
-9.375,17.188,-0.1706
-9.375,18.75,-0.15175
-9.375,20.313,0.19768
-9.375,21.875,0.45081
-9.375,23.438,0.57245
-9.375,25,0.55998
-9.375,26.563,0.66634
-9.375,28.125,0.81835
-9.375,29.688,0.82898
-9.375,31.25,0.75992
-9.375,32.813,0.64444
-9.375,34.375,0.60074
-9.375,35.938,0.56955
-9.375,37.5,0.63928
-9.375,39.063,0.60626
-9.375,40.625,0.41368
-9.375,42.188,0.20324
-9.375,43.75,0.13198
-9.375,45.313,0.21465
-9.375,46.875,0.16579
-9.375,48.438,0.057887
-9.375,50,0.010214
-7.8125,-48.438,-0.33606
-7.8125,-46.875,-0.25325
-7.8125,-45.313,-0.17789
-7.8125,-43.75,-0.25738
-7.8125,-42.188,-0.32324
-7.8125,-40.625,-0.23386
-7.8125,-39.063,-0.12353
-7.8125,-37.5,0.034566
-7.8125,-35.938,0.13585
-7.8125,-34.375,0.020245
-7.8125,-32.813,-0.070871
-7.8125,-31.25,-0.04824
-7.8125,-29.688,-0.086306
-7.8125,-28.125,-0.20817
-7.8125,-26.563,-0.23995
-7.8125,-25,-0.43827
-7.8125,-23.438,-0.55669
-7.8125,-21.875,-0.64097
-7.8125,-20.313,-0.68019
-7.8125,-18.75,-0.77855
-7.8125,-17.188,-0.87877
-7.8125,-15.625,-0.86371
-7.8125,-14.063,-0.76091
-7.8125,-12.5,-0.77963
-7.8125,-10.938,-0.7616
-7.8125,-9.375,-0.74119
-7.8125,-7.8125,-0.64023
-7.8125,-6.25,-0.65345
-7.8125,-4.6875,-0.72467
-7.8125,-3.125,-0.6254
-7.8125,-1.5625,-0.58316
-7.8125,0,-0.43045
-7.8125,1.5625,-0.24155
-7.8125,3.125,-0.1304
-7.8125,4.6875,-0.019372
-7.8125,6.25,-0.0030902
-7.8125,7.8125,-0.045367
-7.8125,9.375,0.020646
-7.8125,10.938,-0.047983
-7.8125,12.5,-0.11511
-7.8125,14.063,0.080911
-7.8125,15.625,0.21742
-7.8125,17.188,0.21874
-7.8125,18.75,0.26626
-7.8125,20.313,0.42861
-7.8125,21.875,0.58968
-7.8125,23.438,0.6508
-7.8125,25,0.62376
-7.8125,26.563,0.78195
-7.8125,28.125,0.75475
-7.8125,29.688,0.79858
-7.8125,31.25,0.76231
-7.8125,32.813,0.53068
-7.8125,34.375,0.43118
-7.8125,35.938,0.42149
-7.8125,37.5,0.37271
-7.8125,39.063,0.2535
-7.8125,40.625,0.0097658
-7.8125,42.188,-0.032631
-7.8125,43.75,-0.12196
-7.8125,45.313,-0.1759
-7.8125,46.875,-0.1706
-7.8125,48.438,-0.25038
-7.8125,50,-0.31354
-6.25,-48.438,-0.40263
-6.25,-46.875,-0.27714
-6.25,-45.313,-0.12339
-6.25,-43.75,-0.088154
-6.25,-42.188,-0.1679
-6.25,-40.625,-0.070647
-6.25,-39.063,0.043293
-6.25,-37.5,0.23109
-6.25,-35.938,0.29963
-6.25,-34.375,0.20886
-6.25,-32.813,0.14565
-6.25,-31.25,0.034176
-6.25,-29.688,-0.27491
-6.25,-28.125,-0.48564
-6.25,-26.563,-0.55343
-6.25,-25,-0.72867
-6.25,-23.438,-0.77698
-6.25,-21.875,-0.73964
-6.25,-20.313,-0.74865
-6.25,-18.75,-0.83881
-6.25,-17.188,-0.91174
-6.25,-15.625,-0.88895
-6.25,-14.063,-0.78581
-6.25,-12.5,-0.67666
-6.25,-10.938,-0.70368
-6.25,-9.375,-0.69791
-6.25,-7.8125,-0.44538
-6.25,-6.25,-0.37321
-6.25,-4.6875,-0.43247
-6.25,-3.125,-0.48461
-6.25,-1.5625,-0.32116
-6.25,0,-0.073499
-6.25,1.5625,0.13992
-6.25,3.125,0.23197
-6.25,4.6875,0.28495
-6.25,6.25,0.40799
-6.25,7.8125,0.39736
-6.25,9.375,0.33372
-6.25,10.938,0.10335
-6.25,12.5,0.046299
-6.25,14.063,0.23206
-6.25,15.625,0.39696
-6.25,17.188,0.54436
-6.25,18.75,0.69462
-6.25,20.313,0.67044
-6.25,21.875,0.70626
-6.25,23.438,0.75626
-6.25,25,0.77786
-6.25,26.563,0.78081
-6.25,28.125,0.74228
-6.25,29.688,0.77178
-6.25,31.25,0.66985
-6.25,32.813,0.54769
-6.25,34.375,0.41608
-6.25,35.938,0.26038
-6.25,37.5,0.019498
-6.25,39.063,-0.13502
-6.25,40.625,-0.161
-6.25,42.188,-0.1783
-6.25,43.75,-0.40988
-6.25,45.313,-0.54488
-6.25,46.875,-0.54635
-6.25,48.438,-0.61546
-6.25,50,-0.55868
-4.6875,-48.438,-0.37495
-4.6875,-46.875,-0.12378
-4.6875,-45.313,0.062382
-4.6875,-43.75,0.13594
-4.6875,-42.188,0.13142
-4.6875,-40.625,0.068972
-4.6875,-39.063,0.12724
-4.6875,-37.5,0.25934
-4.6875,-35.938,0.30665
-4.6875,-34.375,0.29892
-4.6875,-32.813,0.24444
-4.6875,-31.25,0.0020272
-4.6875,-29.688,-0.33369
-4.6875,-28.125,-0.53644
-4.6875,-26.563,-0.7231
-4.6875,-25,-0.91019
-4.6875,-23.438,-1.0145
-4.6875,-21.875,-0.83224
-4.6875,-20.313,-0.74081
-4.6875,-18.75,-0.75143
-4.6875,-17.188,-0.76249
-4.6875,-15.625,-0.62674
-4.6875,-14.063,-0.59351
-4.6875,-12.5,-0.47861
-4.6875,-10.938,-0.43837
-4.6875,-9.375,-0.31481
-4.6875,-7.8125,-0.14152
-4.6875,-6.25,-0.049506
-4.6875,-4.6875,-0.029305
-4.6875,-3.125,-0.059587
-4.6875,-1.5625,0.07681
-4.6875,0,0.33504
-4.6875,1.5625,0.52923
-4.6875,3.125,0.54865
-4.6875,4.6875,0.55095
-4.6875,6.25,0.80551
-4.6875,7.8125,0.83673
-4.6875,9.375,0.77201
-4.6875,10.938,0.57626
-4.6875,12.5,0.38678
-4.6875,14.063,0.38982
-4.6875,15.625,0.53617
-4.6875,17.188,0.64155
-4.6875,18.75,0.76675
-4.6875,20.313,0.81548
-4.6875,21.875,0.73269
-4.6875,23.438,0.75689
-4.6875,25,0.82331
-4.6875,26.563,0.77354
-4.6875,28.125,0.63806
-4.6875,29.688,0.54141
-4.6875,31.25,0.49571
-4.6875,32.813,0.35319
-4.6875,34.375,0.28466
-4.6875,35.938,0.054626
-4.6875,37.5,-0.14406
-4.6875,39.063,-0.23095
-4.6875,40.625,-0.13774
-4.6875,42.188,-0.26222
-4.6875,43.75,-0.56337
-4.6875,45.313,-0.70397
-4.6875,46.875,-0.70298
-4.6875,48.438,-0.59427
-4.6875,50,-0.56156
-3.125,-48.438,-0.20175
-3.125,-46.875,-0.0079285
-3.125,-45.313,0.22588
-3.125,-43.75,0.3582
-3.125,-42.188,0.17143
-3.125,-40.625,0.026808
-3.125,-39.063,0.085553
-3.125,-37.5,0.075787
-3.125,-35.938,0.086714
-3.125,-34.375,0.05334
-3.125,-32.813,-0.043406
-3.125,-31.25,-0.20302
-3.125,-29.688,-0.45443
-3.125,-28.125,-0.63277
-3.125,-26.563,-0.77942
-3.125,-25,-0.88374
-3.125,-23.438,-0.98249
-3.125,-21.875,-0.83456
-3.125,-20.313,-0.73775
-3.125,-18.75,-0.61077
-3.125,-17.188,-0.5129
-3.125,-15.625,-0.45129
-3.125,-14.063,-0.46392
-3.125,-12.5,-0.36502
-3.125,-10.938,-0.13594
-3.125,-9.375,0.026793
-3.125,-7.8125,0.093043
-3.125,-6.25,0.16327
-3.125,-4.6875,0.21938
-3.125,-3.125,0.1496
-3.125,-1.5625,0.26006
-3.125,0,0.557
-3.125,1.5625,0.77062
-3.125,3.125,0.77203
-3.125,4.6875,0.78893
-3.125,6.25,0.97771
-3.125,7.8125,1.04
-3.125,9.375,0.98345
-3.125,10.938,0.85938
-3.125,12.5,0.63609
-3.125,14.063,0.65064
-3.125,15.625,0.65245
-3.125,17.188,0.69655
-3.125,18.75,0.66021
-3.125,20.313,0.61693
-3.125,21.875,0.59571
-3.125,23.438,0.63041
-3.125,25,0.65814
-3.125,26.563,0.56967
-3.125,28.125,0.42089
-3.125,29.688,0.23229
-3.125,31.25,0.088045
-3.125,32.813,0.003951
-3.125,34.375,-0.062151
-3.125,35.938,-0.10992
-3.125,37.5,-0.14086
-3.125,39.063,-0.11475
-3.125,40.625,-0.1833
-3.125,42.188,-0.39396
-3.125,43.75,-0.57207
-3.125,45.313,-0.69842
-3.125,46.875,-0.53744
-3.125,48.438,-0.4657
-3.125,50,-0.40008
-1.5625,-48.438,-0.037646
-1.5625,-46.875,0.025233
-1.5625,-45.313,0.060208
-1.5625,-43.75,0.25151
-1.5625,-42.188,0.17142
-1.5625,-40.625,0.020194
-1.5625,-39.063,0.039174
-1.5625,-37.5,-0.049939
-1.5625,-35.938,-0.17014
-1.5625,-34.375,-0.24124
-1.5625,-32.813,-0.31122
-1.5625,-31.25,-0.48707
-1.5625,-29.688,-0.64798
-1.5625,-28.125,-0.65091
-1.5625,-26.563,-0.61542
-1.5625,-25,-0.63737
-1.5625,-23.438,-0.73282
-1.5625,-21.875,-0.64956
-1.5625,-20.313,-0.55476
-1.5625,-18.75,-0.42702
-1.5625,-17.188,-0.36091
-1.5625,-15.625,-0.30103
-1.5625,-14.063,-0.24391
-1.5625,-12.5,-0.27394
-1.5625,-10.938,-0.039245
-1.5625,-9.375,0.16687
-1.5625,-7.8125,0.18882
-1.5625,-6.25,0.18968
-1.5625,-4.6875,0.20676
-1.5625,-3.125,0.34867
-1.5625,-1.5625,0.52116
-1.5625,0,0.75514
-1.5625,1.5625,0.86457
-1.5625,3.125,0.8624
-1.5625,4.6875,0.7911
-1.5625,6.25,0.80962
-1.5625,7.8125,0.91048
-1.5625,9.375,0.81944
-1.5625,10.938,0.6983
-1.5625,12.5,0.66668
-1.5625,14.063,0.65761
-1.5625,15.625,0.57984
-1.5625,17.188,0.57483
-1.5625,18.75,0.44131
-1.5625,20.313,0.22563
-1.5625,21.875,0.088278
-1.5625,23.438,0.071071
-1.5625,25,0.071681
-1.5625,26.563,0.064048
-1.5625,28.125,0.045163
-1.5625,29.688,-0.096381
-1.5625,31.25,-0.28895
-1.5625,32.813,-0.36642
-1.5625,34.375,-0.28782
-1.5625,35.938,-0.33868
-1.5625,37.5,-0.34402
-1.5625,39.063,-0.32551
-1.5625,40.625,-0.34668
-1.5625,42.188,-0.30935
-1.5625,43.75,-0.37078
-1.5625,45.313,-0.29811
-1.5625,46.875,-0.22912
-1.5625,48.438,-0.16758
-1.5625,50,-0.075069
0,-48.438,0.17264
0,-46.875,0.11043
0,-45.313,0.1641
0,-43.75,0.1982
0,-42.188,0.13692
0,-40.625,0.015521
0,-39.063,-0.22487
0,-37.5,-0.46273
0,-35.938,-0.41803
0,-34.375,-0.48697
0,-32.813,-0.67602
0,-31.25,-0.72482
0,-29.688,-0.75138
0,-28.125,-0.6951
0,-26.563,-0.49693
0,-25,-0.45983
0,-23.438,-0.38408
0,-21.875,-0.33217
0,-20.313,-0.23204
0,-18.75,-0.096702
0,-17.188,-0.10985
0,-15.625,-0.069799
0,-14.063,0.049446
0,-12.5,0.075217
0,-10.938,0.19768
0,-9.375,0.22635
0,-7.8125,0.14559
0,-6.25,0.22391
0,-4.6875,0.31347
0,-3.125,0.52026
0,-1.5625,0.70373
0,0,0.78121
0,1.5625,0.70461
0,3.125,0.58413
0,4.6875,0.51291
0,6.25,0.53668
0,7.8125,0.63265
0,9.375,0.61713
0,10.938,0.51183
0,12.5,0.46898
0,14.063,0.32206
0,15.625,0.26078
0,17.188,0.17978
0,18.75,-0.021124
0,20.313,-0.13209
0,21.875,-0.3243
0,23.438,-0.45182
0,25,-0.48096
0,26.563,-0.50372
0,28.125,-0.54493
0,29.688,-0.60459
0,31.25,-0.61741
0,32.813,-0.53005
0,34.375,-0.39743
0,35.938,-0.39781
0,37.5,-0.38651
0,39.063,-0.36129
0,40.625,-0.25004
0,42.188,-0.040541
0,43.75,0.073892
0,45.313,0.16862
0,46.875,0.22897
0,48.438,0.29797
0,50,0.33874
1.5625,-48.438,0.38222
1.5625,-46.875,0.23541
1.5625,-45.313,0.2466
1.5625,-43.75,0.088373
1.5625,-42.188,-0.059431
1.5625,-40.625,-0.28007
1.5625,-39.063,-0.58284
1.5625,-37.5,-0.65048
1.5625,-35.938,-0.54586
1.5625,-34.375,-0.70973
1.5625,-32.813,-0.87422
1.5625,-31.25,-0.75112
1.5625,-29.688,-0.63419
1.5625,-28.125,-0.53413
1.5625,-26.563,-0.33867
1.5625,-25,-0.33577
1.5625,-23.438,-0.18674
1.5625,-21.875,-0.026757
1.5625,-20.313,0.18009
1.5625,-18.75,0.24435
1.5625,-17.188,0.23007
1.5625,-15.625,0.20467
1.5625,-14.063,0.23181
1.5625,-12.5,0.33297
1.5625,-10.938,0.33738
1.5625,-9.375,0.22001
1.5625,-7.8125,0.062536
1.5625,-6.25,0.069311
1.5625,-4.6875,0.26766
1.5625,-3.125,0.35873
1.5625,-1.5625,0.42971
1.5625,0,0.40422
1.5625,1.5625,0.26541
1.5625,3.125,0.28741
1.5625,4.6875,0.38777
1.5625,6.25,0.45741
1.5625,7.8125,0.3767
1.5625,9.375,0.26554
1.5625,10.938,0.15147
1.5625,12.5,-0.005856
1.5625,14.063,-0.12509
1.5625,15.625,-0.25088
1.5625,17.188,-0.45482
1.5625,18.75,-0.45159
1.5625,20.313,-0.33062
1.5625,21.875,-0.47159
1.5625,23.438,-0.61331
1.5625,25,-0.68546
1.5625,26.563,-0.73203
1.5625,28.125,-0.79716
1.5625,29.688,-0.78254
1.5625,31.25,-0.72578
1.5625,32.813,-0.50177
1.5625,34.375,-0.2881
1.5625,35.938,-0.19087
1.5625,37.5,-0.080624
1.5625,39.063,-0.014143
1.5625,40.625,0.062767
1.5625,42.188,0.28056
1.5625,43.75,0.55756
1.5625,45.313,0.50508
1.5625,46.875,0.52513
1.5625,48.438,0.58091
1.5625,50,0.49011
3.125,-48.438,0.50761
3.125,-46.875,0.36334
3.125,-45.313,0.19855
3.125,-43.75,0.015876
3.125,-42.188,-0.2284
3.125,-40.625,-0.46014
3.125,-39.063,-0.61599
3.125,-37.5,-0.62517
3.125,-35.938,-0.59682
3.125,-34.375,-0.73947
3.125,-32.813,-0.77629
3.125,-31.25,-0.58598
3.125,-29.688,-0.50753
3.125,-28.125,-0.49245
3.125,-26.563,-0.48933
3.125,-25,-0.25202
3.125,-23.438,0.017974
3.125,-21.875,0.19415
3.125,-20.313,0.333
3.125,-18.75,0.30197
3.125,-17.188,0.33547
3.125,-15.625,0.26618
3.125,-14.063,0.20212
3.125,-12.5,0.28073
3.125,-10.938,0.24706
3.125,-9.375,0.26151
3.125,-7.8125,0.13288
3.125,-6.25,0.015547
3.125,-4.6875,-0.027296
3.125,-3.125,0.046383
3.125,-1.5625,0.16177
3.125,0,0.10638
3.125,1.5625,0.067443
3.125,3.125,0.15338
3.125,4.6875,0.23113
3.125,6.25,0.35034
3.125,7.8125,0.21635
3.125,9.375,0.0065944
3.125,10.938,-0.021638
3.125,12.5,-0.2194
3.125,14.063,-0.38675
3.125,15.625,-0.63334
3.125,17.188,-0.77479
3.125,18.75,-0.74541
3.125,20.313,-0.64618
3.125,21.875,-0.60448
3.125,23.438,-0.63776
3.125,25,-0.62777
3.125,26.563,-0.66738
3.125,28.125,-0.6361
3.125,29.688,-0.58089
3.125,31.25,-0.48227
3.125,32.813,-0.2974
3.125,34.375,-0.055053
3.125,35.938,0.08906
3.125,37.5,0.20409
3.125,39.063,0.28345
3.125,40.625,0.35771
3.125,42.188,0.65684
3.125,43.75,0.88822
3.125,45.313,0.85363
3.125,46.875,0.81802
3.125,48.438,0.77152
3.125,50,0.62803
4.6875,-48.438,0.34557
4.6875,-46.875,0.19755
4.6875,-45.313,0.040509
4.6875,-43.75,-0.093999
4.6875,-42.188,-0.34002
4.6875,-40.625,-0.55389
4.6875,-39.063,-0.68348
4.6875,-37.5,-0.61726
4.6875,-35.938,-0.45673
4.6875,-34.375,-0.55279
4.6875,-32.813,-0.52365
4.6875,-31.25,-0.42985
4.6875,-29.688,-0.37592
4.6875,-28.125,-0.33976
4.6875,-26.563,-0.28221
4.6875,-25,-0.082144
4.6875,-23.438,0.13106
4.6875,-21.875,0.31844
4.6875,-20.313,0.42762
4.6875,-18.75,0.34769
4.6875,-17.188,0.24129
4.6875,-15.625,0.13027
4.6875,-14.063,0.22124
4.6875,-12.5,0.27362
4.6875,-10.938,0.23075
4.6875,-9.375,0.27096
4.6875,-7.8125,0.2811
4.6875,-6.25,0.16431
4.6875,-4.6875,0.05663
4.6875,-3.125,0.084217
4.6875,-1.5625,0.20893
4.6875,0,0.050073
4.6875,1.5625,-0.0398
4.6875,3.125,0.017076
4.6875,4.6875,0.077134
4.6875,6.25,0.041055
4.6875,7.8125,-0.029934
4.6875,9.375,-0.05722
4.6875,10.938,-0.089694
4.6875,12.5,-0.23031
4.6875,14.063,-0.5492
4.6875,15.625,-0.82279
4.6875,17.188,-0.85868
4.6875,18.75,-0.79235
4.6875,20.313,-0.77614
4.6875,21.875,-0.64557
4.6875,23.438,-0.55991
4.6875,25,-0.50191
4.6875,26.563,-0.4458
4.6875,28.125,-0.34534
4.6875,29.688,-0.1218
4.6875,31.25,-0.040943
4.6875,32.813,-0.010495
4.6875,34.375,0.17719
4.6875,35.938,0.46704
4.6875,37.5,0.5253
4.6875,39.063,0.67159
4.6875,40.625,0.72451
4.6875,42.188,0.97519
4.6875,43.75,1.0831
4.6875,45.313,1.0517
4.6875,46.875,0.95778
4.6875,48.438,0.80357
4.6875,50,0.60106
6.25,-48.438,0.012434
6.25,-46.875,-0.040407
6.25,-45.313,-0.12907
6.25,-43.75,-0.21809
6.25,-42.188,-0.31101
6.25,-40.625,-0.44866
6.25,-39.063,-0.47286
6.25,-37.5,-0.40116
6.25,-35.938,-0.31735
6.25,-34.375,-0.24801
6.25,-32.813,-0.22513
6.25,-31.25,-0.18188
6.25,-29.688,-0.18584
6.25,-28.125,-0.18059
6.25,-26.563,-0.065799
6.25,-25,0.0033806
6.25,-23.438,0.15046
6.25,-21.875,0.19293
6.25,-20.313,0.24843
6.25,-18.75,0.10102
6.25,-17.188,0.00064949
6.25,-15.625,-0.061806
6.25,-14.063,0.095361
6.25,-12.5,0.12936
6.25,-10.938,0.12136
6.25,-9.375,0.19123
6.25,-7.8125,0.081871
6.25,-6.25,-0.035046
6.25,-4.6875,-0.075744
6.25,-3.125,0.0061065
6.25,-1.5625,0.069095
6.25,0,-0.050039
6.25,1.5625,-0.13771
6.25,3.125,-0.16142
6.25,4.6875,-0.13585
6.25,6.25,-0.070316
6.25,7.8125,-0.1588
6.25,9.375,-0.13429
6.25,10.938,-0.12327
6.25,12.5,-0.19168
6.25,14.063,-0.31324
6.25,15.625,-0.54663
6.25,17.188,-0.57646
6.25,18.75,-0.56998
6.25,20.313,-0.57311
6.25,21.875,-0.43973
6.25,23.438,-0.28212
6.25,25,-0.16585
6.25,26.563,-0.00090282
6.25,28.125,0.058664
6.25,29.688,0.22917
6.25,31.25,0.41341
6.25,32.813,0.53775
6.25,34.375,0.62544
6.25,35.938,0.83875
6.25,37.5,0.96707
6.25,39.063,0.90628
6.25,40.625,0.91576
6.25,42.188,0.91668
6.25,43.75,0.96561
6.25,45.313,0.94729
6.25,46.875,0.85266
6.25,48.438,0.62926
6.25,50,0.25557
7.8125,-48.438,-0.31942
7.8125,-46.875,-0.38149
7.8125,-45.313,-0.30472
7.8125,-43.75,-0.29287
7.8125,-42.188,-0.26563
7.8125,-40.625,-0.18427
7.8125,-39.063,-0.14118
7.8125,-37.5,-0.10345
7.8125,-35.938,0.016278
7.8125,-34.375,0.11826
7.8125,-32.813,0.13424
7.8125,-31.25,0.090701
7.8125,-29.688,0.081698
7.8125,-28.125,-0.066866
7.8125,-26.563,-0.1758
7.8125,-25,-0.058158
7.8125,-23.438,0.044062
7.8125,-21.875,-0.068334
7.8125,-20.313,-0.1318
7.8125,-18.75,-0.2525
7.8125,-17.188,-0.264
7.8125,-15.625,-0.28672
7.8125,-14.063,-0.27296
7.8125,-12.5,-0.22162
7.8125,-10.938,-0.25813
7.8125,-9.375,-0.29065
7.8125,-7.8125,-0.21027
7.8125,-6.25,-0.12359
7.8125,-4.6875,-0.14814
7.8125,-3.125,-0.066201
7.8125,-1.5625,-0.017708
7.8125,0,-0.1082
7.8125,1.5625,-0.10931
7.8125,3.125,-0.1017
7.8125,4.6875,-0.089145
7.8125,6.25,-0.10267
7.8125,7.8125,-0.055263
7.8125,9.375,-0.06971
7.8125,10.938,-0.17413
7.8125,12.5,-0.19899
7.8125,14.063,-0.26729
7.8125,15.625,-0.32489
7.8125,17.188,-0.32393
7.8125,18.75,-0.35131
7.8125,20.313,-0.27176
7.8125,21.875,-0.17724
7.8125,23.438,0.061431
7.8125,25,0.24051
7.8125,26.563,0.36569
7.8125,28.125,0.49815
7.8125,29.688,0.66733
7.8125,31.25,0.92152
7.8125,32.813,0.9584
7.8125,34.375,1.0113
7.8125,35.938,1.1471
7.8125,37.5,1.1135
7.8125,39.063,1.0194
7.8125,40.625,0.82459
7.8125,42.188,0.80828
7.8125,43.75,0.71927
7.8125,45.313,0.61316
7.8125,46.875,0.45747
7.8125,48.438,0.20194
7.8125,50,-0.12662
9.375,-48.438,-0.53487
9.375,-46.875,-0.56429
9.375,-45.313,-0.45323
9.375,-43.75,-0.28417
9.375,-42.188,-0.19228
9.375,-40.625,-0.19382
9.375,-39.063,-0.12668
9.375,-37.5,-0.06835
9.375,-35.938,0.13362
9.375,-34.375,0.20734
9.375,-32.813,0.26429
9.375,-31.25,0.16151
9.375,-29.688,0.1142
9.375,-28.125,-0.10104
9.375,-26.563,-0.13399
9.375,-25,-0.096836
9.375,-23.438,-0.16534
9.375,-21.875,-0.25081
9.375,-20.313,-0.3465
9.375,-18.75,-0.50397
9.375,-17.188,-0.53106
9.375,-15.625,-0.49939
9.375,-14.063,-0.58295
9.375,-12.5,-0.62495
9.375,-10.938,-0.62734
9.375,-9.375,-0.59654
9.375,-7.8125,-0.40729
9.375,-6.25,-0.19968
9.375,-4.6875,-0.0962
9.375,-3.125,-0.021803
9.375,-1.5625,-0.10374
9.375,0,-0.14219
9.375,1.5625,-0.13437
9.375,3.125,-0.031141
9.375,4.6875,0.062727
9.375,6.25,0.13819
9.375,7.8125,0.25872
9.375,9.375,0.16964
9.375,10.938,-0.057713
9.375,12.5,-0.12311
9.375,14.063,-0.13871
9.375,15.625,-0.2218
9.375,17.188,-0.15502
9.375,18.75,-0.1115
9.375,20.313,-0.019313
9.375,21.875,0.08095
9.375,23.438,0.33114
9.375,25,0.53572
9.375,26.563,0.68546
9.375,28.125,0.86871
9.375,29.688,1.0029
9.375,31.25,1.0973
9.375,32.813,1.1019
9.375,34.375,1.107
9.375,35.938,1.0702
9.375,37.5,1.1604
9.375,39.063,0.99959
9.375,40.625,0.81501
9.375,42.188,0.60385
9.375,43.75,0.42534
9.375,45.313,0.27316
9.375,46.875,0.12149
9.375,48.438,-0.051856
9.375,50,-0.34443
10.938,-48.438,-0.64846
10.938,-46.875,-0.61551
10.938,-45.313,-0.50089
10.938,-43.75,-0.29562
10.938,-42.188,-0.21555
10.938,-40.625,-0.17716
10.938,-39.063,-0.051839
10.938,-37.5,0.11301
10.938,-35.938,0.20318
10.938,-34.375,0.23107
10.938,-32.813,0.19033
10.938,-31.25,0.0050608
10.938,-29.688,-0.19724
10.938,-28.125,-0.32158
10.938,-26.563,-0.31289
10.938,-25,-0.4631
10.938,-23.438,-0.6131
10.938,-21.875,-0.61135
10.938,-20.313,-0.72461
10.938,-18.75,-0.82644
10.938,-17.188,-0.77123
10.938,-15.625,-0.7647
10.938,-14.063,-0.74916
10.938,-12.5,-0.7339
10.938,-10.938,-0.73984
10.938,-9.375,-0.64746
10.938,-7.8125,-0.44306
10.938,-6.25,-0.1852
10.938,-4.6875,-0.032105
10.938,-3.125,0.056327
10.938,-1.5625,-0.082982
10.938,0,-0.078176
10.938,1.5625,-0.050653
10.938,3.125,0.015917
10.938,4.6875,0.094032
10.938,6.25,0.19977
10.938,7.8125,0.2834
10.938,9.375,0.38923
10.938,10.938,0.2607
10.938,12.5,0.095346
10.938,14.063,0.1829
10.938,15.625,0.10814
10.938,17.188,0.11509
10.938,18.75,0.2362
10.938,20.313,0.37215
10.938,21.875,0.42857
10.938,23.438,0.49422
10.938,25,0.76168
10.938,26.563,0.9571
10.938,28.125,1.1205
10.938,29.688,1.1973
10.938,31.25,1.1407
10.938,32.813,1.1186
10.938,34.375,0.99457
10.938,35.938,0.90041
10.938,37.5,0.92484
10.938,39.063,0.86036
10.938,40.625,0.6039
10.938,42.188,0.26691
10.938,43.75,0.033066
10.938,45.313,-0.20688
10.938,46.875,-0.40876
10.938,48.438,-0.44328
10.938,50,-0.53421
12.5,-48.438,-0.67129
12.5,-46.875,-0.55677
12.5,-45.313,-0.44529
12.5,-43.75,-0.29634
12.5,-42.188,-0.13787
12.5,-40.625,-0.028022
12.5,-39.063,0.012751
12.5,-37.5,0.14521
12.5,-35.938,0.035476
12.5,-34.375,-0.052901
12.5,-32.813,-0.11661
12.5,-31.25,-0.24481
12.5,-29.688,-0.41312
12.5,-28.125,-0.47412
12.5,-26.563,-0.54928
12.5,-25,-0.76981
12.5,-23.438,-0.85352
12.5,-21.875,-0.8723
12.5,-20.313,-0.84615
12.5,-18.75,-0.82895
12.5,-17.188,-0.78351
12.5,-15.625,-0.73289
12.5,-14.063,-0.80887
12.5,-12.5,-0.80555
12.5,-10.938,-0.69256
12.5,-9.375,-0.54431
12.5,-7.8125,-0.3101
12.5,-6.25,-0.032164
12.5,-4.6875,0.1041
12.5,-3.125,0.15605
12.5,-1.5625,0.10411
12.5,0,0.14913
12.5,1.5625,0.2197
12.5,3.125,0.22336
12.5,4.6875,0.24092
12.5,6.25,0.23476
12.5,7.8125,0.32241
12.5,9.375,0.429
12.5,10.938,0.36435
12.5,12.5,0.37104
12.5,14.063,0.4743
12.5,15.625,0.50194
12.5,17.188,0.52779
12.5,18.75,0.54383
12.5,20.313,0.6877
12.5,21.875,0.72767
12.5,23.438,0.78508
12.5,25,0.94559
12.5,26.563,1.0956
12.5,28.125,1.1873
12.5,29.688,1.1618
12.5,31.25,1.104
12.5,32.813,0.94804
12.5,34.375,0.91007
12.5,35.938,0.87259
12.5,37.5,0.73678
12.5,39.063,0.56963
12.5,40.625,0.1866
12.5,42.188,-0.22321
12.5,43.75,-0.4253
12.5,45.313,-0.54651
12.5,46.875,-0.83011
12.5,48.438,-0.79938
12.5,50,-0.64749
14.063,-48.438,-0.49859
14.063,-46.875,-0.27295
14.063,-45.313,-0.096312
14.063,-43.75,-0.11332
14.063,-42.188,-0.073833
14.063,-40.625,0.13079
14.063,-39.063,0.087078
14.063,-37.5,-0.071851
14.063,-35.938,-0.17987
14.063,-34.375,-0.2756
14.063,-32.813,-0.25861
14.063,-31.25,-0.26024
14.063,-29.688,-0.45645
14.063,-28.125,-0.53273
14.063,-26.563,-0.52504
14.063,-25,-0.66082
14.063,-23.438,-0.65012
14.063,-21.875,-0.6869
14.063,-20.313,-0.76579
14.063,-18.75,-0.78396
14.063,-17.188,-0.72884
14.063,-15.625,-0.73044
14.063,-14.063,-0.79
14.063,-12.5,-0.79767
14.063,-10.938,-0.5243
14.063,-9.375,-0.27425
14.063,-7.8125,-0.093921
14.063,-6.25,0.21012
14.063,-4.6875,0.3493
14.063,-3.125,0.22816
14.063,-1.5625,0.23449
14.063,0,0.35501
14.063,1.5625,0.52399
14.063,3.125,0.49934
14.063,4.6875,0.5091
14.063,6.25,0.54738
14.063,7.8125,0.45079
14.063,9.375,0.392
14.063,10.938,0.46114
14.063,12.5,0.57029
14.063,14.063,0.69818
14.063,15.625,0.79771
14.063,17.188,0.79
14.063,18.75,0.90464
14.063,20.313,0.98026
14.063,21.875,0.9652
14.063,23.438,1.0208
14.063,25,0.97515
14.063,26.563,1.0385
14.063,28.125,1.0057
14.063,29.688,0.952
14.063,31.25,0.87137
14.063,32.813,0.82081
14.063,34.375,0.78375
14.063,35.938,0.6214
14.063,37.5,0.43794
14.063,39.063,0.20732
14.063,40.625,-0.098478
14.063,42.188,-0.31918
14.063,43.75,-0.43613
14.063,45.313,-0.60095
14.063,46.875,-0.76318
14.063,48.438,-0.60666
14.063,50,-0.49867
15.625,-48.438,0.034397
15.625,-46.875,0.035515
15.625,-45.313,0.14821
15.625,-43.75,0.12516
15.625,-42.188,0.022403
15.625,-40.625,0.0076004
15.625,-39.063,0.050771
15.625,-37.5,-0.043155
15.625,-35.938,-0.10725
15.625,-34.375,-0.18289
15.625,-32.813,-0.32466
15.625,-31.25,-0.40028
15.625,-29.688,-0.35011
15.625,-28.125,-0.46511
15.625,-26.563,-0.61379
15.625,-25,-0.67423
15.625,-23.438,-0.64573
15.625,-21.875,-0.63216
15.625,-20.313,-0.59132
15.625,-18.75,-0.6067
15.625,-17.188,-0.62964
15.625,-15.625,-0.64544
15.625,-14.063,-0.69399
15.625,-12.5,-0.60346
15.625,-10.938,-0.31969
15.625,-9.375,-0.011729
15.625,-7.8125,0.035888
15.625,-6.25,0.1172
15.625,-4.6875,0.20619
15.625,-3.125,0.20508
15.625,-1.5625,0.3031
15.625,0,0.42226
15.625,1.5625,0.64872
15.625,3.125,0.63386
15.625,4.6875,0.6156
15.625,6.25,0.74517
15.625,7.8125,0.64735
15.625,9.375,0.54352
15.625,10.938,0.60447
15.625,12.5,0.72892
15.625,14.063,0.85199
15.625,15.625,0.91148
15.625,17.188,0.97249
15.625,18.75,1.0294
15.625,20.313,1.0732
15.625,21.875,1.0564
15.625,23.438,1.0162
15.625,25,0.8411
15.625,26.563,0.71898
15.625,28.125,0.61579
15.625,29.688,0.47766
15.625,31.25,0.39844
15.625,32.813,0.35322
15.625,34.375,0.39187
15.625,35.938,0.26134
15.625,37.5,0.043821
15.625,39.063,-0.18618
15.625,40.625,-0.3825
15.625,42.188,-0.36424
15.625,43.75,-0.27346
15.625,45.313,-0.31733
15.625,46.875,-0.39033
15.625,48.438,-0.16773
15.625,50,-0.0073
17.188,-48.438,0.3784
17.188,-46.875,0.37854
17.188,-45.313,0.36668
17.188,-43.75,0.28735
17.188,-42.188,0.098484
17.188,-40.625,-0.097308
17.188,-39.063,-0.03909
17.188,-37.5,-0.040772
17.188,-35.938,-0.10127
17.188,-34.375,-0.1565
17.188,-32.813,-0.25778
17.188,-31.25,-0.29202
17.188,-29.688,-0.2874
17.188,-28.125,-0.4092
17.188,-26.563,-0.58791
17.188,-25,-0.66574
17.188,-23.438,-0.68222
17.188,-21.875,-0.603
17.188,-20.313,-0.48523
17.188,-18.75,-0.55333
17.188,-17.188,-0.55258
17.188,-15.625,-0.60105
17.188,-14.063,-0.59555
17.188,-12.5,-0.4596
17.188,-10.938,-0.22859
17.188,-9.375,0.081818
17.188,-7.8125,0.12122
17.188,-6.25,0.036107
17.188,-4.6875,0.13885
17.188,-3.125,0.22761
17.188,-1.5625,0.32107
17.188,0,0.58439
17.188,1.5625,0.76203
17.188,3.125,0.75521
17.188,4.6875,0.67403
17.188,6.25,0.73038
17.188,7.8125,0.74823
17.188,9.375,0.63388
17.188,10.938,0.67859
17.188,12.5,0.84561
17.188,14.063,0.91903
17.188,15.625,0.88203
17.188,17.188,0.86943
17.188,18.75,0.77964
17.188,20.313,0.78202
17.188,21.875,0.64781
17.188,23.438,0.4747
17.188,25,0.25208
17.188,26.563,0.15903
17.188,28.125,0.018778
17.188,29.688,-0.11135
17.188,31.25,-0.18582
17.188,32.813,-0.23016
17.188,34.375,-0.28071
17.188,35.938,-0.19213
17.188,37.5,-0.19731
17.188,39.063,-0.34023
17.188,40.625,-0.46846
17.188,42.188,-0.3384
17.188,43.75,-0.087315
17.188,45.313,-0.0076141
17.188,46.875,0.092849
17.188,48.438,0.22239
17.188,50,0.35977
18.75,-48.438,0.71682
18.75,-46.875,0.58998
18.75,-45.313,0.50064
18.75,-43.75,0.26184
18.75,-42.188,-0.026986
18.75,-40.625,-0.19582
18.75,-39.063,-0.19107
18.75,-37.5,-0.18434
18.75,-35.938,-0.31399
18.75,-34.375,-0.38209
18.75,-32.813,-0.2372
18.75,-31.25,-0.26908
18.75,-29.688,-0.32669
18.75,-28.125,-0.29395
18.75,-26.563,-0.34664
18.75,-25,-0.4859
18.75,-23.438,-0.55305
18.75,-21.875,-0.42783
18.75,-20.313,-0.34322
18.75,-18.75,-0.36861
18.75,-17.188,-0.33555
18.75,-15.625,-0.36926
18.75,-14.063,-0.32021
18.75,-12.5,-0.32497
18.75,-10.938,-0.15823
18.75,-9.375,0.008765
18.75,-7.8125,0.074835
18.75,-6.25,0.091447
18.75,-4.6875,0.08621
18.75,-3.125,0.24386
18.75,-1.5625,0.44606
18.75,0,0.63837
18.75,1.5625,0.84221
18.75,3.125,0.84889
18.75,4.6875,0.73686
18.75,6.25,0.77933
18.75,7.8125,0.74435
18.75,9.375,0.60725
18.75,10.938,0.60415
18.75,12.5,0.68435
18.75,14.063,0.65204
18.75,15.625,0.65019
18.75,17.188,0.57461
18.75,18.75,0.33855
18.75,20.313,0.20043
18.75,21.875,-0.066276
18.75,23.438,-0.2309
18.75,25,-0.40439
18.75,26.563,-0.50737
18.75,28.125,-0.56937
18.75,29.688,-0.69545
18.75,31.25,-0.66784
18.75,32.813,-0.5953
18.75,34.375,-0.58859
18.75,35.938,-0.43916
18.75,37.5,-0.2507
18.75,39.063,-0.28446
18.75,40.625,-0.42601
18.75,42.188,-0.23533
18.75,43.75,0.080159
18.75,45.313,0.43186
18.75,46.875,0.57311
18.75,48.438,0.68485
18.75,50,0.82846
20.313,-48.438,0.79106
20.313,-46.875,0.56684
20.313,-45.313,0.36576
20.313,-43.75,0.063875
20.313,-42.188,-0.16898
20.313,-40.625,-0.34387
20.313,-39.063,-0.3028
20.313,-37.5,-0.30387
20.313,-35.938,-0.31691
20.313,-34.375,-0.37174
20.313,-32.813,-0.36672
20.313,-31.25,-0.33624
20.313,-29.688,-0.31064
20.313,-28.125,-0.22973
20.313,-26.563,-0.24265
20.313,-25,-0.36507
20.313,-23.438,-0.35454
20.313,-21.875,-0.26864
20.313,-20.313,-0.26908
20.313,-18.75,-0.19131
20.313,-17.188,-0.067912
20.313,-15.625,-0.11091
20.313,-14.063,-0.066925
20.313,-12.5,-0.073741
20.313,-10.938,-0.037932
20.313,-9.375,0.032231
20.313,-7.8125,0.084303
20.313,-6.25,0.15323
20.313,-4.6875,0.2364
20.313,-3.125,0.39264
20.313,-1.5625,0.60212
20.313,0,0.74021
20.313,1.5625,0.79237
20.313,3.125,0.82134
20.313,4.6875,0.7764
20.313,6.25,0.66086
20.313,7.8125,0.51431
20.313,9.375,0.3832
20.313,10.938,0.29339
20.313,12.5,0.27698
20.313,14.063,0.26867
20.313,15.625,0.20999
20.313,17.188,0.064526
20.313,18.75,-0.10936
20.313,20.313,-0.31331
20.313,21.875,-0.51899
20.313,23.438,-0.66459
20.313,25,-0.79341
20.313,26.563,-0.92847
20.313,28.125,-0.96728
20.313,29.688,-0.88032
20.313,31.25,-0.76677
20.313,32.813,-0.71628
20.313,34.375,-0.52415
20.313,35.938,-0.46834
20.313,37.5,-0.31378
20.313,39.063,-0.21266
20.313,40.625,-0.14103
20.313,42.188,0.08969
20.313,43.75,0.36428
20.313,45.313,0.73327
20.313,46.875,0.92697
20.313,48.438,1.094
20.313,50,1.0203
21.875,-48.438,0.50178
21.875,-46.875,0.25705
21.875,-45.313,0.00081981
21.875,-43.75,-0.099719
21.875,-42.188,-0.29045
21.875,-40.625,-0.49749
21.875,-39.063,-0.62391
21.875,-37.5,-0.51305
21.875,-35.938,-0.37651
21.875,-34.375,-0.36601
21.875,-32.813,-0.29567
21.875,-31.25,-0.25253
21.875,-29.688,-0.17701
21.875,-28.125,-0.17733
21.875,-26.563,-0.29952
21.875,-25,-0.34594
21.875,-23.438,-0.30533
21.875,-21.875,-0.19168
21.875,-20.313,-0.10484
21.875,-18.75,-0.043282
21.875,-17.188,0.094284
21.875,-15.625,0.083867
21.875,-14.063,0.097178
21.875,-12.5,0.15916
21.875,-10.938,0.17825
21.875,-9.375,0.14159
21.875,-7.8125,0.11872
21.875,-6.25,0.17645
21.875,-4.6875,0.28223
21.875,-3.125,0.43529
21.875,-1.5625,0.62482
21.875,0,0.75589
21.875,1.5625,0.66643
21.875,3.125,0.62718
21.875,4.6875,0.56664
21.875,6.25,0.52212
21.875,7.8125,0.30062
21.875,9.375,0.15167
21.875,10.938,0.071465
21.875,12.5,0.0024711
21.875,14.063,-0.010393
21.875,15.625,-0.21712
21.875,17.188,-0.22149
21.875,18.75,-0.28837
21.875,20.313,-0.47938
21.875,21.875,-0.67966
21.875,23.438,-0.70715
21.875,25,-0.82452
21.875,26.563,-0.94914
21.875,28.125,-0.88389
21.875,29.688,-0.6668
21.875,31.25,-0.58586
21.875,32.813,-0.54307
21.875,34.375,-0.36056
21.875,35.938,-0.2301
21.875,37.5,-0.092838
21.875,39.063,0.017936
21.875,40.625,0.19116
21.875,42.188,0.48757
21.875,43.75,0.62552
21.875,45.313,0.81047
21.875,46.875,1.0596
21.875,48.438,0.99148
21.875,50,0.76971
23.438,-48.438,0.057954
23.438,-46.875,-0.14842
23.438,-45.313,-0.23541
23.438,-43.75,-0.3038
23.438,-42.188,-0.50365
23.438,-40.625,-0.6255
23.438,-39.063,-0.66319
23.438,-37.5,-0.52498
23.438,-35.938,-0.34998
23.438,-34.375,-0.17006
23.438,-32.813,-0.11077
23.438,-31.25,-0.062269
23.438,-29.688,0.031225
23.438,-28.125,-0.011436
23.438,-26.563,-0.13641
23.438,-25,-0.28334
23.438,-23.438,-0.22222
23.438,-21.875,-0.015826
23.438,-20.313,0.096863
23.438,-18.75,0.10922
23.438,-17.188,0.093454
23.438,-15.625,0.061848
23.438,-14.063,0.069638
23.438,-12.5,0.17636
23.438,-10.938,0.29133
23.438,-9.375,0.1902
23.438,-7.8125,0.044248
23.438,-6.25,0.091787
23.438,-4.6875,0.13309
23.438,-3.125,0.33137
23.438,-1.5625,0.58161
23.438,0,0.65598
23.438,1.5625,0.47035
23.438,3.125,0.28953
23.438,4.6875,0.30571
23.438,6.25,0.29297
23.438,7.8125,0.13087
23.438,9.375,0.014337
23.438,10.938,-0.17872
23.438,12.5,-0.40116
23.438,14.063,-0.35937
23.438,15.625,-0.353
23.438,17.188,-0.43874
23.438,18.75,-0.54976
23.438,20.313,-0.6195
23.438,21.875,-0.60981
23.438,23.438,-0.63943
23.438,25,-0.66506
23.438,26.563,-0.62102
23.438,28.125,-0.51659
23.438,29.688,-0.32837
23.438,31.25,-0.23118
23.438,32.813,-0.16442
23.438,34.375,-0.07054
23.438,35.938,-0.0084433
23.438,37.5,0.14671
23.438,39.063,0.31033
23.438,40.625,0.48758
23.438,42.188,0.64231
23.438,43.75,0.81958
23.438,45.313,0.93566
23.438,46.875,0.84647
23.438,48.438,0.65039
23.438,50,0.33335
25,-48.438,-0.16061
25,-46.875,-0.31245
25,-45.313,-0.32456
25,-43.75,-0.40289
25,-42.188,-0.55147
25,-40.625,-0.54963
25,-39.063,-0.42826
25,-37.5,-0.2315
25,-35.938,-0.0076828
25,-34.375,0.16088
25,-32.813,0.19352
25,-31.25,0.19857
25,-29.688,0.16931
25,-28.125,0.18406
25,-26.563,0.079959
25,-25,-0.096925
25,-23.438,-0.044195
25,-21.875,0.0072773
25,-20.313,0.056748
25,-18.75,0.079785
25,-17.188,0.071458
25,-15.625,0.013412
25,-14.063,-0.097161
25,-12.5,0.030593
25,-10.938,0.15548
25,-9.375,0.2546
25,-7.8125,0.10206
25,-6.25,0.011826
25,-4.6875,0.2302
25,-3.125,0.3858
25,-1.5625,0.50413
25,0,0.43292
25,1.5625,0.30078
25,3.125,0.24881
25,4.6875,0.26175
25,6.25,0.28466
25,7.8125,0.11381
25,9.375,-0.11327
25,10.938,-0.28617
25,12.5,-0.39361
25,14.063,-0.38858
25,15.625,-0.45205
25,17.188,-0.49341
25,18.75,-0.50251
25,20.313,-0.52374
25,21.875,-0.47219
25,23.438,-0.40169
25,25,-0.33679
25,26.563,-0.17356
25,28.125,-0.02124
25,29.688,0.090569
25,31.25,0.18258
25,32.813,0.31117
25,34.375,0.33893
25,35.938,0.20676
25,37.5,0.31401
25,39.063,0.55137
25,40.625,0.68747
25,42.188,0.66162
25,43.75,0.8129
25,45.313,0.86339
25,46.875,0.67376
25,48.438,0.32744
25,50,0.087035
26.563,-48.438,-0.25767
26.563,-46.875,-0.36342
26.563,-45.313,-0.26387
26.563,-43.75,-0.25017
26.563,-42.188,-0.31423
26.563,-40.625,-0.30909
26.563,-39.063,-0.16507
26.563,-37.5,0.023457
26.563,-35.938,0.16279
26.563,-34.375,0.2824
26.563,-32.813,0.30678
26.563,-31.25,0.17732
26.563,-29.688,0.15432
26.563,-28.125,0.21436
26.563,-26.563,0.20769
26.563,-25,0.01522
26.563,-23.438,-0.043297
26.563,-21.875,-0.1332
26.563,-20.313,-0.10734
26.563,-18.75,-0.063601
26.563,-17.188,-0.085341
26.563,-15.625,-0.1244
26.563,-14.063,-0.18322
26.563,-12.5,-0.20603
26.563,-10.938,0.018842
26.563,-9.375,0.19574
26.563,-7.8125,0.12753
26.563,-6.25,0.16354
26.563,-4.6875,0.29579
26.563,-3.125,0.40875
26.563,-1.5625,0.43379
26.563,0,0.2905
26.563,1.5625,0.27755
26.563,3.125,0.20832
26.563,4.6875,0.23577
26.563,6.25,0.2604
26.563,7.8125,0.1421
26.563,9.375,-0.063358
26.563,10.938,-0.27104
26.563,12.5,-0.32666
26.563,14.063,-0.29908
26.563,15.625,-0.28617
26.563,17.188,-0.20129
26.563,18.75,-0.13175
26.563,20.313,-0.10124
26.563,21.875,-0.065795
26.563,23.438,-0.02957
26.563,25,-0.0097754
26.563,26.563,0.13698
26.563,28.125,0.32225
26.563,29.688,0.40555
26.563,31.25,0.48835
26.563,32.813,0.62397
26.563,34.375,0.55986
26.563,35.938,0.47996
26.563,37.5,0.59523
26.563,39.063,0.65886
26.563,40.625,0.63907
26.563,42.188,0.69893
26.563,43.75,0.69423
26.563,45.313,0.58454
26.563,46.875,0.38878
26.563,48.438,0.18516
26.563,50,-0.080148
28.125,-48.438,-0.17294
28.125,-46.875,-0.25773
28.125,-45.313,-0.12045
28.125,-43.75,-0.0076748
28.125,-42.188,-0.068208
28.125,-40.625,-0.050418
28.125,-39.063,0.10869
28.125,-37.5,0.22232
28.125,-35.938,0.24332
28.125,-34.375,0.22947
28.125,-32.813,0.28187
28.125,-31.25,0.26513
28.125,-29.688,0.21335
28.125,-28.125,0.24091
28.125,-26.563,0.17578
28.125,-25,-0.00021139
28.125,-23.438,-0.22607
28.125,-21.875,-0.25774
28.125,-20.313,-0.2004
28.125,-18.75,-0.24979
28.125,-17.188,-0.27423
28.125,-15.625,-0.29515
28.125,-14.063,-0.30035
28.125,-12.5,-0.32936
28.125,-10.938,-0.22554
28.125,-9.375,0.022453
28.125,-7.8125,0.15996
28.125,-6.25,0.23163
28.125,-4.6875,0.23407
28.125,-3.125,0.27811
28.125,-1.5625,0.29038
28.125,0,0.18878
28.125,1.5625,0.26923
28.125,3.125,0.20815
28.125,4.6875,0.13823
28.125,6.25,0.22397
28.125,7.8125,0.15567
28.125,9.375,0.047082
28.125,10.938,-0.011458
28.125,12.5,0.024582
28.125,14.063,0.035324
28.125,15.625,0.078456
28.125,17.188,0.12056
28.125,18.75,0.1774
28.125,20.313,0.33583
28.125,21.875,0.36214
28.125,23.438,0.33159
28.125,25,0.33169
28.125,26.563,0.41123
28.125,28.125,0.49201
28.125,29.688,0.55382
28.125,31.25,0.50393
28.125,32.813,0.62449
28.125,34.375,0.68196
28.125,35.938,0.7142
28.125,37.5,0.69209
28.125,39.063,0.55908
28.125,40.625,0.52409
28.125,42.188,0.53079
28.125,43.75,0.43534
28.125,45.313,0.2276
28.125,46.875,0.13621
28.125,48.438,0.0070461
28.125,50,-0.11718
29.688,-48.438,-0.052736
29.688,-46.875,-0.10164
29.688,-45.313,-0.090241
29.688,-43.75,-0.016034
29.688,-42.188,0.086255
29.688,-40.625,0.17671
29.688,-39.063,0.20705
29.688,-37.5,0.29104
29.688,-35.938,0.28904
29.688,-34.375,0.2475
29.688,-32.813,0.19669
29.688,-31.25,0.13183
29.688,-29.688,0.088252
29.688,-28.125,0.018986
29.688,-26.563,-0.05262
29.688,-25,-0.12201
29.688,-23.438,-0.25126
29.688,-21.875,-0.20905
29.688,-20.313,-0.1642
29.688,-18.75,-0.31713
29.688,-17.188,-0.43632
29.688,-15.625,-0.47847
29.688,-14.063,-0.51733
29.688,-12.5,-0.45784
29.688,-10.938,-0.31967
29.688,-9.375,-0.026886
29.688,-7.8125,0.10374
29.688,-6.25,0.12663
29.688,-4.6875,0.093533
29.688,-3.125,0.079788
29.688,-1.5625,0.069953
29.688,0,-0.0027266
29.688,1.5625,0.098481
29.688,3.125,0.16548
29.688,4.6875,0.068995
29.688,6.25,0.16155
29.688,7.8125,0.32828
29.688,9.375,0.3342
29.688,10.938,0.2438
29.688,12.5,0.25883
29.688,14.063,0.33754
29.688,15.625,0.41162
29.688,17.188,0.3964
29.688,18.75,0.47739
29.688,20.313,0.60385
29.688,21.875,0.62311
29.688,23.438,0.55653
29.688,25,0.59754
29.688,26.563,0.63832
29.688,28.125,0.60361
29.688,29.688,0.53202
29.688,31.25,0.47267
29.688,32.813,0.47097
29.688,34.375,0.54636
29.688,35.938,0.56647
29.688,37.5,0.54547
29.688,39.063,0.40946
29.688,40.625,0.39242
29.688,42.188,0.25274
29.688,43.75,0.00040337
29.688,45.313,-0.029889
29.688,46.875,-0.090448
29.688,48.438,-0.1068
29.688,50,-0.079128
31.25,-48.438,0.041108
31.25,-46.875,0.12513
31.25,-45.313,-0.0047612
31.25,-43.75,-0.01278
31.25,-42.188,0.16119
31.25,-40.625,0.16878
31.25,-39.063,0.13611
31.25,-37.5,0.18142
31.25,-35.938,0.16258
31.25,-34.375,0.08234
31.25,-32.813,0.056537
31.25,-31.25,-0.078121
31.25,-29.688,-0.13211
31.25,-28.125,-0.20411
31.25,-26.563,-0.27527
31.25,-25,-0.41344
31.25,-23.438,-0.30368
31.25,-21.875,-0.20377
31.25,-20.313,-0.39162
31.25,-18.75,-0.53126
31.25,-17.188,-0.5461
31.25,-15.625,-0.56814
31.25,-14.063,-0.65686
31.25,-12.5,-0.62391
31.25,-10.938,-0.50719
31.25,-9.375,-0.18711
31.25,-7.8125,-0.1228
31.25,-6.25,-0.018409
31.25,-4.6875,0.041937
31.25,-3.125,0.022646
31.25,-1.5625,0.0074751
31.25,0,0.017058
31.25,1.5625,0.11055
31.25,3.125,0.20356
31.25,4.6875,0.22104
31.25,6.25,0.19136
31.25,7.8125,0.28793
31.25,9.375,0.34412
31.25,10.938,0.43501
31.25,12.5,0.49227
31.25,14.063,0.60376
31.25,15.625,0.64182
31.25,17.188,0.57519
31.25,18.75,0.60138
31.25,20.313,0.77536
31.25,21.875,0.81222
31.25,23.438,0.78266
31.25,25,0.74769
31.25,26.563,0.64633
31.25,28.125,0.55419
31.25,29.688,0.36194
31.25,31.25,0.29475
31.25,32.813,0.34216
31.25,34.375,0.39445
31.25,35.938,0.37949
31.25,37.5,0.23102
31.25,39.063,0.12381
31.25,40.625,0.049115
31.25,42.188,-0.15159
31.25,43.75,-0.29341
31.25,45.313,-0.23002
31.25,46.875,-0.16697
31.25,48.438,-0.057901
31.25,50,4.2509e-06
32.813,-48.438,0.2402
32.813,-46.875,0.26393
32.813,-45.313,0.15531
32.813,-43.75,0.058242
32.813,-42.188,-0.030785
32.813,-40.625,0.036852
32.813,-39.063,-0.001877
32.813,-37.5,-0.053717
32.813,-35.938,-0.095807
32.813,-34.375,-0.087222
32.813,-32.813,-0.074216
32.813,-31.25,-0.18172
32.813,-29.688,-0.35116
32.813,-28.125,-0.46327
32.813,-26.563,-0.44086
32.813,-25,-0.4675
32.813,-23.438,-0.34462
32.813,-21.875,-0.40484
32.813,-20.313,-0.55169
32.813,-18.75,-0.6859
32.813,-17.188,-0.7055
32.813,-15.625,-0.6267
32.813,-14.063,-0.59884
32.813,-12.5,-0.65417
32.813,-10.938,-0.54335
32.813,-9.375,-0.36413
32.813,-7.8125,-0.29459
32.813,-6.25,-0.060918
32.813,-4.6875,0.053683
32.813,-3.125,0.03069
32.813,-1.5625,-0.086708
32.813,0,-0.0050852
32.813,1.5625,0.14511
32.813,3.125,0.25234
32.813,4.6875,0.32605
32.813,6.25,0.34572
32.813,7.8125,0.34798
32.813,9.375,0.41073
32.813,10.938,0.52232
32.813,12.5,0.6172
32.813,14.063,0.71395
32.813,15.625,0.69096
32.813,17.188,0.62198
32.813,18.75,0.69419
32.813,20.313,0.85349
32.813,21.875,0.89546
32.813,23.438,0.91533
32.813,25,0.80743
32.813,26.563,0.61839
32.813,28.125,0.4617
32.813,29.688,0.32324
32.813,31.25,0.16752
32.813,32.813,0.19895
32.813,34.375,0.23575
32.813,35.938,0.061389
32.813,37.5,-0.061759
32.813,39.063,-0.094266
32.813,40.625,-0.18093
32.813,42.188,-0.29243
32.813,43.75,-0.43758
32.813,45.313,-0.38807
32.813,46.875,-0.16799
32.813,48.438,-0.021341
32.813,50,0.2065
34.375,-48.438,0.3704
34.375,-46.875,0.37387
34.375,-45.313,0.3703
34.375,-43.75,0.12609
34.375,-42.188,-0.03827
34.375,-40.625,-0.035989
34.375,-39.063,-0.0042023
34.375,-37.5,-0.10018
34.375,-35.938,-0.24568
34.375,-34.375,-0.20105
34.375,-32.813,-0.19588
34.375,-31.25,-0.31027
34.375,-29.688,-0.5193
34.375,-28.125,-0.61771
34.375,-26.563,-0.55508
34.375,-25,-0.48634
34.375,-23.438,-0.43069
34.375,-21.875,-0.49034
34.375,-20.313,-0.59115
34.375,-18.75,-0.67054
34.375,-17.188,-0.64953
34.375,-15.625,-0.53447
34.375,-14.063,-0.55651
34.375,-12.5,-0.48108
34.375,-10.938,-0.42915
34.375,-9.375,-0.36695
34.375,-7.8125,-0.25596
34.375,-6.25,-0.097189
34.375,-4.6875,0.014035
34.375,-3.125,-0.0091802
34.375,-1.5625,-0.07132
34.375,0,0.012258
34.375,1.5625,0.21035
34.375,3.125,0.31437
34.375,4.6875,0.32556
34.375,6.25,0.29031
34.375,7.8125,0.23692
34.375,9.375,0.35064
34.375,10.938,0.56266
34.375,12.5,0.61001
34.375,14.063,0.62717
34.375,15.625,0.65465
34.375,17.188,0.67297
34.375,18.75,0.75339
34.375,20.313,0.78675
34.375,21.875,0.77614
34.375,23.438,0.80435
34.375,25,0.69922
34.375,26.563,0.46182
34.375,28.125,0.28582
34.375,29.688,0.16792
34.375,31.25,0.054207
34.375,32.813,0.049731
34.375,34.375,0.015909
34.375,35.938,-0.072234
34.375,37.5,-0.12456
34.375,39.063,-0.18286
34.375,40.625,-0.34595
34.375,42.188,-0.41882
34.375,43.75,-0.50656
34.375,45.313,-0.53227
34.375,46.875,-0.27771
34.375,48.438,-0.035277
34.375,50,0.27687
35.938,-48.438,0.34731
35.938,-46.875,0.39943
35.938,-45.313,0.39866
35.938,-43.75,0.22851
35.938,-42.188,0.092697
35.938,-40.625,0.032041
35.938,-39.063,0.10144
35.938,-37.5,-0.019513
35.938,-35.938,-0.21421
35.938,-34.375,-0.25413
35.938,-32.813,-0.21035
35.938,-31.25,-0.40051
35.938,-29.688,-0.6041
35.938,-28.125,-0.62068
35.938,-26.563,-0.58885
35.938,-25,-0.64418
35.938,-23.438,-0.56594
35.938,-21.875,-0.58873
35.938,-20.313,-0.66482
35.938,-18.75,-0.62518
35.938,-17.188,-0.62112
35.938,-15.625,-0.59592
35.938,-14.063,-0.52494
35.938,-12.5,-0.45148
35.938,-10.938,-0.32996
35.938,-9.375,-0.22792
35.938,-7.8125,-0.19534
35.938,-6.25,-0.17359
35.938,-4.6875,-0.048446
35.938,-3.125,0.012797
35.938,-1.5625,0.030543
35.938,0,0.15103
35.938,1.5625,0.2071
35.938,3.125,0.25129
35.938,4.6875,0.35226
35.938,6.25,0.28731
35.938,7.8125,0.26226
35.938,9.375,0.2638
35.938,10.938,0.38865
35.938,12.5,0.58105
35.938,14.063,0.68081
35.938,15.625,0.58325
35.938,17.188,0.54119
35.938,18.75,0.68174
35.938,20.313,0.69807
35.938,21.875,0.69673
35.938,23.438,0.75073
35.938,25,0.6293
35.938,26.563,0.36964
35.938,28.125,0.19368
35.938,29.688,0.17637
35.938,31.25,0.12436
35.938,32.813,0.17713
35.938,34.375,0.14181
35.938,35.938,0.0027612
35.938,37.5,-0.10198
35.938,39.063,-0.22709
35.938,40.625,-0.33537
35.938,42.188,-0.43042
35.938,43.75,-0.57162
35.938,45.313,-0.40199
35.938,46.875,-0.20821
35.938,48.438,0.098327
35.938,50,0.22214
37.5,-48.438,0.36523
37.5,-46.875,0.30914
37.5,-45.313,0.30237
37.5,-43.75,0.24117
37.5,-42.188,0.17321
37.5,-40.625,-0.013587
37.5,-39.063,0.0059018
37.5,-37.5,0.0033444
37.5,-35.938,-0.16975
37.5,-34.375,-0.18563
37.5,-32.813,-0.30367
37.5,-31.25,-0.4773
37.5,-29.688,-0.55049
37.5,-28.125,-0.51884
37.5,-26.563,-0.52785
37.5,-25,-0.64738
37.5,-23.438,-0.56674
37.5,-21.875,-0.44718
37.5,-20.313,-0.49565
37.5,-18.75,-0.46271
37.5,-17.188,-0.53165
37.5,-15.625,-0.58543
37.5,-14.063,-0.4918
37.5,-12.5,-0.39935
37.5,-10.938,-0.27234
37.5,-9.375,-0.21597
37.5,-7.8125,-0.12423
37.5,-6.25,-0.20114
37.5,-4.6875,-0.085631
37.5,-3.125,0.032648
37.5,-1.5625,0.06916
37.5,0,0.071399
37.5,1.5625,0.086836
37.5,3.125,0.17161
37.5,4.6875,0.25172
37.5,6.25,0.31685
37.5,7.8125,0.30221
37.5,9.375,0.42246
37.5,10.938,0.47603
37.5,12.5,0.54811
37.5,14.063,0.63738
37.5,15.625,0.6593
37.5,17.188,0.64403
37.5,18.75,0.65352
37.5,20.313,0.70077
37.5,21.875,0.67774
37.5,23.438,0.63849
37.5,25,0.48817
37.5,26.563,0.27807
37.5,28.125,0.23653
37.5,29.688,0.27738
37.5,31.25,0.24719
37.5,32.813,0.28261
37.5,34.375,0.16628
37.5,35.938,0.089831
37.5,37.5,0.028295
37.5,39.063,-0.096514
37.5,40.625,-0.23434
37.5,42.188,-0.27418
37.5,43.75,-0.4204
37.5,45.313,-0.31611
37.5,46.875,-0.0035788
37.5,48.438,0.27513
37.5,50,0.35292
39.063,-48.438,0.47054
39.063,-46.875,0.32837
39.063,-45.313,0.27517
39.063,-43.75,0.23744
39.063,-42.188,0.16424
39.063,-40.625,0.034376
39.063,-39.063,-0.043336
39.063,-37.5,0.015945
39.063,-35.938,-0.049353
39.063,-34.375,-0.24911
39.063,-32.813,-0.3436
39.063,-31.25,-0.44389
39.063,-29.688,-0.47721
39.063,-28.125,-0.41548
39.063,-26.563,-0.51148
39.063,-25,-0.60398
39.063,-23.438,-0.61949
39.063,-21.875,-0.53169
39.063,-20.313,-0.40644
39.063,-18.75,-0.39626
39.063,-17.188,-0.48095
39.063,-15.625,-0.46432
39.063,-14.063,-0.43408
39.063,-12.5,-0.43463
39.063,-10.938,-0.30501
39.063,-9.375,-0.17949
39.063,-7.8125,-0.10011
39.063,-6.25,-0.15999
39.063,-4.6875,-0.063129
39.063,-3.125,0.10225
39.063,-1.5625,0.25239
39.063,0,0.10821
39.063,1.5625,0.16517
39.063,3.125,0.21797
39.063,4.6875,0.24766
39.063,6.25,0.32957
39.063,7.8125,0.42866
39.063,9.375,0.51363
39.063,10.938,0.45965
39.063,12.5,0.45678
39.063,14.063,0.60233
39.063,15.625,0.7785
39.063,17.188,0.79497
39.063,18.75,0.61487
39.063,20.313,0.57935
39.063,21.875,0.67452
39.063,23.438,0.57119
39.063,25,0.46664
39.063,26.563,0.35373
39.063,28.125,0.29582
39.063,29.688,0.25176
39.063,31.25,0.21099
39.063,32.813,0.22402
39.063,34.375,0.20559
39.063,35.938,0.20188
39.063,37.5,0.1778
39.063,39.063,-0.023639
39.063,40.625,-0.015041
39.063,42.188,-0.003404
39.063,43.75,-0.062041
39.063,45.313,0.010674
39.063,46.875,0.28905
39.063,48.438,0.4373
39.063,50,0.51448
40.625,-48.438,0.65085
40.625,-46.875,0.45008
40.625,-45.313,0.27134
40.625,-43.75,0.23326
40.625,-42.188,0.080942
40.625,-40.625,-0.020553
40.625,-39.063,-0.025464
40.625,-37.5,-0.033612
40.625,-35.938,-0.080352
40.625,-34.375,-0.1728
40.625,-32.813,-0.20379
40.625,-31.25,-0.38946
40.625,-29.688,-0.44482
40.625,-28.125,-0.42235
40.625,-26.563,-0.48488
40.625,-25,-0.53093
40.625,-23.438,-0.55121
40.625,-21.875,-0.45547
40.625,-20.313,-0.36981
40.625,-18.75,-0.36415
40.625,-17.188,-0.39101
40.625,-15.625,-0.2621
40.625,-14.063,-0.31641
40.625,-12.5,-0.41205
40.625,-10.938,-0.24711
40.625,-9.375,-0.0042312
40.625,-7.8125,0.021722
40.625,-6.25,-0.027845
40.625,-4.6875,0.044045
40.625,-3.125,0.21254
40.625,-1.5625,0.37761
40.625,0,0.30465
40.625,1.5625,0.4002
40.625,3.125,0.37321
40.625,4.6875,0.39992
40.625,6.25,0.48691
40.625,7.8125,0.47423
40.625,9.375,0.45936
40.625,10.938,0.44627
40.625,12.5,0.54283
40.625,14.063,0.68472
40.625,15.625,0.69858
40.625,17.188,0.57819
40.625,18.75,0.38831
40.625,20.313,0.36297
40.625,21.875,0.40847
40.625,23.438,0.38661
40.625,25,0.25973
40.625,26.563,0.17035
40.625,28.125,0.085985
40.625,29.688,0.10519
40.625,31.25,0.1592
40.625,32.813,0.25614
40.625,34.375,0.28287
40.625,35.938,0.20851
40.625,37.5,0.18592
40.625,39.063,0.13915
40.625,40.625,0.12804
40.625,42.188,0.24436
40.625,43.75,0.37793
40.625,45.313,0.47933
40.625,46.875,0.53496
40.625,48.438,0.65913
40.625,50,0.63476
42.188,-48.438,0.68765
42.188,-46.875,0.57564
42.188,-45.313,0.37924
42.188,-43.75,0.18922
42.188,-42.188,0.11288
42.188,-40.625,-0.013123
42.188,-39.063,-0.076125
42.188,-37.5,-0.13773
42.188,-35.938,-0.21186
42.188,-34.375,-0.19445
42.188,-32.813,-0.25694
42.188,-31.25,-0.39419
42.188,-29.688,-0.42718
42.188,-28.125,-0.38422
42.188,-26.563,-0.35025
42.188,-25,-0.36962
42.188,-23.438,-0.32594
42.188,-21.875,-0.37645
42.188,-20.313,-0.46194
42.188,-18.75,-0.48391
42.188,-17.188,-0.34123
42.188,-15.625,-0.25228
42.188,-14.063,-0.19299
42.188,-12.5,-0.20538
42.188,-10.938,-0.1801
42.188,-9.375,-0.059808
42.188,-7.8125,-0.059717
42.188,-6.25,-0.0061193
42.188,-4.6875,0.23417
42.188,-3.125,0.36707
42.188,-1.5625,0.45957
42.188,0,0.54425
42.188,1.5625,0.59196
42.188,3.125,0.5183
42.188,4.6875,0.50403
42.188,6.25,0.54253
42.188,7.8125,0.48066
42.188,9.375,0.41195
42.188,10.938,0.46859
42.188,12.5,0.55658
42.188,14.063,0.67329
42.188,15.625,0.5623
42.188,17.188,0.34369
42.188,18.75,0.17873
42.188,20.313,0.083987
42.188,21.875,0.044447
42.188,23.438,0.071345
42.188,25,-0.019807
42.188,26.563,0.077981
42.188,28.125,0.12893
42.188,29.688,0.092627
42.188,31.25,0.18456
42.188,32.813,0.22742
42.188,34.375,0.34408
42.188,35.938,0.42597
42.188,37.5,0.43271
42.188,39.063,0.43595
42.188,40.625,0.50257
42.188,42.188,0.58874
42.188,43.75,0.65681
42.188,45.313,0.66969
42.188,46.875,0.605
42.188,48.438,0.63168
42.188,50,0.67362
43.75,-48.438,0.49208
43.75,-46.875,0.47736
43.75,-45.313,0.34849
43.75,-43.75,0.12139
43.75,-42.188,0.060075
43.75,-40.625,0.018159
43.75,-39.063,-0.13456
43.75,-37.5,-0.18616
43.75,-35.938,-0.19616
43.75,-34.375,-0.22272
43.75,-32.813,-0.29731
43.75,-31.25,-0.29554
43.75,-29.688,-0.32357
43.75,-28.125,-0.30179
43.75,-26.563,-0.37099
43.75,-25,-0.45563
43.75,-23.438,-0.44275
43.75,-21.875,-0.50291
43.75,-20.313,-0.49655
43.75,-18.75,-0.42997
43.75,-17.188,-0.27812
43.75,-15.625,-0.22374
43.75,-14.063,-0.22135
43.75,-12.5,-0.23447
43.75,-10.938,-0.17003
43.75,-9.375,-0.065149
43.75,-7.8125,0.0088281
43.75,-6.25,0.21218
43.75,-4.6875,0.43124
43.75,-3.125,0.53337
43.75,-1.5625,0.56141
43.75,0,0.64049
43.75,1.5625,0.68637
43.75,3.125,0.56419
43.75,4.6875,0.4669
43.75,6.25,0.55055
43.75,7.8125,0.58674
43.75,9.375,0.52966
43.75,10.938,0.4538
43.75,12.5,0.35498
43.75,14.063,0.37579
43.75,15.625,0.23983
43.75,17.188,0.14947
43.75,18.75,0.066661
43.75,20.313,0.082701
43.75,21.875,0.083951
43.75,23.438,0.023208
43.75,25,0.014661
43.75,26.563,0.14136
43.75,28.125,0.20528
43.75,29.688,0.23308
43.75,31.25,0.20074
43.75,32.813,0.23122
43.75,34.375,0.43952
43.75,35.938,0.56579
43.75,37.5,0.60267
43.75,39.063,0.58063
43.75,40.625,0.60538
43.75,42.188,0.60836
43.75,43.75,0.63421
43.75,45.313,0.56783
43.75,46.875,0.56239
43.75,48.438,0.51443
43.75,50,0.47326
45.313,-48.438,0.20457
45.313,-46.875,0.19879
45.313,-45.313,0.11181
45.313,-43.75,-0.047274
45.313,-42.188,-0.19979
45.313,-40.625,-0.24115
45.313,-39.063,-0.23883
45.313,-37.5,-0.29477
45.313,-35.938,-0.30813
45.313,-34.375,-0.39442
45.313,-32.813,-0.44108
45.313,-31.25,-0.36043
45.313,-29.688,-0.33075
45.313,-28.125,-0.34886
45.313,-26.563,-0.52564
45.313,-25,-0.62129
45.313,-23.438,-0.67532
45.313,-21.875,-0.66636
45.313,-20.313,-0.56329
45.313,-18.75,-0.41071
45.313,-17.188,-0.32713
45.313,-15.625,-0.3715
45.313,-14.063,-0.34601
45.313,-12.5,-0.33743
45.313,-10.938,-0.19646
45.313,-9.375,-0.026138
45.313,-7.8125,0.15589
45.313,-6.25,0.40482
45.313,-4.6875,0.56858
45.313,-3.125,0.47366
45.313,-1.5625,0.36798
45.313,0,0.27482
45.313,1.5625,0.38944
45.313,3.125,0.45133
45.313,4.6875,0.36274
45.313,6.25,0.32319
45.313,7.8125,0.39505
45.313,9.375,0.39065
45.313,10.938,0.26829
45.313,12.5,0.1757
45.313,14.063,0.082695
45.313,15.625,-0.059866
45.313,17.188,0.057695
45.313,18.75,0.17499
45.313,20.313,0.16759
45.313,21.875,0.2214
45.313,23.438,0.18639
45.313,25,0.25535
45.313,26.563,0.33051
45.313,28.125,0.3404
45.313,29.688,0.2414
45.313,31.25,0.19908
45.313,32.813,0.2798
45.313,34.375,0.37206
45.313,35.938,0.34298
45.313,37.5,0.2503
45.313,39.063,0.27531
45.313,40.625,0.29307
45.313,42.188,0.40865
45.313,43.75,0.36942
45.313,45.313,0.23436
45.313,46.875,0.18891
45.313,48.438,0.18401
45.313,50,0.14903
46.875,-48.438,-0.13784
46.875,-46.875,-0.12441
46.875,-45.313,-0.18887
46.875,-43.75,-0.22445
46.875,-42.188,-0.38419
46.875,-40.625,-0.50306
46.875,-39.063,-0.49369
46.875,-37.5,-0.41456
46.875,-35.938,-0.43368
46.875,-34.375,-0.46874
46.875,-32.813,-0.34207
46.875,-31.25,-0.346
46.875,-29.688,-0.44522
46.875,-28.125,-0.48564
46.875,-26.563,-0.65015
46.875,-25,-0.81898
46.875,-23.438,-0.86823
46.875,-21.875,-0.7697
46.875,-20.313,-0.59193
46.875,-18.75,-0.45896
46.875,-17.188,-0.47023
46.875,-15.625,-0.5052
46.875,-14.063,-0.4892
46.875,-12.5,-0.45301
46.875,-10.938,-0.2802
46.875,-9.375,-0.033059
46.875,-7.8125,0.076851
46.875,-6.25,0.1916
46.875,-4.6875,0.16515
46.875,-3.125,0.041308
46.875,-1.5625,-0.0088584
46.875,0,0.037492
46.875,1.5625,0.14401
46.875,3.125,0.20859
46.875,4.6875,0.19856
46.875,6.25,0.23343
46.875,7.8125,0.17283
46.875,9.375,0.060223
46.875,10.938,0.099583
46.875,12.5,0.030036
46.875,14.063,-0.066298
46.875,15.625,-0.087192
46.875,17.188,0.02233
46.875,18.75,0.18798
46.875,20.313,0.28248
46.875,21.875,0.28505
46.875,23.438,0.27143
46.875,25,0.30163
46.875,26.563,0.34441
46.875,28.125,0.28261
46.875,29.688,0.24336
46.875,31.25,0.21023
46.875,32.813,0.2677
46.875,34.375,0.14768
46.875,35.938,-0.042367
46.875,37.5,-0.14081
46.875,39.063,-0.18115
46.875,40.625,-0.094414
46.875,42.188,0.10973
46.875,43.75,0.021458
46.875,45.313,-0.28244
46.875,46.875,-0.27534
46.875,48.438,-0.33596
46.875,50,-0.21481
48.438,-48.438,-0.36016
48.438,-46.875,-0.25474
48.438,-45.313,-0.31298
48.438,-43.75,-0.32019
48.438,-42.188,-0.44449
48.438,-40.625,-0.44297
48.438,-39.063,-0.33893
48.438,-37.5,-0.35593
48.438,-35.938,-0.36372
48.438,-34.375,-0.32015
48.438,-32.813,-0.2674
48.438,-31.25,-0.4482
48.438,-29.688,-0.66743
48.438,-28.125,-0.69074
48.438,-26.563,-0.7089
48.438,-25,-0.91319
48.438,-23.438,-0.87514
48.438,-21.875,-0.79287
48.438,-20.313,-0.66639
48.438,-18.75,-0.60125
48.438,-17.188,-0.60266
48.438,-15.625,-0.6325
48.438,-14.063,-0.58899
48.438,-12.5,-0.51365
48.438,-10.938,-0.47757
48.438,-9.375,-0.31764
48.438,-7.8125,-0.11779
48.438,-6.25,-0.20314
48.438,-4.6875,-0.2706
48.438,-3.125,-0.245
48.438,-1.5625,-0.2326
48.438,0,-0.21356
48.438,1.5625,-0.1885
48.438,3.125,-0.11383
48.438,4.6875,-0.037249
48.438,6.25,0.11712
48.438,7.8125,0.052037
48.438,9.375,-0.062312
48.438,10.938,-0.039993
48.438,12.5,-0.016451
48.438,14.063,0.063549
48.438,15.625,0.084584
48.438,17.188,0.10642
48.438,18.75,0.19476
48.438,20.313,0.37415
48.438,21.875,0.36728
48.438,23.438,0.33446
48.438,25,0.27587
48.438,26.563,0.2389
48.438,28.125,0.19693
48.438,29.688,0.23907
48.438,31.25,0.21689
48.438,32.813,0.11696
48.438,34.375,-0.028616
48.438,35.938,-0.23761
48.438,37.5,-0.3729
48.438,39.063,-0.35367
48.438,40.625,-0.36557
48.438,42.188,-0.28918
48.438,43.75,-0.2877
48.438,45.313,-0.37775
48.438,46.875,-0.37802
48.438,48.438,-0.44049
48.438,50,-0.43578
50,-48.438,-0.38138
50,-46.875,-0.24819
50,-45.313,-0.21736
50,-43.75,-0.31568
50,-42.188,-0.29908
50,-40.625,-0.24856
50,-39.063,-0.18972
50,-37.5,-0.14478
50,-35.938,-0.23671
50,-34.375,-0.23216
50,-32.813,-0.33935
50,-31.25,-0.50335
50,-29.688,-0.69415
50,-28.125,-0.85387
50,-26.563,-0.96484
50,-25,-0.9593
50,-23.438,-0.85645
50,-21.875,-0.73512
50,-20.313,-0.73
50,-18.75,-0.68369
50,-17.188,-0.66157
50,-15.625,-0.68161
50,-14.063,-0.74302
50,-12.5,-0.69502
50,-10.938,-0.66889
50,-9.375,-0.57294
50,-7.8125,-0.34735
50,-6.25,-0.2659
50,-4.6875,-0.30378
50,-3.125,-0.16897
50,-1.5625,-0.1835
50,0,-0.29868
50,1.5625,-0.37545
50,3.125,-0.40392
50,4.6875,-0.25221
50,6.25,0.027804
50,7.8125,0.002313
50,9.375,0.041565
50,10.938,0.09591
50,12.5,0.14216
50,14.063,0.2336
50,15.625,0.32858
50,17.188,0.2772
50,18.75,0.26049
50,20.313,0.28949
50,21.875,0.37961
50,23.438,0.32778
50,25,0.14349
50,26.563,0.031251
50,28.125,0.068041
50,29.688,0.16421
50,31.25,0.11621
50,32.813,-0.086278
50,34.375,-0.208
50,35.938,-0.36701
50,37.5,-0.49574
50,39.063,-0.40704
50,40.625,-0.32395
50,42.188,-0.37654
50,43.75,-0.43929
50,45.313,-0.50302
50,46.875,-0.4821
50,48.438,-0.40687
50,50,-0.3664
