-48.438,-48.438,0.042122
-48.438,-46.875,-0.0050964
-48.438,-45.313,0.024475
-48.438,-43.75,0.091989
-48.438,-42.188,0.15925
-48.438,-40.625,0.2198
-48.438,-39.063,0.20503
-48.438,-37.5,0.23139
-48.438,-35.938,0.16798
-48.438,-34.375,0.066774
-48.438,-32.813,-0.023484
-48.438,-31.25,-0.017603
-48.438,-29.688,-0.017298
-48.438,-28.125,0.032072
-48.438,-26.563,-0.0069398
-48.438,-25,-0.062709
-48.438,-23.438,-0.1648
-48.438,-21.875,-0.16611
-48.438,-20.313,-0.039344
-48.438,-18.75,-0.054256
-48.438,-17.188,-0.12243
-48.438,-15.625,-0.10733
-48.438,-14.063,-0.0086312
-48.438,-12.5,0.048854
-48.438,-10.938,0.10621
-48.438,-9.375,0.14161
-48.438,-7.8125,0.096445
-48.438,-6.25,0.085287
-48.438,-4.6875,0.13812
-48.438,-3.125,0.069217
-48.438,-1.5625,0.065285
-48.438,0,0.10123
-48.438,1.5625,0.060908
-48.438,3.125,-0.033491
-48.438,4.6875,-0.10388
-48.438,6.25,-0.17158
-48.438,7.8125,-0.22433
-48.438,9.375,-0.12543
-48.438,10.938,0.012354
-48.438,12.5,0.027364
-48.438,14.063,0.11197
-48.438,15.625,0.13832
-48.438,17.188,0.15502
-48.438,18.75,0.046462
-48.438,20.313,-0.028657
-48.438,21.875,-0.15163
-48.438,23.438,-0.14047
-48.438,25,-0.065513
-48.438,26.563,-0.045607
-48.438,28.125,-0.091755
-48.438,29.688,-0.09005
-48.438,31.25,-0.046557
-48.438,32.813,-0.01099
-48.438,34.375,0.12459
-48.438,35.938,0.2109
-48.438,37.5,0.35152
-48.438,39.063,0.3286
-48.438,40.625,0.17015
-48.438,42.188,0.15514
-48.438,43.75,0.25553
-48.438,45.313,0.29975
-48.438,46.875,0.20799
-48.438,48.438,0.10478
-48.438,50,0.060282
-46.875,-48.438,0.074893
-46.875,-46.875,0.033968
-46.875,-45.313,0.043924
-46.875,-43.75,0.11022
-46.875,-42.188,0.040792
-46.875,-40.625,0.015477
-46.875,-39.063,0.0092987
-46.875,-37.5,0.031564
-46.875,-35.938,0.040665
-46.875,-34.375,0.033878
-46.875,-32.813,-0.048593
-46.875,-31.25,-0.075039
-46.875,-29.688,-0.053773
-46.875,-28.125,-0.064032
-46.875,-26.563,-0.097456
-46.875,-25,-0.14621
-46.875,-23.438,-0.09193
-46.875,-21.875,-0.050519
-46.875,-20.313,-0.017586
-46.875,-18.75,-0.078217
-46.875,-17.188,-0.10531
-46.875,-15.625,-0.039516
-46.875,-14.063,0.086477
-46.875,-12.5,0.22724
-46.875,-10.938,0.24241
-46.875,-9.375,0.16798
-46.875,-7.8125,0.16178
-46.875,-6.25,0.15623
-46.875,-4.6875,0.19128
-46.875,-3.125,0.23833
-46.875,-1.5625,0.33451
-46.875,0,0.35062
-46.875,1.5625,0.23064
-46.875,3.125,0.063202
-46.875,4.6875,0.0076756
-46.875,6.25,0.057427
-46.875,7.8125,0.089094
-46.875,9.375,0.20988
-46.875,10.938,0.22947
-46.875,12.5,0.18249
-46.875,14.063,0.15668
-46.875,15.625,0.17242
-46.875,17.188,0.18745
-46.875,18.75,0.16074
-46.875,20.313,0.029034
-46.875,21.875,-0.041858
-46.875,23.438,-0.025438
-46.875,25,0.014739
-46.875,26.563,0.011479
-46.875,28.125,-0.15291
-46.875,29.688,-0.056963
-46.875,31.25,-0.01913
-46.875,32.813,-0.03657
-46.875,34.375,0.0078812
-46.875,35.938,0.075065
-46.875,37.5,0.17261
-46.875,39.063,0.15663
-46.875,40.625,0.16037
-46.875,42.188,0.12198
-46.875,43.75,0.080667
-46.875,45.313,0.093937
-46.875,46.875,0.095609
-46.875,48.438,0.034173
-46.875,50,0.077991
-45.313,-48.438,0.019168
-45.313,-46.875,0.13502
-45.313,-45.313,0.16352
-45.313,-43.75,0.10267
-45.313,-42.188,0.0013766
-45.313,-40.625,-0.00070661
-45.313,-39.063,-0.050904
-45.313,-37.5,-0.031611
-45.313,-35.938,0.024154
-45.313,-34.375,0.096674
-45.313,-32.813,0.00568
-45.313,-31.25,-0.031987
-45.313,-29.688,-0.040908
-45.313,-28.125,-0.060115
-45.313,-26.563,-0.09589
-45.313,-25,-0.095558
-45.313,-23.438,-0.17489
-45.313,-21.875,-0.21324
-45.313,-20.313,-0.14287
-45.313,-18.75,-0.1492
-45.313,-17.188,-0.17772
-45.313,-15.625,-0.086609
-45.313,-14.063,0.070883
-45.313,-12.5,0.066882
-45.313,-10.938,0.028135
-45.313,-9.375,-0.03878
-45.313,-7.8125,-0.016377
-45.313,-6.25,0.014546
-45.313,-4.6875,0.11212
-45.313,-3.125,0.21923
-45.313,-1.5625,0.33457
-45.313,0,0.28972
-45.313,1.5625,0.29025
-45.313,3.125,0.28021
-45.313,4.6875,0.14083
-45.313,6.25,0.1763
-45.313,7.8125,0.3205
-45.313,9.375,0.36551
-45.313,10.938,0.29422
-45.313,12.5,0.25951
-45.313,14.063,0.19171
-45.313,15.625,0.032867
-45.313,17.188,0.0010854
-45.313,18.75,0.02941
-45.313,20.313,0.0079754
-45.313,21.875,-0.020079
-45.313,23.438,-0.063622
-45.313,25,-0.025767
-45.313,26.563,-0.040202
-45.313,28.125,0.010014
-45.313,29.688,-0.043897
-45.313,31.25,-0.07312
-45.313,32.813,-0.057403
-45.313,34.375,-0.089075
-45.313,35.938,-0.078928
-45.313,37.5,0.046288
-45.313,39.063,0.063073
-45.313,40.625,0.044907
-45.313,42.188,-0.034836
-45.313,43.75,-0.23845
-45.313,45.313,-0.19526
-45.313,46.875,-0.10277
-45.313,48.438,-0.055477
-45.313,50,-0.05963
-43.75,-48.438,-0.09859
-43.75,-46.875,0.015798
-43.75,-45.313,0.13498
-43.75,-43.75,0.17263
-43.75,-42.188,0.23109
-43.75,-40.625,0.18094
-43.75,-39.063,0.11395
-43.75,-37.5,0.055593
-43.75,-35.938,0.050225
-43.75,-34.375,0.12815
-43.75,-32.813,0.15163
-43.75,-31.25,0.087739
-43.75,-29.688,-0.020845
-43.75,-28.125,-0.070331
-43.75,-26.563,-0.17677
-43.75,-25,-0.17661
-43.75,-23.438,-0.15964
-43.75,-21.875,-0.11375
-43.75,-20.313,-0.18778
-43.75,-18.75,-0.14999
-43.75,-17.188,-0.12151
-43.75,-15.625,-0.046576
-43.75,-14.063,-0.073559
-43.75,-12.5,-0.032066
-43.75,-10.938,-0.10796
-43.75,-9.375,-0.2367
-43.75,-7.8125,-0.21571
-43.75,-6.25,-0.072021
-43.75,-4.6875,0.0095663
-43.75,-3.125,0.095005
-43.75,-1.5625,0.099415
-43.75,0,0.099345
-43.75,1.5625,0.14428
-43.75,3.125,0.20398
-43.75,4.6875,0.22002
-43.75,6.25,0.28775
-43.75,7.8125,0.35914
-43.75,9.375,0.25819
-43.75,10.938,0.23955
-43.75,12.5,0.14584
-43.75,14.063,-0.039296
-43.75,15.625,-0.12943
-43.75,17.188,-0.15291
-43.75,18.75,-0.091611
-43.75,20.313,-0.089917
-43.75,21.875,-0.072468
-43.75,23.438,-0.073248
-43.75,25,-0.073491
-43.75,26.563,-0.030508
-43.75,28.125,0.0096977
-43.75,29.688,-0.050021
-43.75,31.25,-0.0077448
-43.75,32.813,0.060311
-43.75,34.375,-0.037513
-43.75,35.938,-0.17256
-43.75,37.5,-0.17234
-43.75,39.063,-0.17257
-43.75,40.625,-0.18733
-43.75,42.188,-0.32672
-43.75,43.75,-0.39062
-43.75,45.313,-0.37985
-43.75,46.875,-0.37964
-43.75,48.438,-0.35625
-43.75,50,-0.23069
-42.188,-48.438,-0.071368
-42.188,-46.875,0.040048
-42.188,-45.313,0.15225
-42.188,-43.75,0.16117
-42.188,-42.188,0.20123
-42.188,-40.625,0.21184
-42.188,-39.063,0.18161
-42.188,-37.5,0.23628
-42.188,-35.938,0.15602
-42.188,-34.375,0.18461
-42.188,-32.813,0.20508
-42.188,-31.25,0.11593
-42.188,-29.688,-0.016695
-42.188,-28.125,-0.13904
-42.188,-26.563,-0.22729
-42.188,-25,-0.1418
-42.188,-23.438,-0.057867
-42.188,-21.875,0.044689
-42.188,-20.313,-0.022024
-42.188,-18.75,-0.040907
-42.188,-17.188,-0.073322
-42.188,-15.625,-0.23301
-42.188,-14.063,-0.23548
-42.188,-12.5,-0.13629
-42.188,-10.938,-0.16652
-42.188,-9.375,-0.16071
-42.188,-7.8125,-0.072233
-42.188,-6.25,-0.11695
-42.188,-4.6875,-0.076595
-42.188,-3.125,-0.061049
-42.188,-1.5625,-0.14995
-42.188,0,-0.10626
-42.188,1.5625,-0.018143
-42.188,3.125,0.11533
-42.188,4.6875,0.12935
-42.188,6.25,0.063819
-42.188,7.8125,0.083529
-42.188,9.375,0.1306
-42.188,10.938,0.036871
-42.188,12.5,0.043854
-42.188,14.063,-0.060064
-42.188,15.625,-0.096323
-42.188,17.188,-0.13163
-42.188,18.75,-0.2557
-42.188,20.313,-0.33126
-42.188,21.875,-0.20219
-42.188,23.438,-0.15777
-42.188,25,-0.13392
-42.188,26.563,-0.06369
-42.188,28.125,-0.03953
-42.188,29.688,0.058466
-42.188,31.25,0.16655
-42.188,32.813,0.15567
-42.188,34.375,0.026187
-42.188,35.938,-0.10252
-42.188,37.5,-0.16533
-42.188,39.063,-0.24709
-42.188,40.625,-0.2492
-42.188,42.188,-0.23032
-42.188,43.75,-0.35288
-42.188,45.313,-0.47416
-42.188,46.875,-0.50737
-42.188,48.438,-0.4481
-42.188,50,-0.28154
-40.625,-48.438,-0.074473
-40.625,-46.875,-0.0075461
-40.625,-45.313,0.092061
-40.625,-43.75,0.15502
-40.625,-42.188,0.19037
-40.625,-40.625,0.17609
-40.625,-39.063,0.12755
-40.625,-37.5,0.13334
-40.625,-35.938,0.19416
-40.625,-34.375,0.15456
-40.625,-32.813,0.09159
-40.625,-31.25,0.065391
-40.625,-29.688,0.054386
-40.625,-28.125,0.048656
-40.625,-26.563,0.010451
-40.625,-25,0.16356
-40.625,-23.438,0.15964
-40.625,-21.875,0.17043
-40.625,-20.313,0.12837
-40.625,-18.75,0.074001
-40.625,-17.188,-0.069242
-40.625,-15.625,-0.17647
-40.625,-14.063,-0.26472
-40.625,-12.5,-0.21876
-40.625,-10.938,-0.085501
-40.625,-9.375,0.048447
-40.625,-7.8125,0.11796
-40.625,-6.25,0.018736
-40.625,-4.6875,-0.14247
-40.625,-3.125,-0.23333
-40.625,-1.5625,-0.21819
-40.625,0,-0.15727
-40.625,1.5625,-0.069525
-40.625,3.125,0.0064703
-40.625,4.6875,-0.067321
-40.625,6.25,-0.096018
-40.625,7.8125,-0.11665
-40.625,9.375,-0.11904
-40.625,10.938,-0.10538
-40.625,12.5,-0.055264
-40.625,14.063,-0.010205
-40.625,15.625,-0.10715
-40.625,17.188,-0.25479
-40.625,18.75,-0.26051
-40.625,20.313,-0.29308
-40.625,21.875,-0.15769
-40.625,23.438,-0.033981
-40.625,25,0.018386
-40.625,26.563,0.054122
-40.625,28.125,0.015457
-40.625,29.688,0.053707
-40.625,31.25,0.095557
-40.625,32.813,0.12287
-40.625,34.375,0.13221
-40.625,35.938,0.014197
-40.625,37.5,-0.14007
-40.625,39.063,-0.23142
-40.625,40.625,-0.26008
-40.625,42.188,-0.18517
-40.625,43.75,-0.20134
-40.625,45.313,-0.26952
-40.625,46.875,-0.38258
-40.625,48.438,-0.36026
-40.625,50,-0.20575
-39.063,-48.438,-0.077088
-39.063,-46.875,-0.1148
-39.063,-45.313,-0.080655
-39.063,-43.75,-0.043169
-39.063,-42.188,-0.014879
-39.063,-40.625,0.0053134
-39.063,-39.063,0.021212
-39.063,-37.5,-0.049771
-39.063,-35.938,-0.020011
-39.063,-34.375,0.071506
-39.063,-32.813,0.12154
-39.063,-31.25,0.15164
-39.063,-29.688,0.21586
-39.063,-28.125,0.27702
-39.063,-26.563,0.31339
-39.063,-25,0.33525
-39.063,-23.438,0.19404
-39.063,-21.875,0.12646
-39.063,-20.313,0.052533
-39.063,-18.75,-0.0077217
-39.063,-17.188,0.0049951
-39.063,-15.625,-0.10124
-39.063,-14.063,-0.09144
-39.063,-12.5,-0.03186
-39.063,-10.938,0.0298
-39.063,-9.375,0.22167
-39.063,-7.8125,0.21365
-39.063,-6.25,0.20264
-39.063,-4.6875,0.11466
-39.063,-3.125,-0.011409
-39.063,-1.5625,-0.036071
-39.063,0,-0.08362
-39.063,1.5625,-0.036239
-39.063,3.125,-0.081388
-39.063,4.6875,-0.11711
-39.063,6.25,-0.10344
-39.063,7.8125,-0.11879
-39.063,9.375,-0.1552
-39.063,10.938,-0.10673
-39.063,12.5,-7.0901e-05
-39.063,14.063,-0.077586
-39.063,15.625,-0.14601
-39.063,17.188,-0.12221
-39.063,18.75,0.0020553
-39.063,20.313,0.0051678
-39.063,21.875,0.047806
-39.063,23.438,0.027831
-39.063,25,0.0037252
-39.063,26.563,-0.065312
-39.063,28.125,-0.076566
-39.063,29.688,-0.056246
-39.063,31.25,-0.053624
-39.063,32.813,0.035358
-39.063,34.375,0.11528
-39.063,35.938,0.047593
-39.063,37.5,-0.028176
-39.063,39.063,-0.1544
-39.063,40.625,-0.25775
-39.063,42.188,-0.26897
-39.063,43.75,-0.16877
-39.063,45.313,-0.078945
-39.063,46.875,-0.11859
-39.063,48.438,-0.20566
-39.063,50,-0.086364
-37.5,-48.438,-0.057271
-37.5,-46.875,-0.10158
-37.5,-45.313,-0.073753
-37.5,-43.75,-0.13858
-37.5,-42.188,-0.11406
-37.5,-40.625,-0.0015305
-37.5,-39.063,0.00040527
-37.5,-37.5,-0.04829
-37.5,-35.938,-0.0037045
-37.5,-34.375,0.078646
-37.5,-32.813,0.1155
-37.5,-31.25,0.12238
-37.5,-29.688,0.12535
-37.5,-28.125,0.12285
-37.5,-26.563,0.11295
-37.5,-25,0.14227
-37.5,-23.438,0.0935
-37.5,-21.875,0.033694
-37.5,-20.313,-0.088923
-37.5,-18.75,-0.12588
-37.5,-17.188,-0.03699
-37.5,-15.625,0.0039521
-37.5,-14.063,0.07705
-37.5,-12.5,0.10317
-37.5,-10.938,0.12675
-37.5,-9.375,0.18857
-37.5,-7.8125,0.16621
-37.5,-6.25,0.24938
-37.5,-4.6875,0.30194
-37.5,-3.125,0.19736
-37.5,-1.5625,0.15626
-37.5,0,0.15555
-37.5,1.5625,0.044439
-37.5,3.125,-0.036335
-37.5,4.6875,-0.1279
-37.5,6.25,-0.14975
-37.5,7.8125,-0.076084
-37.5,9.375,-0.086019
-37.5,10.938,-0.12722
-37.5,12.5,-0.062827
-37.5,14.063,0.02751
-37.5,15.625,0.023787
-37.5,17.188,-0.017571
-37.5,18.75,0.039124
-37.5,20.313,0.13914
-37.5,21.875,0.035907
-37.5,23.438,0.012235
-37.5,25,0.022127
-37.5,26.563,-0.0099711
-37.5,28.125,-0.0086264
-37.5,29.688,-0.05692
-37.5,31.25,0.00085744
-37.5,32.813,0.031556
-37.5,34.375,0.044435
-37.5,35.938,0.033196
-37.5,37.5,-0.063932
-37.5,39.063,-0.16753
-37.5,40.625,-0.18101
-37.5,42.188,-0.12888
-37.5,43.75,-0.052931
-37.5,45.313,0.035741
-37.5,46.875,0.11714
-37.5,48.438,0.068146
-37.5,50,0.033911
-35.938,-48.438,0.0056941
-35.938,-46.875,-0.045966
-35.938,-45.313,-0.15343
-35.938,-43.75,-0.18364
-35.938,-42.188,-0.15437
-35.938,-40.625,-0.1283
-35.938,-39.063,-0.037813
-35.938,-37.5,-0.05517
-35.938,-35.938,-0.0056872
-35.938,-34.375,-0.039062
-35.938,-32.813,0.04615
-35.938,-31.25,0.066301
-35.938,-29.688,0.011671
-35.938,-28.125,-0.015071
-35.938,-26.563,0.017995
-35.938,-25,-0.0049844
-35.938,-23.438,0.0042688
-35.938,-21.875,-0.020927
-35.938,-20.313,-0.062117
-35.938,-18.75,-0.093776
-35.938,-17.188,0.0050361
-35.938,-15.625,-0.017661
-35.938,-14.063,-0.008377
-35.938,-12.5,0.094116
-35.938,-10.938,0.10961
-35.938,-9.375,0.048478
-35.938,-7.8125,0.074089
-35.938,-6.25,0.16543
-35.938,-4.6875,0.19808
-35.938,-3.125,0.14891
-35.938,-1.5625,0.22537
-35.938,0,0.22528
-35.938,1.5625,0.1019
-35.938,3.125,0.067386
-35.938,4.6875,-0.029917
-35.938,6.25,-0.085747
-35.938,7.8125,-0.015228
-35.938,9.375,-0.013739
-35.938,10.938,-0.021828
-35.938,12.5,0.069069
-35.938,14.063,0.12554
-35.938,15.625,0.12978
-35.938,17.188,0.079494
-35.938,18.75,-0.037961
-35.938,20.313,0.041588
-35.938,21.875,-0.076726
-35.938,23.438,-0.10081
-35.938,25,-0.051076
-35.938,26.563,0.039208
-35.938,28.125,0.084288
-35.938,29.688,0.11747
-35.938,31.25,0.10769
-35.938,32.813,0.040976
-35.938,34.375,-0.045779
-35.938,35.938,-0.035026
-35.938,37.5,-0.076761
-35.938,39.063,-0.085616
-35.938,40.625,-0.080084
-35.938,42.188,0.019298
-35.938,43.75,-0.0033781
-35.938,45.313,0.11747
-35.938,46.875,0.14377
-35.938,48.438,0.038869
-35.938,50,0.0087308
-34.375,-48.438,0.01801
-34.375,-46.875,-0.066153
-34.375,-45.313,-0.15329
-34.375,-43.75,-0.16949
-34.375,-42.188,-0.27885
-34.375,-40.625,-0.25171
-34.375,-39.063,-0.10803
-34.375,-37.5,-0.05626
-34.375,-35.938,-0.034217
-34.375,-34.375,0.0057656
-34.375,-32.813,-0.052289
-34.375,-31.25,0.032676
-34.375,-29.688,-0.00068046
-34.375,-28.125,-0.029738
-34.375,-26.563,0.076821
-34.375,-25,0.14613
-34.375,-23.438,0.044259
-34.375,-21.875,0.02115
-34.375,-20.313,0.13362
-34.375,-18.75,0.19246
-34.375,-17.188,0.082377
-34.375,-15.625,-0.070285
-34.375,-14.063,-0.060202
-34.375,-12.5,-0.0858
-34.375,-10.938,0.023758
-34.375,-9.375,-0.034521
-34.375,-7.8125,0.0025907
-34.375,-6.25,0.11188
-34.375,-4.6875,0.10215
-34.375,-3.125,0.11475
-34.375,-1.5625,0.060686
-34.375,0,0.050084
-34.375,1.5625,0.032653
-34.375,3.125,0.030411
-34.375,4.6875,-0.074304
-34.375,6.25,-0.0062309
-34.375,7.8125,-0.02215
-34.375,9.375,-0.044246
-34.375,10.938,0.041843
-34.375,12.5,0.058198
-34.375,14.063,0.041435
-34.375,15.625,0.08191
-34.375,17.188,0.033769
-34.375,18.75,-0.03691
-34.375,20.313,-0.13943
-34.375,21.875,-0.23717
-34.375,23.438,-0.26553
-34.375,25,-0.1708
-34.375,26.563,-0.11009
-34.375,28.125,-0.046445
-34.375,29.688,-0.070331
-34.375,31.25,-0.098706
-34.375,32.813,-0.14799
-34.375,34.375,-0.11962
-34.375,35.938,-0.10468
-34.375,37.5,0.016348
-34.375,39.063,0.030704
-34.375,40.625,-0.027247
-34.375,42.188,0.007814
-34.375,43.75,-0.018339
-34.375,45.313,0.0090294
-34.375,46.875,-0.051752
-34.375,48.438,-0.050981
-34.375,50,-0.049395
-32.813,-48.438,-0.010556
-32.813,-46.875,-0.037637
-32.813,-45.313,-0.076807
-32.813,-43.75,-0.071082
-32.813,-42.188,-0.18824
-32.813,-40.625,-0.30043
-32.813,-39.063,-0.24875
-32.813,-37.5,-0.031222
-32.813,-35.938,0.020122
-32.813,-34.375,0.070177
-32.813,-32.813,0.0017401
-32.813,-31.25,-0.0023427
-32.813,-29.688,0.13941
-32.813,-28.125,0.22386
-32.813,-26.563,0.28274
-32.813,-25,0.25927
-32.813,-23.438,0.20487
-32.813,-21.875,0.18816
-32.813,-20.313,0.22749
-32.813,-18.75,0.18758
-32.813,-17.188,0.05503
-32.813,-15.625,0.0031641
-32.813,-14.063,-0.083337
-32.813,-12.5,-0.063071
-32.813,-10.938,-0.15032
-32.813,-9.375,-0.23775
-32.813,-7.8125,-0.079365
-32.813,-6.25,-0.01482
-32.813,-4.6875,-0.045454
-32.813,-3.125,-0.055988
-32.813,-1.5625,-0.043586
-32.813,0,-0.05161
-32.813,1.5625,-0.091277
-32.813,3.125,-0.059858
-32.813,4.6875,-0.0031473
-32.813,6.25,0.069507
-32.813,7.8125,0.12626
-32.813,9.375,0.09839
-32.813,10.938,0.06414
-32.813,12.5,-0.046403
-32.813,14.063,-0.081485
-32.813,15.625,-0.063727
-32.813,17.188,-0.068204
-32.813,18.75,-0.10067
-32.813,20.313,-0.19378
-32.813,21.875,-0.30005
-32.813,23.438,-0.35559
-32.813,25,-0.33585
-32.813,26.563,-0.27989
-32.813,28.125,-0.32738
-32.813,29.688,-0.28456
-32.813,31.25,-0.24697
-32.813,32.813,-0.25403
-32.813,34.375,-0.20273
-32.813,35.938,-0.08413
-32.813,37.5,0.078273
-32.813,39.063,0.10004
-32.813,40.625,0.091328
-32.813,42.188,0.10093
-32.813,43.75,0.070439
-32.813,45.313,0.063086
-32.813,46.875,0.063926
-32.813,48.438,0.0080231
-32.813,50,-0.012609
-31.25,-48.438,-0.098595
-31.25,-46.875,-0.090569
-31.25,-45.313,0.04253
-31.25,-43.75,0.037925
-31.25,-42.188,-0.1019
-31.25,-40.625,-0.22041
-31.25,-39.063,-0.15431
-31.25,-37.5,-0.033723
-31.25,-35.938,0.10007
-31.25,-34.375,0.18322
-31.25,-32.813,0.20899
-31.25,-31.25,0.13719
-31.25,-29.688,0.2204
-31.25,-28.125,0.28487
-31.25,-26.563,0.33179
-31.25,-25,0.32252
-31.25,-23.438,0.30886
-31.25,-21.875,0.23506
-31.25,-20.313,0.1247
-31.25,-18.75,0.064614
-31.25,-17.188,0.053599
-31.25,-15.625,0.059448
-31.25,-14.063,0.019262
-31.25,-12.5,-0.064644
-31.25,-10.938,-0.13737
-31.25,-9.375,-0.16651
-31.25,-7.8125,-0.097604
-31.25,-6.25,0.021061
-31.25,-4.6875,0.10247
-31.25,-3.125,0.030371
-31.25,-1.5625,0.011406
-31.25,0,-0.0093302
-31.25,1.5625,0.045776
-31.25,3.125,0.14544
-31.25,4.6875,0.14991
-31.25,6.25,0.19197
-31.25,7.8125,0.22262
-31.25,9.375,0.16755
-31.25,10.938,0.060329
-31.25,12.5,0.036568
-31.25,14.063,0.056802
-31.25,15.625,0.027853
-31.25,17.188,-0.025187
-31.25,18.75,-0.041674
-31.25,20.313,-0.095412
-31.25,21.875,-0.13814
-31.25,23.438,-0.20171
-31.25,25,-0.30264
-31.25,26.563,-0.33859
-31.25,28.125,-0.41249
-31.25,29.688,-0.38564
-31.25,31.25,-0.39478
-31.25,32.813,-0.35796
-31.25,34.375,-0.21198
-31.25,35.938,-0.066181
-31.25,37.5,0.11405
-31.25,39.063,0.10203
-31.25,40.625,0.17592
-31.25,42.188,0.12361
-31.25,43.75,0.093196
-31.25,45.313,0.14354
-31.25,46.875,0.1391
-31.25,48.438,0.04943
-31.25,50,-0.031579
-29.688,-48.438,-0.11679
-29.688,-46.875,-0.12494
-29.688,-45.313,-0.054388
-29.688,-43.75,-0.018115
-29.688,-42.188,0.014694
-29.688,-40.625,-0.0074549
-29.688,-39.063,-0.011437
-29.688,-37.5,0.047114
-29.688,-35.938,0.066266
-29.688,-34.375,0.11647
-29.688,-32.813,0.19682
-29.688,-31.25,0.15775
-29.688,-29.688,0.20475
-29.688,-28.125,0.22812
-29.688,-26.563,0.26628
-29.688,-25,0.2427
-29.688,-23.438,0.15703
-29.688,-21.875,0.078619
-29.688,-20.313,0.024411
-29.688,-18.75,-0.01276
-29.688,-17.188,0.10512
-29.688,-15.625,0.10472
-29.688,-14.063,0.010826
-29.688,-12.5,-0.10396
-29.688,-10.938,-0.20412
-29.688,-9.375,-0.15038
-29.688,-7.8125,-0.036873
-29.688,-6.25,0.076523
-29.688,-4.6875,0.13649
-29.688,-3.125,0.16369
-29.688,-1.5625,0.19965
-29.688,0,0.1993
-29.688,1.5625,0.2909
-29.688,3.125,0.36654
-29.688,4.6875,0.35969
-29.688,6.25,0.36755
-29.688,7.8125,0.27872
-29.688,9.375,0.13468
-29.688,10.938,0.09389
-29.688,12.5,0.13691
-29.688,14.063,0.051206
-29.688,15.625,-0.044378
-29.688,17.188,-0.013848
-29.688,18.75,0.0108
-29.688,20.313,-0.0046629
-29.688,21.875,-0.0055119
-29.688,23.438,0.078232
-29.688,25,-0.036748
-29.688,26.563,-0.11427
-29.688,28.125,-0.26251
-29.688,29.688,-0.41545
-29.688,31.25,-0.4155
-29.688,32.813,-0.24152
-29.688,34.375,-0.097013
-29.688,35.938,0.066636
-29.688,37.5,0.17309
-29.688,39.063,0.10092
-29.688,40.625,0.027027
-29.688,42.188,0.059891
-29.688,43.75,-0.015433
-29.688,45.313,-0.0268
-29.688,46.875,0.026453
-29.688,48.438,-0.074931
-29.688,50,-0.13736
-28.125,-48.438,-0.037856
-28.125,-46.875,-0.069261
-28.125,-45.313,-0.11151
-28.125,-43.75,-0.14249
-28.125,-42.188,-0.076037
-28.125,-40.625,0.01461
-28.125,-39.063,0.049702
-28.125,-37.5,0.019309
-28.125,-35.938,0.051022
-28.125,-34.375,0.015673
-28.125,-32.813,-0.0030052
-28.125,-31.25,0.051279
-28.125,-29.688,0.053633
-28.125,-28.125,0.11565
-28.125,-26.563,0.049521
-28.125,-25,-0.025434
-28.125,-23.438,-0.012039
-28.125,-21.875,-0.044161
-28.125,-20.313,-0.095446
-28.125,-18.75,-0.14615
-28.125,-17.188,-0.06597
-28.125,-15.625,-0.023993
-28.125,-14.063,-0.031529
-28.125,-12.5,-0.031563
-28.125,-10.938,-0.067248
-28.125,-9.375,-0.061594
-28.125,-7.8125,0.01835
-28.125,-6.25,0.20155
-28.125,-4.6875,0.22266
-28.125,-3.125,0.283
-28.125,-1.5625,0.29324
-28.125,0,0.31963
-28.125,1.5625,0.32135
-28.125,3.125,0.2874
-28.125,4.6875,0.41918
-28.125,6.25,0.41165
-28.125,7.8125,0.36233
-28.125,9.375,0.25371
-28.125,10.938,0.26738
-28.125,12.5,0.33297
-28.125,14.063,0.17447
-28.125,15.625,0.098772
-28.125,17.188,0.057544
-28.125,18.75,0.11922
-28.125,20.313,0.13833
-28.125,21.875,0.11756
-28.125,23.438,0.14263
-28.125,25,0.10364
-28.125,26.563,0.076537
-28.125,28.125,-0.057829
-28.125,29.688,-0.19561
-28.125,31.25,-0.19301
-28.125,32.813,-0.14352
-28.125,34.375,-0.042321
-28.125,35.938,-0.067415
-28.125,37.5,-0.10315
-28.125,39.063,-0.01432
-28.125,40.625,0.030668
-28.125,42.188,0.013582
-28.125,43.75,-0.002412
-28.125,45.313,-0.08453
-28.125,46.875,-0.06144
-28.125,48.438,-0.12088
-28.125,50,-0.15869
-26.563,-48.438,-0.031461
-26.563,-46.875,-0.05466
-26.563,-45.313,-0.17113
-26.563,-43.75,-0.17495
-26.563,-42.188,-0.17829
-26.563,-40.625,-0.10051
-26.563,-39.063,-0.045098
-26.563,-37.5,-0.058417
-26.563,-35.938,-0.058774
-26.563,-34.375,-0.11992
-26.563,-32.813,-0.1023
-26.563,-31.25,0.031418
-26.563,-29.688,0.046627
-26.563,-28.125,-0.01179
-26.563,-26.563,-0.074225
-26.563,-25,-0.05158
-26.563,-23.438,-0.047069
-26.563,-21.875,-0.10461
-26.563,-20.313,-0.1589
-26.563,-18.75,-0.14561
-26.563,-17.188,-0.12826
-26.563,-15.625,-0.068348
-26.563,-14.063,-0.025421
-26.563,-12.5,0.037351
-26.563,-10.938,0.035975
-26.563,-9.375,0.052199
-26.563,-7.8125,0.1613
-26.563,-6.25,0.16648
-26.563,-4.6875,0.24349
-26.563,-3.125,0.36789
-26.563,-1.5625,0.36963
-26.563,0,0.19409
-26.563,1.5625,0.11339
-26.563,3.125,0.19582
-26.563,4.6875,0.2081
-26.563,6.25,0.14857
-26.563,7.8125,0.24013
-26.563,9.375,0.36916
-26.563,10.938,0.39587
-26.563,12.5,0.3459
-26.563,14.063,0.18828
-26.563,15.625,0.20591
-26.563,17.188,0.18297
-26.563,18.75,0.1844
-26.563,20.313,0.11717
-26.563,21.875,0.13741
-26.563,23.438,0.11611
-26.563,25,0.11517
-26.563,26.563,0.10775
-26.563,28.125,0.034902
-26.563,29.688,0.040025
-26.563,31.25,0.0039328
-26.563,32.813,-0.01844
-26.563,34.375,0.052041
-26.563,35.938,-0.031545
-26.563,37.5,-0.11027
-26.563,39.063,-0.0093345
-26.563,40.625,0.017473
-26.563,42.188,-0.0078921
-26.563,43.75,-0.03785
-26.563,45.313,0.021463
-26.563,46.875,0.033775
-26.563,48.438,-0.05722
-26.563,50,-0.084052
-25,-48.438,-0.11025
-25,-46.875,-0.20529
-25,-45.313,-0.20178
-25,-43.75,-0.14809
-25,-42.188,-0.14629
-25,-40.625,-0.11163
-25,-39.063,-0.023946
-25,-37.5,0.039672
-25,-35.938,0.036934
-25,-34.375,0.040963
-25,-32.813,0.006309
-25,-31.25,-0.079623
-25,-29.688,-0.11381
-25,-28.125,-0.11169
-25,-26.563,-0.092515
-25,-25,-0.083295
-25,-23.438,-0.0025936
-25,-21.875,-0.046665
-25,-20.313,-0.13074
-25,-18.75,-0.11121
-25,-17.188,-0.040917
-25,-15.625,0.042551
-25,-14.063,0.028258
-25,-12.5,0.037026
-25,-10.938,0.056439
-25,-9.375,0.0096076
-25,-7.8125,0.08173
-25,-6.25,0.14479
-25,-4.6875,0.17723
-25,-3.125,0.16335
-25,-1.5625,0.077424
-25,0,-0.016085
-25,1.5625,-0.11056
-25,3.125,-0.093772
-25,4.6875,-0.074612
-25,6.25,-0.046906
-25,7.8125,0.13927
-25,9.375,0.19953
-25,10.938,0.30385
-25,12.5,0.28195
-25,14.063,0.15738
-25,15.625,0.1047
-25,17.188,0.053318
-25,18.75,-0.031334
-25,20.313,-0.083698
-25,21.875,-0.093021
-25,23.438,-0.067492
-25,25,-0.05743
-25,26.563,0.0052922
-25,28.125,0.057474
-25,29.688,0.12518
-25,31.25,0.17711
-25,32.813,0.025195
-25,34.375,-0.037757
-25,35.938,-0.050162
-25,37.5,-0.10745
-25,39.063,0.049961
-25,40.625,0.041092
-25,42.188,0.021052
-25,43.75,-0.01369
-25,45.313,-4.6401e-05
-25,46.875,0.0060803
-25,48.438,-0.03305
-25,50,-0.078192
-23.438,-48.438,-0.2849
-23.438,-46.875,-0.263
-23.438,-45.313,-0.12866
-23.438,-43.75,-0.040369
-23.438,-42.188,-0.00065905
-23.438,-40.625,0.032757
-23.438,-39.063,0.027132
-23.438,-37.5,-0.0059677
-23.438,-35.938,-0.058004
-23.438,-34.375,-0.056988
-23.438,-32.813,-0.025553
-23.438,-31.25,-0.11992
-23.438,-29.688,-0.13599
-23.438,-28.125,-0.077159
-23.438,-26.563,0.0026729
-23.438,-25,0.017338
-23.438,-23.438,-0.051232
-23.438,-21.875,0.0071752
-23.438,-20.313,0.071254
-23.438,-18.75,0.026266
-23.438,-17.188,0.001879
-23.438,-15.625,0.08742
-23.438,-14.063,0.10023
-23.438,-12.5,0.089338
-23.438,-10.938,0.11773
-23.438,-9.375,0.066666
-23.438,-7.8125,0.041381
-23.438,-6.25,-0.039751
-23.438,-4.6875,-0.025569
-23.438,-3.125,-0.10346
-23.438,-1.5625,-0.29087
-23.438,0,-0.2745
-23.438,1.5625,-0.20498
-23.438,3.125,-0.16749
-23.438,4.6875,-0.17008
-23.438,6.25,-0.13621
-23.438,7.8125,-0.034748
-23.438,9.375,-0.14147
-23.438,10.938,-0.094824
-23.438,12.5,-0.00076665
-23.438,14.063,0.08965
-23.438,15.625,0.063223
-23.438,17.188,-0.02764
-23.438,18.75,-0.10703
-23.438,20.313,-0.18449
-23.438,21.875,-0.23621
-23.438,23.438,-0.26714
-23.438,25,-0.1603
-23.438,26.563,-0.052491
-23.438,28.125,0.0075718
-23.438,29.688,-0.011007
-23.438,31.25,-0.014319
-23.438,32.813,0.062694
-23.438,34.375,0.15116
-23.438,35.938,0.12097
-23.438,37.5,0.15996
-23.438,39.063,0.20888
-23.438,40.625,0.13948
-23.438,42.188,0.0043882
-23.438,43.75,-0.046935
-23.438,45.313,-0.14485
-23.438,46.875,-0.19424
-23.438,48.438,-0.1708
-23.438,50,-0.23855
-21.875,-48.438,-0.18447
-21.875,-46.875,-0.070048
-21.875,-45.313,0.062694
-21.875,-43.75,-0.0027776
-21.875,-42.188,-0.02794
-21.875,-40.625,-0.023407
-21.875,-39.063,-0.0034135
-21.875,-37.5,-0.034097
-21.875,-35.938,-0.11194
-21.875,-34.375,-0.050017
-21.875,-32.813,0.0062766
-21.875,-31.25,-0.0071129
-21.875,-29.688,-0.0082398
-21.875,-28.125,-0.062514
-21.875,-26.563,-0.11121
-21.875,-25,-0.062601
-21.875,-23.438,-0.030796
-21.875,-21.875,0.13862
-21.875,-20.313,0.19119
-21.875,-18.75,0.11841
-21.875,-17.188,-0.023973
-21.875,-15.625,-0.027211
-21.875,-14.063,0.09768
-21.875,-12.5,0.14598
-21.875,-10.938,0.17202
-21.875,-9.375,0.088406
-21.875,-7.8125,0.074556
-21.875,-6.25,0.0096096
-21.875,-4.6875,-0.040716
-21.875,-3.125,-0.20478
-21.875,-1.5625,-0.17522
-21.875,0,-0.10797
-21.875,1.5625,-0.12517
-21.875,3.125,-0.2444
-21.875,4.6875,-0.26709
-21.875,6.25,-0.19994
-21.875,7.8125,-0.1379
-21.875,9.375,-0.16393
-21.875,10.938,-0.20683
-21.875,12.5,-0.10982
-21.875,14.063,0.083924
-21.875,15.625,0.059404
-21.875,17.188,-0.066875
-21.875,18.75,-0.14723
-21.875,20.313,-0.14036
-21.875,21.875,-0.20912
-21.875,23.438,-0.33332
-21.875,25,-0.28164
-21.875,26.563,-0.20735
-21.875,28.125,-0.21905
-21.875,29.688,-0.1534
-21.875,31.25,-0.13527
-21.875,32.813,-0.037782
-21.875,34.375,0.096208
-21.875,35.938,0.15549
-21.875,37.5,0.24643
-21.875,39.063,0.19517
-21.875,40.625,0.043799
-21.875,42.188,-0.085242
-21.875,43.75,-0.10113
-21.875,45.313,-0.22093
-21.875,46.875,-0.23228
-21.875,48.438,-0.24083
-21.875,50,-0.21583
-20.313,-48.438,0.087428
-20.313,-46.875,0.12639
-20.313,-45.313,0.22606
-20.313,-43.75,0.13542
-20.313,-42.188,0.068084
-20.313,-40.625,-0.031145
-20.313,-39.063,-0.083485
-20.313,-37.5,-0.1214
-20.313,-35.938,-0.119
-20.313,-34.375,0.019611
-20.313,-32.813,0.07019
-20.313,-31.25,0.037633
-20.313,-29.688,-0.043894
-20.313,-28.125,-0.15594
-20.313,-26.563,-0.14141
-20.313,-25,-0.017286
-20.313,-23.438,-0.0097893
-20.313,-21.875,0.076684
-20.313,-20.313,0.08634
-20.313,-18.75,-0.060287
-20.313,-17.188,-0.15647
-20.313,-15.625,-0.039938
-20.313,-14.063,0.10236
-20.313,-12.5,0.19411
-20.313,-10.938,0.18227
-20.313,-9.375,0.12589
-20.313,-7.8125,0.011375
-20.313,-6.25,-0.011334
-20.313,-4.6875,-0.067552
-20.313,-3.125,-0.084213
-20.313,-1.5625,-0.02889
-20.313,0,-0.022456
-20.313,1.5625,-0.10606
-20.313,3.125,-0.20878
-20.313,4.6875,-0.21947
-20.313,6.25,-0.18144
-20.313,7.8125,-0.063298
-20.313,9.375,-0.052417
-20.313,10.938,-0.0028307
-20.313,12.5,0.047672
-20.313,14.063,0.11193
-20.313,15.625,0.022179
-20.313,17.188,-0.041343
-20.313,18.75,-0.04345
-20.313,20.313,0.047137
-20.313,21.875,-0.018771
-20.313,23.438,-0.17786
-20.313,25,-0.20842
-20.313,26.563,-0.23011
-20.313,28.125,-0.14289
-20.313,29.688,-0.14181
-20.313,31.25,-0.11119
-20.313,32.813,-0.051864
-20.313,34.375,-0.041759
-20.313,35.938,0.073685
-20.313,37.5,0.14464
-20.313,39.063,0.069976
-20.313,40.625,0.035159
-20.313,42.188,-0.03229
-20.313,43.75,-0.0083711
-20.313,45.313,-0.028268
-20.313,46.875,-0.14009
-20.313,48.438,-0.036995
-20.313,50,0.03024
-18.75,-48.438,0.18245
-18.75,-46.875,0.12471
-18.75,-45.313,0.13178
-18.75,-43.75,0.06762
-18.75,-42.188,0.080196
-18.75,-40.625,-0.056162
-18.75,-39.063,-0.1427
-18.75,-37.5,-0.1216
-18.75,-35.938,0.0037077
-18.75,-34.375,0.092476
-18.75,-32.813,0.11543
-18.75,-31.25,-0.0098059
-18.75,-29.688,-0.078476
-18.75,-28.125,-0.1009
-18.75,-26.563,-0.16445
-18.75,-25,-0.05752
-18.75,-23.438,-0.07188
-18.75,-21.875,-0.053908
-18.75,-20.313,-0.10822
-18.75,-18.75,-0.1646
-18.75,-17.188,-0.096921
-18.75,-15.625,0.0016747
-18.75,-14.063,0.072434
-18.75,-12.5,0.031371
-18.75,-10.938,-0.026375
-18.75,-9.375,-0.072014
-18.75,-7.8125,-0.11945
-18.75,-6.25,-0.12
-18.75,-4.6875,-0.046481
-18.75,-3.125,0.072458
-18.75,-1.5625,0.11363
-18.75,0,0.08794
-18.75,1.5625,0.024254
-18.75,3.125,-0.019064
-18.75,4.6875,-0.028727
-18.75,6.25,-0.047946
-18.75,7.8125,-0.015675
-18.75,9.375,0.0099109
-18.75,10.938,0.022069
-18.75,12.5,0.18616
-18.75,14.063,0.29951
-18.75,15.625,0.15698
-18.75,17.188,0.18382
-18.75,18.75,0.2066
-18.75,20.313,0.23072
-18.75,21.875,0.24053
-18.75,23.438,0.12921
-18.75,25,0.041633
-18.75,26.563,0.11266
-18.75,28.125,0.096584
-18.75,29.688,0.067927
-18.75,31.25,0.082185
-18.75,32.813,0.019355
-18.75,34.375,0.02149
-18.75,35.938,0.047523
-18.75,37.5,0.042765
-18.75,39.063,0.011852
-18.75,40.625,0.028773
-18.75,42.188,0.077693
-18.75,43.75,0.14611
-18.75,45.313,0.17715
-18.75,46.875,0.097006
-18.75,48.438,0.037476
-18.75,50,0.16107
-17.188,-48.438,0.14535
-17.188,-46.875,0.095113
-17.188,-45.313,0.059895
-17.188,-43.75,-0.0034303
-17.188,-42.188,-0.019045
-17.188,-40.625,-0.079703
-17.188,-39.063,-0.10964
-17.188,-37.5,-0.11215
-17.188,-35.938,-0.02179
-17.188,-34.375,0.0048816
-17.188,-32.813,0.054369
-17.188,-31.25,-0.07346
-17.188,-29.688,-0.1368
-17.188,-28.125,-0.11403
-17.188,-26.563,-0.15982
-17.188,-25,-0.14451
-17.188,-23.438,-0.25662
-17.188,-21.875,-0.25804
-17.188,-20.313,-0.30603
-17.188,-18.75,-0.3303
-17.188,-17.188,-0.14728
-17.188,-15.625,-0.11314
-17.188,-14.063,-0.16009
-17.188,-12.5,-0.19719
-17.188,-10.938,-0.22709
-17.188,-9.375,-0.13264
-17.188,-7.8125,-0.1171
-17.188,-6.25,-0.071985
-17.188,-4.6875,0.057081
-17.188,-3.125,0.15729
-17.188,-1.5625,0.1896
-17.188,0,0.17524
-17.188,1.5625,0.15547
-17.188,3.125,0.15228
-17.188,4.6875,0.098333
-17.188,6.25,-0.015169
-17.188,7.8125,-0.019428
-17.188,9.375,0.079305
-17.188,10.938,0.13629
-17.188,12.5,0.22444
-17.188,14.063,0.30746
-17.188,15.625,0.24393
-17.188,17.188,0.21116
-17.188,18.75,0.30347
-17.188,20.313,0.39074
-17.188,21.875,0.46432
-17.188,23.438,0.5374
-17.188,25,0.54757
-17.188,26.563,0.39344
-17.188,28.125,0.1707
-17.188,29.688,0.10596
-17.188,31.25,0.091209
-17.188,32.813,0.10156
-17.188,34.375,0.092149
-17.188,35.938,0.012419
-17.188,37.5,0.016269
-17.188,39.063,0.020886
-17.188,40.625,0.041011
-17.188,42.188,0.083135
-17.188,43.75,0.087108
-17.188,45.313,0.15366
-17.188,46.875,0.26502
-17.188,48.438,0.21256
-17.188,50,0.22452
-15.625,-48.438,0.15303
-15.625,-46.875,0.1667
-15.625,-45.313,0.075467
-15.625,-43.75,-0.02585
-15.625,-42.188,-0.075969
-15.625,-40.625,-0.091622
-15.625,-39.063,-0.062341
-15.625,-37.5,-0.058841
-15.625,-35.938,-0.1535
-15.625,-34.375,-0.1611
-15.625,-32.813,-0.036338
-15.625,-31.25,-0.036731
-15.625,-29.688,-0.073976
-15.625,-28.125,-0.11872
-15.625,-26.563,-0.12565
-15.625,-25,-0.23518
-15.625,-23.438,-0.32063
-15.625,-21.875,-0.26008
-15.625,-20.313,-0.22181
-15.625,-18.75,-0.16279
-15.625,-17.188,-0.050051
-15.625,-15.625,-0.012233
-15.625,-14.063,-0.041054
-15.625,-12.5,-0.18537
-15.625,-10.938,-0.15626
-15.625,-9.375,-0.067349
-15.625,-7.8125,-0.025541
-15.625,-6.25,0.1601
-15.625,-4.6875,0.24805
-15.625,-3.125,0.23705
-15.625,-1.5625,0.11945
-15.625,0,0.16259
-15.625,1.5625,0.14653
-15.625,3.125,0.12406
-15.625,4.6875,0.064306
-15.625,6.25,0.017627
-15.625,7.8125,0.12441
-15.625,9.375,0.25025
-15.625,10.938,0.23968
-15.625,12.5,0.18986
-15.625,14.063,0.15163
-15.625,15.625,0.1956
-15.625,17.188,0.26916
-15.625,18.75,0.36459
-15.625,20.313,0.53974
-15.625,21.875,0.60175
-15.625,23.438,0.57347
-15.625,25,0.53228
-15.625,26.563,0.33941
-15.625,28.125,0.16314
-15.625,29.688,-0.0021595
-15.625,31.25,-0.04987
-15.625,32.813,0.031056
-15.625,34.375,0.072194
-15.625,35.938,0.10376
-15.625,37.5,0.087223
-15.625,39.063,0.085468
-15.625,40.625,0.071239
-15.625,42.188,0.1492
-15.625,43.75,0.12317
-15.625,45.313,0.16196
-15.625,46.875,0.28632
-15.625,48.438,0.19316
-15.625,50,0.12873
-14.063,-48.438,0.054471
-14.063,-46.875,0.089199
-14.063,-45.313,0.029872
-14.063,-43.75,0.035246
-14.063,-42.188,0.0081373
-14.063,-40.625,-0.065407
-14.063,-39.063,-0.043579
-14.063,-37.5,-0.053438
-14.063,-35.938,0.014034
-14.063,-34.375,-0.039746
-14.063,-32.813,0.0068509
-14.063,-31.25,0.02698
-14.063,-29.688,-0.018346
-14.063,-28.125,-0.0098275
-14.063,-26.563,0.044718
-14.063,-25,-0.067306
-14.063,-23.438,-0.037629
-14.063,-21.875,-0.067502
-14.063,-20.313,-0.015635
-14.063,-18.75,-0.036679
-14.063,-17.188,-0.011414
-14.063,-15.625,0.080451
-14.063,-14.063,0.087317
-14.063,-12.5,-0.038325
-14.063,-10.938,-0.0098338
-14.063,-9.375,0.0055062
-14.063,-7.8125,0.085258
-14.063,-6.25,0.14502
-14.063,-4.6875,0.096831
-14.063,-3.125,0.020872
-14.063,-1.5625,0.053192
-14.063,0,-0.0058682
-14.063,1.5625,-0.13203
-14.063,3.125,-0.079105
-14.063,4.6875,0.030136
-14.063,6.25,0.14951
-14.063,7.8125,0.17955
-14.063,9.375,0.21679
-14.063,10.938,0.20928
-14.063,12.5,0.18229
-14.063,14.063,0.13787
-14.063,15.625,0.16175
-14.063,17.188,0.27769
-14.063,18.75,0.4506
-14.063,20.313,0.37608
-14.063,21.875,0.36118
-14.063,23.438,0.33436
-14.063,25,0.19048
-14.063,26.563,0.15931
-14.063,28.125,0.087603
-14.063,29.688,0.029579
-14.063,31.25,0.0074195
-14.063,32.813,-0.044076
-14.063,34.375,-0.041596
-14.063,35.938,0.0012207
-14.063,37.5,-0.01281
-14.063,39.063,0.06446
-14.063,40.625,0.15085
-14.063,42.188,0.17277
-14.063,43.75,0.19324
-14.063,45.313,0.16537
-14.063,46.875,0.087744
-14.063,48.438,0.07696
-14.063,50,0.028786
-12.5,-48.438,0.021608
-12.5,-46.875,-0.054964
-12.5,-45.313,-0.089507
-12.5,-43.75,-0.081703
-12.5,-42.188,-0.10069
-12.5,-40.625,-0.18
-12.5,-39.063,-0.086854
-12.5,-37.5,0.019154
-12.5,-35.938,-0.0073767
-12.5,-34.375,-0.14993
-12.5,-32.813,-0.13015
-12.5,-31.25,-0.031549
-12.5,-29.688,-0.026496
-12.5,-28.125,0.019744
-12.5,-26.563,0.00012595
-12.5,-25,-0.0027551
-12.5,-23.438,0.015106
-12.5,-21.875,-0.0015774
-12.5,-20.313,0.013934
-12.5,-18.75,-0.013812
-12.5,-17.188,-0.017216
-12.5,-15.625,-0.022357
-12.5,-14.063,-0.022369
-12.5,-12.5,-0.07724
-12.5,-10.938,-0.080815
-12.5,-9.375,-0.051428
-12.5,-7.8125,0.0097368
-12.5,-6.25,-0.095076
-12.5,-4.6875,-0.18303
-12.5,-3.125,-0.16301
-12.5,-1.5625,-0.04477
-12.5,0,0.066464
-12.5,1.5625,0.055478
-12.5,3.125,0.045645
-12.5,4.6875,0.069619
-12.5,6.25,0.14001
-12.5,7.8125,0.1935
-12.5,9.375,0.16315
-12.5,10.938,0.17101
-12.5,12.5,0.13112
-12.5,14.063,0.15466
-12.5,15.625,0.22047
-12.5,17.188,0.18231
-12.5,18.75,0.1628
-12.5,20.313,0.094403
-12.5,21.875,0.13285
-12.5,23.438,0.12354
-12.5,25,0.096439
-12.5,26.563,0.11875
-12.5,28.125,0.028563
-12.5,29.688,0.046019
-12.5,31.25,0.10982
-12.5,32.813,-0.056798
-12.5,34.375,-0.15046
-12.5,35.938,-0.073593
-12.5,37.5,0.031147
-12.5,39.063,0.15037
-12.5,40.625,0.21193
-12.5,42.188,0.22539
-12.5,43.75,0.23967
-12.5,45.313,0.19709
-12.5,46.875,0.10988
-12.5,48.438,0.088466
-12.5,50,0.08566
-10.938,-48.438,-0.065961
-10.938,-46.875,-0.1663
-10.938,-45.313,-0.15534
-10.938,-43.75,-0.16419
-10.938,-42.188,-0.19129
-10.938,-40.625,-0.18594
-10.938,-39.063,-0.14065
-10.938,-37.5,-0.10772
-10.938,-35.938,-0.20972
-10.938,-34.375,-0.22378
-10.938,-32.813,-0.17745
-10.938,-31.25,-0.074615
-10.938,-29.688,-0.012312
-10.938,-28.125,-0.0084536
-10.938,-26.563,-0.040312
-10.938,-25,-0.079727
-10.938,-23.438,-0.074114
-10.938,-21.875,-0.062526
-10.938,-20.313,-0.010481
-10.938,-18.75,0.0168
-10.938,-17.188,-0.12098
-10.938,-15.625,-0.19789
-10.938,-14.063,-0.22441
-10.938,-12.5,-0.19987
-10.938,-10.938,-0.13547
-10.938,-9.375,-0.055738
-10.938,-7.8125,0.0014146
-10.938,-6.25,-0.069681
-10.938,-4.6875,-0.1535
-10.938,-3.125,-0.070387
-10.938,-1.5625,0.079945
-10.938,0,0.2473
-10.938,1.5625,0.33918
-10.938,3.125,0.26838
-10.938,4.6875,0.12152
-10.938,6.25,0.026812
-10.938,7.8125,0.029576
-10.938,9.375,0.033328
-10.938,10.938,0.10587
-10.938,12.5,0.21158
-10.938,14.063,0.25757
-10.938,15.625,0.18619
-10.938,17.188,-0.0015629
-10.938,18.75,-0.10607
-10.938,20.313,-0.20377
-10.938,21.875,-0.10328
-10.938,23.438,0.019263
-10.938,25,0.071062
-10.938,26.563,0.1398
-10.938,28.125,0.14505
-10.938,29.688,0.17949
-10.938,31.25,0.10376
-10.938,32.813,-0.05722
-10.938,34.375,-0.11131
-10.938,35.938,-0.081974
-10.938,37.5,0.049513
-10.938,39.063,0.030807
-10.938,40.625,0.10514
-10.938,42.188,0.19193
-10.938,43.75,0.20857
-10.938,45.313,0.25569
-10.938,46.875,0.20473
-10.938,48.438,0.16423
-10.938,50,0.04489
-9.375,-48.438,-0.16581
-9.375,-46.875,-0.14986
-9.375,-45.313,-0.1863
-9.375,-43.75,-0.18242
-9.375,-42.188,-0.16028
-9.375,-40.625,-0.15983
-9.375,-39.063,-0.11761
-9.375,-37.5,-0.1207
-9.375,-35.938,-0.17468
-9.375,-34.375,-0.15282
-9.375,-32.813,-0.074662
-9.375,-31.25,-0.068217
-9.375,-29.688,0.03034
-9.375,-28.125,0.038377
-9.375,-26.563,-0.042317
-9.375,-25,-0.11198
-9.375,-23.438,-0.08324
-9.375,-21.875,-0.16973
-9.375,-20.313,-0.14089
-9.375,-18.75,-0.015501
-9.375,-17.188,-0.1638
-9.375,-15.625,-0.41738
-9.375,-14.063,-0.31331
-9.375,-12.5,-0.21644
-9.375,-10.938,-0.13025
-9.375,-9.375,-0.04214
-9.375,-7.8125,0.018974
-9.375,-6.25,-0.010858
-9.375,-4.6875,0.010154
-9.375,-3.125,0.038162
-9.375,-1.5625,0.12328
-9.375,0,0.1275
-9.375,1.5625,0.22767
-9.375,3.125,0.13478
-9.375,4.6875,0.02292
-9.375,6.25,0.038721
-9.375,7.8125,0.043555
-9.375,9.375,0.076605
-9.375,10.938,0.057627
-9.375,12.5,0.15762
-9.375,14.063,0.2048
-9.375,15.625,0.13713
-9.375,17.188,-0.058222
-9.375,18.75,-0.27205
-9.375,20.313,-0.45681
-9.375,21.875,-0.4258
-9.375,23.438,-0.19246
-9.375,25,-0.0076601
-9.375,26.563,0.097577
-9.375,28.125,0.15307
-9.375,29.688,0.16075
-9.375,31.25,0.075345
-9.375,32.813,0.017341
-9.375,34.375,-0.033946
-9.375,35.938,-0.0084969
-9.375,37.5,0.0026844
-9.375,39.063,-0.043113
-9.375,40.625,-0.064017
-9.375,42.188,0.089223
-9.375,43.75,0.12344
-9.375,45.313,0.11557
-9.375,46.875,0.071031
-9.375,48.438,-0.035808
-9.375,50,-0.10119
-7.8125,-48.438,-0.087448
-7.8125,-46.875,-0.087661
-7.8125,-45.313,-0.14135
-7.8125,-43.75,-0.11379
-7.8125,-42.188,-0.11581
-7.8125,-40.625,-0.073674
-7.8125,-39.063,0.017099
-7.8125,-37.5,0.013685
-7.8125,-35.938,0.0053307
-7.8125,-34.375,0.092818
-7.8125,-32.813,0.047576
-7.8125,-31.25,-0.056834
-7.8125,-29.688,-0.041
-7.8125,-28.125,-0.10696
-7.8125,-26.563,-0.14775
-7.8125,-25,-0.13883
-7.8125,-23.438,-0.10035
-7.8125,-21.875,-0.11776
-7.8125,-20.313,-0.15167
-7.8125,-18.75,-0.22054
-7.8125,-17.188,-0.32966
-7.8125,-15.625,-0.41806
-7.8125,-14.063,-0.32652
-7.8125,-12.5,-0.22127
-7.8125,-10.938,-0.17013
-7.8125,-9.375,-0.15386
-7.8125,-7.8125,-0.13835
-7.8125,-6.25,-0.088214
-7.8125,-4.6875,0.011035
-7.8125,-3.125,0.0023006
-7.8125,-1.5625,0.071482
-7.8125,0,0.050928
-7.8125,1.5625,0.0016121
-7.8125,3.125,-0.00098541
-7.8125,4.6875,-0.034101
-7.8125,6.25,-0.024066
-7.8125,7.8125,0.039097
-7.8125,9.375,0.060178
-7.8125,10.938,0.072372
-7.8125,12.5,0.066118
-7.8125,14.063,0.014897
-7.8125,15.625,0.030711
-7.8125,17.188,0.0070518
-7.8125,18.75,-0.19338
-7.8125,20.313,-0.30622
-7.8125,21.875,-0.26235
-7.8125,23.438,-0.17344
-7.8125,25,-0.10255
-7.8125,26.563,0.031635
-7.8125,28.125,0.11881
-7.8125,29.688,0.18327
-7.8125,31.25,0.24244
-7.8125,32.813,0.24773
-7.8125,34.375,0.12618
-7.8125,35.938,0.13754
-7.8125,37.5,0.15345
-7.8125,39.063,0.017764
-7.8125,40.625,-0.11749
-7.8125,42.188,0.0068476
-7.8125,43.75,0.063441
-7.8125,45.313,0.04824
-7.8125,46.875,-0.03185
-7.8125,48.438,-0.078744
-7.8125,50,-0.074519
-6.25,-48.438,-0.078737
-6.25,-46.875,-0.027989
-6.25,-45.313,0.051004
-6.25,-43.75,0.13867
-6.25,-42.188,0.17116
-6.25,-40.625,0.18634
-6.25,-39.063,0.2365
-6.25,-37.5,0.17557
-6.25,-35.938,0.15639
-6.25,-34.375,0.16231
-6.25,-32.813,-0.023203
-6.25,-31.25,-0.16381
-6.25,-29.688,-0.29055
-6.25,-28.125,-0.3411
-6.25,-26.563,-0.34102
-6.25,-25,-0.26209
-6.25,-23.438,-0.1341
-6.25,-21.875,-0.12743
-6.25,-20.313,-0.20984
-6.25,-18.75,-0.30093
-6.25,-17.188,-0.33936
-6.25,-15.625,-0.23429
-6.25,-14.063,-0.19494
-6.25,-12.5,-0.075187
-6.25,-10.938,-0.1893
-6.25,-9.375,-0.25764
-6.25,-7.8125,-0.27056
-6.25,-6.25,-0.20149
-6.25,-4.6875,-0.089283
-6.25,-3.125,-0.064423
-6.25,-1.5625,-0.059339
-6.25,0,-0.09598
-6.25,1.5625,-0.16063
-6.25,3.125,-0.11734
-6.25,4.6875,-0.090559
-6.25,6.25,-0.093977
-6.25,7.8125,-0.11603
-6.25,9.375,-0.081107
-6.25,10.938,0.025334
-6.25,12.5,0.11621
-6.25,14.063,0.050336
-6.25,15.625,0.037459
-6.25,17.188,0.046189
-6.25,18.75,-0.040336
-6.25,20.313,-0.063977
-6.25,21.875,-0.00027806
-6.25,23.438,0.043107
-6.25,25,0.051249
-6.25,26.563,0.089583
-6.25,28.125,0.13688
-6.25,29.688,0.12934
-6.25,31.25,0.20292
-6.25,32.813,0.2767
-6.25,34.375,0.29311
-6.25,35.938,0.30693
-6.25,37.5,0.35299
-6.25,39.063,0.26006
-6.25,40.625,0.055553
-6.25,42.188,-0.043184
-6.25,43.75,-0.051314
-6.25,45.313,-0.039526
-6.25,46.875,-0.084727
-6.25,48.438,-0.1169
-6.25,50,-0.087364
-4.6875,-48.438,0.063856
-4.6875,-46.875,0.15873
-4.6875,-45.313,0.20021
-4.6875,-43.75,0.26982
-4.6875,-42.188,0.37036
-4.6875,-40.625,0.36065
-4.6875,-39.063,0.29145
-4.6875,-37.5,0.19134
-4.6875,-35.938,0.15604
-4.6875,-34.375,0.15729
-4.6875,-32.813,0.12371
-4.6875,-31.25,-0.05735
-4.6875,-29.688,-0.28274
-4.6875,-28.125,-0.34493
-4.6875,-26.563,-0.24895
-4.6875,-25,-0.1968
-4.6875,-23.438,-0.25599
-4.6875,-21.875,-0.15997
-4.6875,-20.313,-0.16348
-4.6875,-18.75,-0.16062
-4.6875,-17.188,-0.16943
-4.6875,-15.625,-0.13692
-4.6875,-14.063,-0.11688
-4.6875,-12.5,-0.15666
-4.6875,-10.938,-0.18887
-4.6875,-9.375,-0.20661
-4.6875,-7.8125,-0.21012
-4.6875,-6.25,-0.19641
-4.6875,-4.6875,-0.15715
-4.6875,-3.125,-0.15216
-4.6875,-1.5625,-0.16987
-4.6875,0,-0.16735
-4.6875,1.5625,-0.050203
-4.6875,3.125,-0.015224
-4.6875,4.6875,-0.053441
-4.6875,6.25,-0.0031339
-4.6875,7.8125,-0.021258
-4.6875,9.375,0.073257
-4.6875,10.938,0.095343
-4.6875,12.5,0.11495
-4.6875,14.063,0.13901
-4.6875,15.625,0.1823
-4.6875,17.188,0.15439
-4.6875,18.75,0.12343
-4.6875,20.313,0.18519
-4.6875,21.875,0.12326
-4.6875,23.438,0.10147
-4.6875,25,0.069287
-4.6875,26.563,0.10073
-4.6875,28.125,0.18754
-4.6875,29.688,0.16082
-4.6875,31.25,0.22571
-4.6875,32.813,0.26143
-4.6875,34.375,0.21214
-4.6875,35.938,0.19935
-4.6875,37.5,0.16508
-4.6875,39.063,0.24042
-4.6875,40.625,0.13981
-4.6875,42.188,-0.0068572
-4.6875,43.75,-0.038292
-4.6875,45.313,-0.024986
-4.6875,46.875,-0.11865
-4.6875,48.438,-0.081589
-4.6875,50,0.014045
-3.125,-48.438,0.16369
-3.125,-46.875,0.18786
-3.125,-45.313,0.23395
-3.125,-43.75,0.20631
-3.125,-42.188,0.18117
-3.125,-40.625,0.18694
-3.125,-39.063,0.14393
-3.125,-37.5,0.06176
-3.125,-35.938,0.087754
-3.125,-34.375,0.096962
-3.125,-32.813,0.10809
-3.125,-31.25,0.042251
-3.125,-29.688,-0.13909
-3.125,-28.125,-0.26683
-3.125,-26.563,-0.2375
-3.125,-25,-0.22072
-3.125,-23.438,-0.27771
-3.125,-21.875,-0.2414
-3.125,-20.313,-0.14419
-3.125,-18.75,-0.029928
-3.125,-17.188,0.0215
-3.125,-15.625,-0.034815
-3.125,-14.063,-0.088732
-3.125,-12.5,-0.17477
-3.125,-10.938,-0.10706
-3.125,-9.375,-0.052879
-3.125,-7.8125,-0.06856
-3.125,-6.25,-0.072912
-3.125,-4.6875,-0.073031
-3.125,-3.125,-0.13548
-3.125,-1.5625,-0.20353
-3.125,0,-0.10751
-3.125,1.5625,-0.013509
-3.125,3.125,-0.004171
-3.125,4.6875,-0.047145
-3.125,6.25,-0.043022
-3.125,7.8125,-0.0043031
-3.125,9.375,0.0080255
-3.125,10.938,0.0022078
-3.125,12.5,-0.087781
-3.125,14.063,-0.048297
-3.125,15.625,0.077655
-3.125,17.188,0.18958
-3.125,18.75,0.27445
-3.125,20.313,0.26634
-3.125,21.875,0.092243
-3.125,23.438,0.14429
-3.125,25,0.19985
-3.125,26.563,0.2929
-3.125,28.125,0.22716
-3.125,29.688,0.20797
-3.125,31.25,0.30536
-3.125,32.813,0.28119
-3.125,34.375,0.20067
-3.125,35.938,0.15766
-3.125,37.5,0.11305
-3.125,39.063,0.10534
-3.125,40.625,0.15945
-3.125,42.188,0.029389
-3.125,43.75,-0.049043
-3.125,45.313,0.018212
-3.125,46.875,0.055819
-3.125,48.438,0.15648
-3.125,50,0.15672
-1.5625,-48.438,0.14175
-1.5625,-46.875,0.045879
-1.5625,-45.313,0.011878
-1.5625,-43.75,0.008056
-1.5625,-42.188,0.050462
-1.5625,-40.625,0.12772
-1.5625,-39.063,0.17819
-1.5625,-37.5,0.25061
-1.5625,-35.938,0.20129
-1.5625,-34.375,0.13831
-1.5625,-32.813,0.18077
-1.5625,-31.25,0.18168
-1.5625,-29.688,0.14781
-1.5625,-28.125,0.025348
-1.5625,-26.563,-0.17716
-1.5625,-25,-0.16257
-1.5625,-23.438,-0.14569
-1.5625,-21.875,-0.14879
-1.5625,-20.313,-0.070121
-1.5625,-18.75,-0.1229
-1.5625,-17.188,-0.079283
-1.5625,-15.625,-0.075796
-1.5625,-14.063,-0.034707
-1.5625,-12.5,-0.060838
-1.5625,-10.938,-0.042556
-1.5625,-9.375,-0.02621
-1.5625,-7.8125,-0.026003
-1.5625,-6.25,-0.041663
-1.5625,-4.6875,-0.14779
-1.5625,-3.125,-0.15871
-1.5625,-1.5625,-0.23278
-1.5625,0,-0.13453
-1.5625,1.5625,-0.06854
-1.5625,3.125,-0.032671
-1.5625,4.6875,0.0084023
-1.5625,6.25,-0.083871
-1.5625,7.8125,-0.090151
-1.5625,9.375,-0.0083131
-1.5625,10.938,-0.042588
-1.5625,12.5,-0.10815
-1.5625,14.063,-0.081083
-1.5625,15.625,0.028392
-1.5625,17.188,0.13305
-1.5625,18.75,0.29017
-1.5625,20.313,0.27796
-1.5625,21.875,0.20052
-1.5625,23.438,0.2327
-1.5625,25,0.32827
-1.5625,26.563,0.25093
-1.5625,28.125,0.18585
-1.5625,29.688,0.18945
-1.5625,31.25,0.24794
-1.5625,32.813,0.29918
-1.5625,34.375,0.24119
-1.5625,35.938,0.1079
-1.5625,37.5,0.031527
-1.5625,39.063,-0.0097055
-1.5625,40.625,0.007884
-1.5625,42.188,0.013073
-1.5625,43.75,-0.05372
-1.5625,45.313,0.053918
-1.5625,46.875,0.164
-1.5625,48.438,0.13895
-1.5625,50,0.1331
0,-48.438,-0.020819
0,-46.875,0.060203
0,-45.313,0.067988
0,-43.75,-0.035564
0,-42.188,0.014175
0,-40.625,-0.00081891
0,-39.063,0.14416
0,-37.5,0.23398
0,-35.938,0.20602
0,-34.375,0.10067
0,-32.813,0.10984
0,-31.25,0.10614
0,-29.688,0.14113
0,-28.125,0.22151
0,-26.563,0.12951
0,-25,-0.00091033
0,-23.438,-0.048135
0,-21.875,-0.079397
0,-20.313,-0.1419
0,-18.75,-0.15904
0,-17.188,-0.073459
0,-15.625,-0.023881
0,-14.063,-0.0069951
0,-12.5,-0.057507
0,-10.938,-0.082121
0,-9.375,-0.064073
0,-7.8125,-0.06011
0,-6.25,-0.059392
0,-4.6875,-0.12413
0,-3.125,-0.18389
0,-1.5625,-0.1123
0,0,-0.16269
0,1.5625,-0.1406
0,3.125,-0.033201
0,4.6875,-0.040834
0,6.25,0.0010138
0,7.8125,0.019712
0,9.375,-0.12078
0,10.938,-0.05108
0,12.5,0.055456
0,14.063,0.1084
0,15.625,0.13843
0,17.188,0.18718
0,18.75,0.23987
0,20.313,0.17304
0,21.875,0.11903
0,23.438,0.16009
0,25,0.1896
0,26.563,0.15465
0,28.125,0.17253
0,29.688,0.12736
0,31.25,0.12171
0,32.813,0.13422
0,34.375,0.079014
0,35.938,0.029284
0,37.5,-0.018327
0,39.063,-0.071296
0,40.625,-0.076491
0,42.188,-0.10866
0,43.75,-0.085727
0,45.313,-0.0030209
0,46.875,0.10815
0,48.438,0.089214
0,50,0.0426
1.5625,-48.438,0.01935
1.5625,-46.875,0.094946
1.5625,-45.313,0.022451
1.5625,-43.75,-0.052917
1.5625,-42.188,-0.039406
1.5625,-40.625,-0.068639
1.5625,-39.063,0.0087762
1.5625,-37.5,0.091476
1.5625,-35.938,0.063908
1.5625,-34.375,-0.013631
1.5625,-32.813,-0.1276
1.5625,-31.25,-0.069554
1.5625,-29.688,0.020414
1.5625,-28.125,-0.0019589
1.5625,-26.563,-0.031847
1.5625,-25,0.036221
1.5625,-23.438,0.019856
1.5625,-21.875,-0.068873
1.5625,-20.313,-0.05736
1.5625,-18.75,-0.080578
1.5625,-17.188,-0.011529
1.5625,-15.625,0.03694
1.5625,-14.063,-0.0091659
1.5625,-12.5,-0.013098
1.5625,-10.938,-0.032607
1.5625,-9.375,-0.11393
1.5625,-7.8125,-0.19623
1.5625,-6.25,-0.093738
1.5625,-4.6875,-0.0544
1.5625,-3.125,-0.020881
1.5625,-1.5625,0.08307
1.5625,0,0.042538
1.5625,1.5625,0.0026344
1.5625,3.125,0.067376
1.5625,4.6875,0.015183
1.5625,6.25,-0.066221
1.5625,7.8125,0.048876
1.5625,9.375,0.043965
1.5625,10.938,0.05649
1.5625,12.5,0.18547
1.5625,14.063,0.26917
1.5625,15.625,0.18462
1.5625,17.188,0.22451
1.5625,18.75,0.13754
1.5625,20.313,0.083494
1.5625,21.875,0.057937
1.5625,23.438,0.049811
1.5625,25,0.075098
1.5625,26.563,0.11955
1.5625,28.125,0.083668
1.5625,29.688,0.045925
1.5625,31.25,0.10756
1.5625,32.813,0.054545
1.5625,34.375,-0.018684
1.5625,35.938,-0.039501
1.5625,37.5,-0.13046
1.5625,39.063,-0.13625
1.5625,40.625,-0.12084
1.5625,42.188,-0.21066
1.5625,43.75,-0.15795
1.5625,45.313,-0.083551
1.5625,46.875,0.018634
1.5625,48.438,-0.011597
1.5625,50,-0.070914
3.125,-48.438,-0.021126
3.125,-46.875,-0.038551
3.125,-45.313,-0.077337
3.125,-43.75,0.033501
3.125,-42.188,-0.036544
3.125,-40.625,0.039405
3.125,-39.063,0.098448
3.125,-37.5,0.098605
3.125,-35.938,0.1501
3.125,-34.375,0.11461
3.125,-32.813,-0.042283
3.125,-31.25,-0.086458
3.125,-29.688,-0.088446
3.125,-28.125,-0.1283
3.125,-26.563,-0.11357
3.125,-25,-0.085576
3.125,-23.438,-0.078504
3.125,-21.875,-0.056283
3.125,-20.313,0.016684
3.125,-18.75,0.036542
3.125,-17.188,0.0494
3.125,-15.625,0.078895
3.125,-14.063,-0.015476
3.125,-12.5,0.012489
3.125,-10.938,0.094459
3.125,-9.375,0.047956
3.125,-7.8125,0.043253
3.125,-6.25,0.059118
3.125,-4.6875,0.025032
3.125,-3.125,0.047206
3.125,-1.5625,0.097654
3.125,0,0.1336
3.125,1.5625,0.092306
3.125,3.125,0.066243
3.125,4.6875,0.084214
3.125,6.25,0.11015
3.125,7.8125,0.15214
3.125,9.375,0.1497
3.125,10.938,0.19645
3.125,12.5,0.28552
3.125,14.063,0.34897
3.125,15.625,0.33574
3.125,17.188,0.33346
3.125,18.75,0.17648
3.125,20.313,0.094136
3.125,21.875,0.070374
3.125,23.438,0.022434
3.125,25,0.027115
3.125,26.563,0.030204
3.125,28.125,-0.0058281
3.125,29.688,-0.052761
3.125,31.25,0.040664
3.125,32.813,-0.0074091
3.125,34.375,-0.053477
3.125,35.938,-0.022196
3.125,37.5,0.031659
3.125,39.063,-0.0088194
3.125,40.625,-0.10568
3.125,42.188,-0.1285
3.125,43.75,-0.084493
3.125,45.313,-0.074873
3.125,46.875,-0.07134
3.125,48.438,-0.12876
3.125,50,-0.099596
4.6875,-48.438,-0.052129
4.6875,-46.875,0.072971
4.6875,-45.313,0.044459
4.6875,-43.75,0.0023729
4.6875,-42.188,0.072569
4.6875,-40.625,0.083157
4.6875,-39.063,0.087738
4.6875,-37.5,0.13329
4.6875,-35.938,0.12633
4.6875,-34.375,0.12454
4.6875,-32.813,0.18995
4.6875,-31.25,0.084714
4.6875,-29.688,-0.00046758
4.6875,-28.125,0.026244
4.6875,-26.563,0.07028
4.6875,-25,0.090203
4.6875,-23.438,0.029159
4.6875,-21.875,0.046261
4.6875,-20.313,0.024036
4.6875,-18.75,-0.032784
4.6875,-17.188,0.0071487
4.6875,-15.625,0.0087636
4.6875,-14.063,-0.01901
4.6875,-12.5,-0.0068758
4.6875,-10.938,0.091561
4.6875,-9.375,0.18665
4.6875,-7.8125,0.18707
4.6875,-6.25,0.17235
4.6875,-4.6875,0.14532
4.6875,-3.125,0.10419
4.6875,-1.5625,0.055952
4.6875,0,0.041023
4.6875,1.5625,0.030778
4.6875,3.125,0.063288
4.6875,4.6875,0.048544
4.6875,6.25,0.11431
4.6875,7.8125,0.15786
4.6875,9.375,0.22882
4.6875,10.938,0.32978
4.6875,12.5,0.35073
4.6875,14.063,0.37067
4.6875,15.625,0.34888
4.6875,17.188,0.20326
4.6875,18.75,-0.024769
4.6875,20.313,-0.05406
4.6875,21.875,-0.057256
4.6875,23.438,-0.031744
4.6875,25,0.087422
4.6875,26.563,0.089047
4.6875,28.125,0.064829
4.6875,29.688,0.026162
4.6875,31.25,0.064139
4.6875,32.813,0.15227
4.6875,34.375,0.087533
4.6875,35.938,0.023888
4.6875,37.5,0.013099
4.6875,39.063,-0.076939
4.6875,40.625,-0.12523
4.6875,42.188,0.00297
4.6875,43.75,-0.051046
4.6875,45.313,-0.073271
4.6875,46.875,-0.099384
4.6875,48.438,-0.19869
4.6875,50,-0.20688
6.25,-48.438,-0.014304
6.25,-46.875,0.012955
6.25,-45.313,0.032487
6.25,-43.75,0.076228
6.25,-42.188,0.14283
6.25,-40.625,0.17801
6.25,-39.063,0.14802
6.25,-37.5,0.063124
6.25,-35.938,0.052749
6.25,-34.375,0.12183
6.25,-32.813,0.13954
6.25,-31.25,0.20509
6.25,-29.688,0.21329
6.25,-28.125,0.059398
6.25,-26.563,-0.062643
6.25,-25,-0.069944
6.25,-23.438,-0.10046
6.25,-21.875,-0.047836
6.25,-20.313,-0.058471
6.25,-18.75,-0.13495
6.25,-17.188,-0.10317
6.25,-15.625,-0.074348
6.25,-14.063,0.0090102
6.25,-12.5,0.04034
6.25,-10.938,0.015552
6.25,-9.375,0.079903
6.25,-7.8125,0.10773
6.25,-6.25,0.10498
6.25,-4.6875,0.1642
6.25,-3.125,0.042989
6.25,-1.5625,-0.10213
6.25,0,-0.1924
6.25,1.5625,-0.11234
6.25,3.125,-0.018672
6.25,4.6875,-0.12458
6.25,6.25,-0.029527
6.25,7.8125,0.034172
6.25,9.375,0.16762
6.25,10.938,0.28471
6.25,12.5,0.28709
6.25,14.063,0.21353
6.25,15.625,0.14538
6.25,17.188,0.13251
6.25,18.75,-0.027249
6.25,20.313,-0.10194
6.25,21.875,-0.0071807
6.25,23.438,0.12657
6.25,25,0.21693
6.25,26.563,0.32198
6.25,28.125,0.22245
6.25,29.688,0.08525
6.25,31.25,0.17002
6.25,32.813,0.13255
6.25,34.375,0.098518
6.25,35.938,-0.0035104
6.25,37.5,-0.14679
6.25,39.063,-0.21072
6.25,40.625,-0.18471
6.25,42.188,-0.13915
6.25,43.75,-0.12946
6.25,45.313,-0.13389
6.25,46.875,-0.097224
6.25,48.438,-0.022863
6.25,50,0.013524
7.8125,-48.438,0.02717
7.8125,-46.875,0.049298
7.8125,-45.313,0.093641
7.8125,-43.75,0.13252
7.8125,-42.188,0.21269
7.8125,-40.625,0.2
7.8125,-39.063,0.068556
7.8125,-37.5,0.034174
7.8125,-35.938,0.027947
7.8125,-34.375,0.14656
7.8125,-32.813,0.18673
7.8125,-31.25,0.17956
7.8125,-29.688,0.12128
7.8125,-28.125,0.022845
7.8125,-26.563,-0.073875
7.8125,-25,-0.11355
7.8125,-23.438,-0.11999
7.8125,-21.875,-0.10884
7.8125,-20.313,-0.098134
7.8125,-18.75,-0.090623
7.8125,-17.188,-0.11865
7.8125,-15.625,-0.066342
7.8125,-14.063,-0.0095428
7.8125,-12.5,0.023556
7.8125,-10.938,0.0060001
7.8125,-9.375,-0.052417
7.8125,-7.8125,-0.051222
7.8125,-6.25,-0.012373
7.8125,-4.6875,0.063944
7.8125,-3.125,-0.046466
7.8125,-1.5625,-0.1444
7.8125,0,-0.13585
7.8125,1.5625,-0.15897
7.8125,3.125,-0.15856
7.8125,4.6875,-0.11003
7.8125,6.25,-0.0098999
7.8125,7.8125,0.023802
7.8125,9.375,0.055533
7.8125,10.938,0.034719
7.8125,12.5,-0.086074
7.8125,14.063,0.0011794
7.8125,15.625,0.042642
7.8125,17.188,0.058958
7.8125,18.75,0.090235
7.8125,20.313,0.056738
7.8125,21.875,0.060857
7.8125,23.438,0.10903
7.8125,25,0.16276
7.8125,26.563,0.16885
7.8125,28.125,0.182
7.8125,29.688,0.14047
7.8125,31.25,0.080664
7.8125,32.813,0.0054111
7.8125,34.375,-0.052016
7.8125,35.938,0.0066215
7.8125,37.5,0.0039725
7.8125,39.063,-0.05467
7.8125,40.625,-0.11226
7.8125,42.188,-0.031487
7.8125,43.75,-0.0082112
7.8125,45.313,-0.019201
7.8125,46.875,-0.010221
7.8125,48.438,0.065623
7.8125,50,0.059822
9.375,-48.438,0.023632
9.375,-46.875,0.010417
9.375,-45.313,0.18762
9.375,-43.75,0.127
9.375,-42.188,0.086387
9.375,-40.625,0.014787
9.375,-39.063,-0.022877
9.375,-37.5,-0.011197
9.375,-35.938,0.026942
9.375,-34.375,0.066259
9.375,-32.813,0.16411
9.375,-31.25,0.21141
9.375,-29.688,0.10978
9.375,-28.125,-0.017461
9.375,-26.563,-0.14293
9.375,-25,-0.1355
9.375,-23.438,-0.19919
9.375,-21.875,-0.20316
9.375,-20.313,-0.1453
9.375,-18.75,-0.034328
9.375,-17.188,-0.076475
9.375,-15.625,-0.17276
9.375,-14.063,-0.10129
9.375,-12.5,-0.03631
9.375,-10.938,-0.040366
9.375,-9.375,-0.11958
9.375,-7.8125,-0.1621
9.375,-6.25,-0.15249
9.375,-4.6875,-0.12133
9.375,-3.125,-0.12087
9.375,-1.5625,-0.090038
9.375,0,-0.090558
9.375,1.5625,-0.20655
9.375,3.125,-0.21454
9.375,4.6875,-0.073875
9.375,6.25,0.022027
9.375,7.8125,-0.075168
9.375,9.375,-0.06963
9.375,10.938,-0.099405
9.375,12.5,-0.10473
9.375,14.063,-0.045728
9.375,15.625,0.011371
9.375,17.188,0.025603
9.375,18.75,0.063071
9.375,20.313,0.1291
9.375,21.875,0.1296
9.375,23.438,0.047221
9.375,25,-0.0070532
9.375,26.563,0.0021882
9.375,28.125,0.099051
9.375,29.688,0.11353
9.375,31.25,0.089766
9.375,32.813,0.045117
9.375,34.375,0.073912
9.375,35.938,0.14232
9.375,37.5,0.18814
9.375,39.063,0.080373
9.375,40.625,-0.070654
9.375,42.188,-0.098578
9.375,43.75,0.053415
9.375,45.313,0.10329
9.375,46.875,0.18274
9.375,48.438,0.16319
9.375,50,0.13641
10.938,-48.438,0.20795
10.938,-46.875,0.085775
10.938,-45.313,-0.021215
10.938,-43.75,-0.10608
10.938,-42.188,-0.15484
10.938,-40.625,-0.1312
10.938,-39.063,0.011711
10.938,-37.5,0.05941
10.938,-35.938,0.016576
10.938,-34.375,0.010191
10.938,-32.813,-0.011715
10.938,-31.25,0.058618
10.938,-29.688,0.048634
10.938,-28.125,0.031019
10.938,-26.563,0.044802
10.938,-25,-0.058107
10.938,-23.438,-0.081356
10.938,-21.875,-0.065577
10.938,-20.313,-0.052544
10.938,-18.75,0.00049618
10.938,-17.188,-0.010756
10.938,-15.625,-0.14766
10.938,-14.063,-0.090161
10.938,-12.5,-0.055375
10.938,-10.938,-0.052949
10.938,-9.375,-0.14989
10.938,-7.8125,-0.23477
10.938,-6.25,-0.27703
10.938,-4.6875,-0.33858
10.938,-3.125,-0.16603
10.938,-1.5625,-0.044189
10.938,0,-0.057541
10.938,1.5625,-0.16152
10.938,3.125,-0.069032
10.938,4.6875,-0.0015092
10.938,6.25,0.020901
10.938,7.8125,0.013938
10.938,9.375,0.017979
10.938,10.938,-0.10764
10.938,12.5,-0.051094
10.938,14.063,-0.068812
10.938,15.625,-0.14811
10.938,17.188,-0.08434
10.938,18.75,0.033477
10.938,20.313,0.06868
10.938,21.875,0.046328
10.938,23.438,-0.073953
10.938,25,0.014231
10.938,26.563,0.070056
10.938,28.125,0.13437
10.938,29.688,0.23918
10.938,31.25,0.24627
10.938,32.813,0.16803
10.938,34.375,0.098243
10.938,35.938,0.15209
10.938,37.5,0.19167
10.938,39.063,0.15182
10.938,40.625,0.17199
10.938,42.188,0.1267
10.938,43.75,0.16028
10.938,45.313,0.19081
10.938,46.875,0.22063
10.938,48.438,0.26803
10.938,50,0.30114
12.5,-48.438,0.20808
12.5,-46.875,0.048347
12.5,-45.313,-0.13697
12.5,-43.75,-0.25801
12.5,-42.188,-0.33508
12.5,-40.625,-0.2978
12.5,-39.063,-0.18161
12.5,-37.5,-0.073198
12.5,-35.938,-0.083721
12.5,-34.375,-0.093398
12.5,-32.813,-0.093333
12.5,-31.25,-0.12291
12.5,-29.688,-0.050746
12.5,-28.125,0.0018786
12.5,-26.563,0.0028767
12.5,-25,-0.0091075
12.5,-23.438,0.0057619
12.5,-21.875,0.037011
12.5,-20.313,0.15465
12.5,-18.75,0.20221
12.5,-17.188,0.20156
12.5,-15.625,0.19408
12.5,-14.063,0.1432
12.5,-12.5,-0.031236
12.5,-10.938,-0.090032
12.5,-9.375,-0.10021
12.5,-7.8125,-0.18049
12.5,-6.25,-0.17387
12.5,-4.6875,-0.12645
12.5,-3.125,-0.0051694
12.5,-1.5625,0.028383
12.5,0,0.011956
12.5,1.5625,-0.0023003
12.5,3.125,-0.16836
12.5,4.6875,-0.1266
12.5,6.25,-0.025734
12.5,7.8125,0.11557
12.5,9.375,0.072298
12.5,10.938,-0.065407
12.5,12.5,0.024463
12.5,14.063,0.015966
12.5,15.625,-0.087785
12.5,17.188,-0.091438
12.5,18.75,0.0025088
12.5,20.313,0.037634
12.5,21.875,0.022905
12.5,23.438,0.069147
12.5,25,0.22432
12.5,26.563,0.28688
12.5,28.125,0.1775
12.5,29.688,0.17662
12.5,31.25,0.21713
12.5,32.813,0.20493
12.5,34.375,0.19096
12.5,35.938,0.15932
12.5,37.5,0.14653
12.5,39.063,0.24191
12.5,40.625,0.31715
12.5,42.188,0.19565
12.5,43.75,0.25888
12.5,45.313,0.22723
12.5,46.875,0.3121
12.5,48.438,0.38341
12.5,50,0.29375
14.063,-48.438,0.070355
14.063,-46.875,-0.032581
14.063,-45.313,-0.14498
14.063,-43.75,-0.22361
14.063,-42.188,-0.24467
14.063,-40.625,-0.27292
14.063,-39.063,-0.17728
14.063,-37.5,-0.11526
14.063,-35.938,-0.098707
14.063,-34.375,-0.07029
14.063,-32.813,-0.034516
14.063,-31.25,0.028987
14.063,-29.688,0.040163
14.063,-28.125,-0.051583
14.063,-26.563,-0.095697
14.063,-25,0.0085672
14.063,-23.438,0.11263
14.063,-21.875,0.13623
14.063,-20.313,0.21035
14.063,-18.75,0.1751
14.063,-17.188,0.16699
14.063,-15.625,0.12457
14.063,-14.063,0.034222
14.063,-12.5,-0.037039
14.063,-10.938,-0.015629
14.063,-9.375,0.0037656
14.063,-7.8125,-0.061115
14.063,-6.25,-0.017531
14.063,-4.6875,0.026487
14.063,-3.125,0.041316
14.063,-1.5625,0.021459
14.063,0,0.063178
14.063,1.5625,0.013995
14.063,3.125,-0.09614
14.063,4.6875,-0.094592
14.063,6.25,-0.05066
14.063,7.8125,-0.030114
14.063,9.375,-0.042906
14.063,10.938,-0.032745
14.063,12.5,0.015488
14.063,14.063,0.0045772
14.063,15.625,0.028297
14.063,17.188,0.056057
14.063,18.75,0.14517
14.063,20.313,0.18964
14.063,21.875,0.16786
14.063,23.438,0.11371
14.063,25,0.10417
14.063,26.563,0.11801
14.063,28.125,-0.0060542
14.063,29.688,-0.014527
14.063,31.25,0.046945
14.063,32.813,0.062552
14.063,34.375,0.10581
14.063,35.938,0.11818
14.063,37.5,0.17256
14.063,39.063,0.13373
14.063,40.625,0.12359
14.063,42.188,0.15918
14.063,43.75,0.060677
14.063,45.313,0.13576
14.063,46.875,0.22804
14.063,48.438,0.26548
14.063,50,0.22648
15.625,-48.438,-0.067367
15.625,-46.875,-0.055268
15.625,-45.313,-0.22656
15.625,-43.75,-0.16852
15.625,-42.188,-0.1452
15.625,-40.625,-0.21892
15.625,-39.063,-0.16667
15.625,-37.5,-0.098529
15.625,-35.938,-0.020317
15.625,-34.375,-0.068652
15.625,-32.813,-0.06664
15.625,-31.25,-0.061166
15.625,-29.688,-0.085757
15.625,-28.125,-0.078071
15.625,-26.563,-0.091947
15.625,-25,-0.03128
15.625,-23.438,0.080345
15.625,-21.875,0.024692
15.625,-20.313,-0.064666
15.625,-18.75,-0.043607
15.625,-17.188,-0.034075
15.625,-15.625,0.058986
15.625,-14.063,0.072082
15.625,-12.5,0.084902
15.625,-10.938,0.10239
15.625,-9.375,0.012078
15.625,-7.8125,0.0081785
15.625,-6.25,0.099069
15.625,-4.6875,0.09726
15.625,-3.125,0.051653
15.625,-1.5625,0.12986
15.625,0,0.17342
15.625,1.5625,0.102
15.625,3.125,0.014144
15.625,4.6875,-0.029802
15.625,6.25,-0.077883
15.625,7.8125,-0.13019
15.625,9.375,-0.09349
15.625,10.938,-0.086453
15.625,12.5,-0.033847
15.625,14.063,-0.067438
15.625,15.625,-0.033208
15.625,17.188,0.035078
15.625,18.75,-0.018607
15.625,20.313,0.026496
15.625,21.875,-0.012726
15.625,23.438,-0.11061
15.625,25,-0.16199
15.625,26.563,-0.091782
15.625,28.125,-0.045273
15.625,29.688,-0.042847
15.625,31.25,-0.0018116
15.625,32.813,0.12813
15.625,34.375,0.13549
15.625,35.938,0.061732
15.625,37.5,0.12612
15.625,39.063,0.16878
15.625,40.625,0.11832
15.625,42.188,0.10737
15.625,43.75,0.1055
15.625,45.313,0.074742
15.625,46.875,-0.0040337
15.625,48.438,-0.084894
15.625,50,-0.13998
17.188,-48.438,-0.088109
17.188,-46.875,-0.033821
17.188,-45.313,-0.089436
17.188,-43.75,-0.0084383
17.188,-42.188,0.066211
17.188,-40.625,-0.01835
17.188,-39.063,-0.11771
17.188,-37.5,-0.10313
17.188,-35.938,-0.02986
17.188,-34.375,-0.042466
17.188,-32.813,-0.055867
17.188,-31.25,-0.061807
17.188,-29.688,-0.037507
17.188,-28.125,-0.056197
17.188,-26.563,-0.080264
17.188,-25,-0.10335
17.188,-23.438,-0.1179
17.188,-21.875,-0.14429
17.188,-20.313,-0.14431
17.188,-18.75,-0.10534
17.188,-17.188,-0.1646
17.188,-15.625,-0.18987
17.188,-14.063,-0.092997
17.188,-12.5,-0.039598
17.188,-10.938,-0.06653
17.188,-9.375,-0.078123
17.188,-7.8125,-0.016672
17.188,-6.25,0.0022971
17.188,-4.6875,0.039392
17.188,-3.125,0.11702
17.188,-1.5625,0.18104
17.188,0,0.18576
17.188,1.5625,0.12802
17.188,3.125,0.11324
17.188,4.6875,-0.049856
17.188,6.25,-0.17284
17.188,7.8125,-0.176
17.188,9.375,-0.1529
17.188,10.938,-0.12505
17.188,12.5,-0.075023
17.188,14.063,-0.08925
17.188,15.625,-0.084837
17.188,17.188,-0.001667
17.188,18.75,-0.15464
17.188,20.313,-0.19751
17.188,21.875,-0.16082
17.188,23.438,-0.11597
17.188,25,-0.14201
17.188,26.563,-0.094768
17.188,28.125,-0.054147
17.188,29.688,0.061416
17.188,31.25,0.10326
17.188,32.813,0.07385
17.188,34.375,0.014473
17.188,35.938,-0.064255
17.188,37.5,-0.018304
17.188,39.063,0.093762
17.188,40.625,0.053605
17.188,42.188,-0.019616
17.188,43.75,-0.040264
17.188,45.313,-0.018872
17.188,46.875,-0.035889
17.188,48.438,-0.11733
17.188,50,-0.15346
18.75,-48.438,0.1698
18.75,-46.875,0.28555
18.75,-45.313,0.24207
18.75,-43.75,0.2106
18.75,-42.188,0.14352
18.75,-40.625,0.089126
18.75,-39.063,0.091824
18.75,-37.5,0.057092
18.75,-35.938,0.063692
18.75,-34.375,0.028347
18.75,-32.813,0.025097
18.75,-31.25,0.055582
18.75,-29.688,0.035107
18.75,-28.125,-0.027757
18.75,-26.563,-0.065977
18.75,-25,-0.20918
18.75,-23.438,-0.27321
18.75,-21.875,-0.20281
18.75,-20.313,-0.22936
18.75,-18.75,-0.13263
18.75,-17.188,-0.19413
18.75,-15.625,-0.25353
18.75,-14.063,-0.21684
18.75,-12.5,-0.1691
18.75,-10.938,-0.02809
18.75,-9.375,0.07832
18.75,-7.8125,0.068811
18.75,-6.25,-0.0065678
18.75,-4.6875,-0.074322
18.75,-3.125,-0.10232
18.75,-1.5625,-0.071349
18.75,0,-0.11979
18.75,1.5625,-0.093612
18.75,3.125,-0.085046
18.75,4.6875,-0.23059
18.75,6.25,-0.30318
18.75,7.8125,-0.22343
18.75,9.375,-0.24435
18.75,10.938,-0.13693
18.75,12.5,-0.036028
18.75,14.063,-0.036159
18.75,15.625,-0.020134
18.75,17.188,-0.034285
18.75,18.75,-0.018944
18.75,20.313,-0.11728
18.75,21.875,-0.1599
18.75,23.438,-0.081287
18.75,25,0.087701
18.75,26.563,0.051945
18.75,28.125,-0.047795
18.75,29.688,-0.002118
18.75,31.25,-0.076524
18.75,32.813,-0.14984
18.75,34.375,-0.11102
18.75,35.938,-0.099969
18.75,37.5,-0.11872
18.75,39.063,-0.090393
18.75,40.625,-0.12424
18.75,42.188,-0.15578
18.75,43.75,-0.15773
18.75,45.313,-0.20279
18.75,46.875,-0.16212
18.75,48.438,-0.03239
18.75,50,0.088029
20.313,-48.438,0.22664
20.313,-46.875,0.31257
20.313,-45.313,0.34518
20.313,-43.75,0.1993
20.313,-42.188,0.099893
20.313,-40.625,0.15758
20.313,-39.063,0.18647
20.313,-37.5,0.061081
20.313,-35.938,0.079621
20.313,-34.375,-0.016056
20.313,-32.813,0.044929
20.313,-31.25,0.091947
20.313,-29.688,-0.031533
20.313,-28.125,-0.17395
20.313,-26.563,-0.20465
20.313,-25,-0.23739
20.313,-23.438,-0.23128
20.313,-21.875,-0.193
20.313,-20.313,-0.22636
20.313,-18.75,-0.27935
20.313,-17.188,-0.17811
20.313,-15.625,-0.1149
20.313,-14.063,-0.095924
20.313,-12.5,-0.0723
20.313,-10.938,0.027401
20.313,-9.375,0.068112
20.313,-7.8125,-0.034268
20.313,-6.25,-0.054522
20.313,-4.6875,-0.060774
20.313,-3.125,-0.14521
20.313,-1.5625,-0.31999
20.313,0,-0.39447
20.313,1.5625,-0.34151
20.313,3.125,-0.29045
20.313,4.6875,-0.3349
20.313,6.25,-0.34899
20.313,7.8125,-0.37158
20.313,9.375,-0.26867
20.313,10.938,-0.12335
20.313,12.5,-0.074039
20.313,14.063,-0.053798
20.313,15.625,-0.060961
20.313,17.188,0.042748
20.313,18.75,0.0075492
20.313,20.313,-0.084915
20.313,21.875,-0.097927
20.313,23.438,0.0017743
20.313,25,-0.062205
20.313,26.563,-0.049026
20.313,28.125,-0.045116
20.313,29.688,-0.03483
20.313,31.25,-0.040479
20.313,32.813,-0.16596
20.313,34.375,-0.21622
20.313,35.938,-0.12194
20.313,37.5,-0.16833
20.313,39.063,-0.23057
20.313,40.625,-0.29445
20.313,42.188,-0.27519
20.313,43.75,-0.2992
20.313,45.313,-0.2305
20.313,46.875,-0.081854
20.313,48.438,0.054114
20.313,50,0.098654
21.875,-48.438,0.18112
21.875,-46.875,0.18467
21.875,-45.313,0.15936
21.875,-43.75,0.060317
21.875,-42.188,0.018194
21.875,-40.625,-0.034517
21.875,-39.063,-0.0042912
21.875,-37.5,0.1103
21.875,-35.938,0.070698
21.875,-34.375,-0.080679
21.875,-32.813,-0.047155
21.875,-31.25,-0.0010988
21.875,-29.688,-0.084966
21.875,-28.125,-0.12857
21.875,-26.563,-0.1948
21.875,-25,-0.21215
21.875,-23.438,-0.15536
21.875,-21.875,-0.083477
21.875,-20.313,-0.13336
21.875,-18.75,-0.15109
21.875,-17.188,-0.039972
21.875,-15.625,-0.035368
21.875,-14.063,0.029585
21.875,-12.5,0.03341
21.875,-10.938,-0.036249
21.875,-9.375,-0.062607
21.875,-7.8125,-0.10999
21.875,-6.25,-0.15074
21.875,-4.6875,-0.24456
21.875,-3.125,-0.23417
21.875,-1.5625,-0.35706
21.875,0,-0.39752
21.875,1.5625,-0.4305
21.875,3.125,-0.37937
21.875,4.6875,-0.42196
21.875,6.25,-0.36475
21.875,7.8125,-0.25078
21.875,9.375,-0.087552
21.875,10.938,-0.058358
21.875,12.5,-0.014696
21.875,14.063,-0.04281
21.875,15.625,0.037654
21.875,17.188,0.17803
21.875,18.75,0.068066
21.875,20.313,-0.034422
21.875,21.875,0.072917
21.875,23.438,0.070442
21.875,25,-0.092075
21.875,26.563,-0.054242
21.875,28.125,-0.069295
21.875,29.688,-0.078124
21.875,31.25,0.0057534
21.875,32.813,-0.026172
21.875,34.375,-0.10653
21.875,35.938,-0.23027
21.875,37.5,-0.2825
21.875,39.063,-0.37929
21.875,40.625,-0.31502
21.875,42.188,-0.23452
21.875,43.75,-0.2434
21.875,45.313,-0.16561
21.875,46.875,-0.073886
21.875,48.438,0.033581
21.875,50,0.016703
23.438,-48.438,0.16449
23.438,-46.875,0.032975
23.438,-45.313,0.03417
23.438,-43.75,0.036568
23.438,-42.188,-0.070934
23.438,-40.625,-0.1336
23.438,-39.063,-0.19367
23.438,-37.5,-0.168
23.438,-35.938,-0.11229
23.438,-34.375,-0.014648
23.438,-32.813,-0.036261
23.438,-31.25,-0.05036
23.438,-29.688,0.025236
23.438,-28.125,-0.060399
23.438,-26.563,-0.03477
23.438,-25,0.047547
23.438,-23.438,0.035883
23.438,-21.875,-0.012253
23.438,-20.313,0.011886
23.438,-18.75,-0.057153
23.438,-17.188,0.0096941
23.438,-15.625,0.0019692
23.438,-14.063,0.12989
23.438,-12.5,0.063773
23.438,-10.938,0.0080901
23.438,-9.375,-0.060131
23.438,-7.8125,-0.18422
23.438,-6.25,-0.27539
23.438,-4.6875,-0.34276
23.438,-3.125,-0.33516
23.438,-1.5625,-0.36412
23.438,0,-0.29187
23.438,1.5625,-0.32316
23.438,3.125,-0.34517
23.438,4.6875,-0.2471
23.438,6.25,-0.18914
23.438,7.8125,-0.086777
23.438,9.375,-0.0011674
23.438,10.938,0.080643
23.438,12.5,0.14579
23.438,14.063,0.14944
23.438,15.625,0.17002
23.438,17.188,0.10966
23.438,18.75,0.063996
23.438,20.313,0.079567
23.438,21.875,0.00083224
23.438,23.438,-0.032023
23.438,25,-0.012662
23.438,26.563,0.05726
23.438,28.125,-0.076043
23.438,29.688,-0.12149
23.438,31.25,-0.016859
23.438,32.813,0.08048
23.438,34.375,-0.042521
23.438,35.938,-0.249
23.438,37.5,-0.30936
23.438,39.063,-0.2801
23.438,40.625,-0.18179
23.438,42.188,-0.14329
23.438,43.75,-0.15739
23.438,45.313,-0.19008
23.438,46.875,-0.10472
23.438,48.438,0.022865
23.438,50,0.11211
25,-48.438,0.0053078
25,-46.875,-0.089232
25,-45.313,-0.082275
25,-43.75,-0.083415
25,-42.188,-0.019074
25,-40.625,-0.032583
25,-39.063,-0.15576
25,-37.5,-0.27834
25,-35.938,-0.15212
25,-34.375,-0.050733
25,-32.813,-0.050666
25,-31.25,-0.0089858
25,-29.688,0.051602
25,-28.125,0.0078774
25,-26.563,0.066737
25,-25,0.13767
25,-23.438,0.070983
25,-21.875,0.03267
25,-20.313,0.034188
25,-18.75,0.019896
25,-17.188,8.4786e-06
25,-15.625,0.084092
25,-14.063,0.085716
25,-12.5,-0.0024247
25,-10.938,-0.12895
25,-9.375,-0.19116
25,-7.8125,-0.29042
25,-6.25,-0.21632
25,-4.6875,-0.21521
25,-3.125,-0.22138
25,-1.5625,-0.18004
25,0,-0.16253
25,1.5625,-0.19268
25,3.125,-0.19851
25,4.6875,-0.095
25,6.25,-0.054111
25,7.8125,-0.065388
25,9.375,0.04456
25,10.938,0.14992
25,12.5,0.13642
25,14.063,0.093836
25,15.625,0.062575
25,17.188,-0.062606
25,18.75,-0.011638
25,20.313,0.061826
25,21.875,0.011429
25,23.438,0.026923
25,25,0.11919
25,26.563,0.10289
25,28.125,-0.0006586
25,29.688,-0.02488
25,31.25,0.038233
25,32.813,0.087373
25,34.375,0.075239
25,35.938,-0.12302
25,37.5,-0.19198
25,39.063,-0.154
25,40.625,-0.16668
25,42.188,-0.089056
25,43.75,-0.073872
25,45.313,-0.12808
25,46.875,-0.071266
25,48.438,-0.0064534
25,50,0.040425
26.563,-48.438,-0.14233
26.563,-46.875,-0.15879
26.563,-45.313,-0.18718
26.563,-43.75,-0.1415
26.563,-42.188,-0.11521
26.563,-40.625,-0.026603
26.563,-39.063,-0.050034
26.563,-37.5,-0.11919
26.563,-35.938,-0.098356
26.563,-34.375,-0.10309
26.563,-32.813,-0.031078
26.563,-31.25,-0.0066329
26.563,-29.688,0.038542
26.563,-28.125,0.14659
26.563,-26.563,0.1833
26.563,-25,0.12496
26.563,-23.438,0.091708
26.563,-21.875,0.12392
26.563,-20.313,0.21472
26.563,-18.75,0.090931
26.563,-17.188,-0.070881
26.563,-15.625,-0.15939
26.563,-14.063,-0.17222
26.563,-12.5,-0.10047
26.563,-10.938,-0.13564
26.563,-9.375,-0.15974
26.563,-7.8125,-0.088588
26.563,-6.25,-0.00029828
26.563,-4.6875,-0.056682
26.563,-3.125,-0.039233
26.563,-1.5625,-0.075682
26.563,0,-0.30155
26.563,1.5625,-0.26287
26.563,3.125,-0.12335
26.563,4.6875,-0.023771
26.563,6.25,-0.11719
26.563,7.8125,-0.20325
26.563,9.375,-0.12898
26.563,10.938,-0.084447
26.563,12.5,-0.14201
26.563,14.063,-0.11633
26.563,15.625,-0.15096
26.563,17.188,-0.13677
26.563,18.75,-0.13645
26.563,20.313,-0.03371
26.563,21.875,-0.054701
26.563,23.438,0.026816
26.563,25,0.18107
26.563,26.563,0.25696
26.563,28.125,0.21702
26.563,29.688,0.13831
26.563,31.25,0.16183
26.563,32.813,0.09735
26.563,34.375,-0.06475
26.563,35.938,-0.15743
26.563,37.5,-0.13102
26.563,39.063,-0.11455
26.563,40.625,-0.086375
26.563,42.188,0.0048828
26.563,43.75,0.033709
26.563,45.313,0.067632
26.563,46.875,0.010547
26.563,48.438,-0.026925
26.563,50,-0.056198
28.125,-48.438,-0.16818
28.125,-46.875,-0.14156
28.125,-45.313,-0.16638
28.125,-43.75,-0.12037
28.125,-42.188,-0.14548
28.125,-40.625,-0.11031
28.125,-39.063,-0.11898
28.125,-37.5,-0.062475
28.125,-35.938,-0.014114
28.125,-34.375,0.061623
28.125,-32.813,0.12505
28.125,-31.25,0.17962
28.125,-29.688,0.22747
28.125,-28.125,0.28528
28.125,-26.563,0.2133
28.125,-25,0.12121
28.125,-23.438,0.091327
28.125,-21.875,0.045535
28.125,-20.313,0.1052
28.125,-18.75,0.033931
28.125,-17.188,-0.1328
28.125,-15.625,-0.2367
28.125,-14.063,-0.22634
28.125,-12.5,-0.092404
28.125,-10.938,-0.012277
28.125,-9.375,0.042743
28.125,-7.8125,0.14179
28.125,-6.25,0.25321
28.125,-4.6875,0.22317
28.125,-3.125,0.10495
28.125,-1.5625,-0.022572
28.125,0,-0.16358
28.125,1.5625,-0.22696
28.125,3.125,-0.17716
28.125,4.6875,-0.12021
28.125,6.25,-0.17706
28.125,7.8125,-0.27579
28.125,9.375,-0.27852
28.125,10.938,-0.34261
28.125,12.5,-0.38138
28.125,14.063,-0.32238
28.125,15.625,-0.29689
28.125,17.188,-0.24365
28.125,18.75,-0.24788
28.125,20.313,-0.21883
28.125,21.875,-0.13519
28.125,23.438,-0.012871
28.125,25,0.011335
28.125,26.563,0.11792
28.125,28.125,0.14935
28.125,29.688,0.12449
28.125,31.25,0.13149
28.125,32.813,0.10953
28.125,34.375,0.072434
28.125,35.938,0.074639
28.125,37.5,-0.029117
28.125,39.063,-0.015108
28.125,40.625,0.0051278
28.125,42.188,-0.013441
28.125,43.75,0.016095
28.125,45.313,0.043803
28.125,46.875,0.013273
28.125,48.438,0.0041188
28.125,50,-0.14435
29.688,-48.438,-0.054791
29.688,-46.875,-0.13103
29.688,-45.313,-0.15186
29.688,-43.75,-0.16437
29.688,-42.188,-0.18623
29.688,-40.625,-0.097938
29.688,-39.063,-0.052337
29.688,-37.5,-0.022085
29.688,-35.938,0.12894
29.688,-34.375,0.209
29.688,-32.813,0.23317
29.688,-31.25,0.27932
29.688,-29.688,0.19909
29.688,-28.125,0.13764
29.688,-26.563,0.015876
29.688,-25,-0.024817
29.688,-23.438,-0.053515
29.688,-21.875,-0.0076862
29.688,-20.313,0.020304
29.688,-18.75,-0.0027493
29.688,-17.188,-0.17382
29.688,-15.625,-0.29535
29.688,-14.063,-0.2335
29.688,-12.5,-0.16379
29.688,-10.938,-0.092482
29.688,-9.375,0.10015
29.688,-7.8125,0.22651
29.688,-6.25,0.26652
29.688,-4.6875,0.21265
29.688,-3.125,0.15163
29.688,-1.5625,0.16471
29.688,0,0.053431
29.688,1.5625,-0.060934
29.688,3.125,-0.14717
29.688,4.6875,-0.19341
29.688,6.25,-0.26432
29.688,7.8125,-0.35271
29.688,9.375,-0.37152
29.688,10.938,-0.30138
29.688,12.5,-0.24038
29.688,14.063,-0.23374
29.688,15.625,-0.18127
29.688,17.188,-0.12414
29.688,18.75,-0.07418
29.688,20.313,-0.027981
29.688,21.875,0.024305
29.688,23.438,0.039308
29.688,25,0.026813
29.688,26.563,0.014873
29.688,28.125,0.087587
29.688,29.688,0.027961
29.688,31.25,0.030276
29.688,32.813,0.037111
29.688,34.375,0.15042
29.688,35.938,0.13965
29.688,37.5,0.1085
29.688,39.063,-0.0044406
29.688,40.625,-0.049833
29.688,42.188,-0.066398
29.688,43.75,-0.0077435
29.688,45.313,0.064954
29.688,46.875,0.085013
29.688,48.438,0.094838
29.688,50,-0.017864
31.25,-48.438,-0.00094623
31.25,-46.875,-0.048912
31.25,-45.313,-0.14225
31.25,-43.75,-0.22653
31.25,-42.188,-0.21818
31.25,-40.625,-0.14261
31.25,-39.063,0.011397
31.25,-37.5,0.14612
31.25,-35.938,0.2236
31.25,-34.375,0.26144
31.25,-32.813,0.21802
31.25,-31.25,0.18346
31.25,-29.688,0.050871
31.25,-28.125,-0.084214
31.25,-26.563,-0.071247
31.25,-25,-0.030459
31.25,-23.438,-0.069824
31.25,-21.875,-0.10681
31.25,-20.313,-0.12479
31.25,-18.75,-0.061824
31.25,-17.188,-0.081206
31.25,-15.625,-0.1018
31.25,-14.063,-0.078792
31.25,-12.5,-0.042979
31.25,-10.938,0.026639
31.25,-9.375,0.14465
31.25,-7.8125,0.16717
31.25,-6.25,0.061981
31.25,-4.6875,0.0058588
31.25,-3.125,0.044752
31.25,-1.5625,0.15098
31.25,0,0.10523
31.25,1.5625,-0.06916
31.25,3.125,-0.23745
31.25,4.6875,-0.33221
31.25,6.25,-0.30829
31.25,7.8125,-0.2547
31.25,9.375,-0.22949
31.25,10.938,-0.17755
31.25,12.5,-0.10496
31.25,14.063,-0.041313
31.25,15.625,0.036884
31.25,17.188,0.095588
31.25,18.75,0.13211
31.25,20.313,0.15667
31.25,21.875,0.21089
31.25,23.438,0.14326
31.25,25,0.14086
31.25,26.563,0.19127
31.25,28.125,0.14134
31.25,29.688,0.06838
31.25,31.25,0.051464
31.25,32.813,-0.044627
31.25,34.375,0.013414
31.25,35.938,0.14229
31.25,37.5,0.10158
31.25,39.063,0.059084
31.25,40.625,-0.086824
31.25,42.188,-0.098359
31.25,43.75,-0.029974
31.25,45.313,0.0070579
31.25,46.875,0.096528
31.25,48.438,0.02816
31.25,50,-0.019449
32.813,-48.438,-0.036238
32.813,-46.875,-0.086218
32.813,-45.313,-0.14861
32.813,-43.75,-0.18746
32.813,-42.188,-0.11769
32.813,-40.625,-0.099062
32.813,-39.063,0.068611
32.813,-37.5,0.16196
32.813,-35.938,0.068025
32.813,-34.375,0.066098
32.813,-32.813,0.031099
32.813,-31.25,0.07642
32.813,-29.688,0.10869
32.813,-28.125,-0.019033
32.813,-26.563,-0.01094
32.813,-25,0.12037
32.813,-23.438,0.14046
32.813,-21.875,0.068171
32.813,-20.313,-0.0024142
32.813,-18.75,0.090865
32.813,-17.188,0.02466
32.813,-15.625,0.040207
32.813,-14.063,0.067863
32.813,-12.5,0.055011
32.813,-10.938,0.061619
32.813,-9.375,0.0037681
32.813,-7.8125,-0.058548
32.813,-6.25,-0.10984
32.813,-4.6875,-0.098477
32.813,-3.125,-0.029114
32.813,-1.5625,0.089082
32.813,0,0.057162
32.813,1.5625,-0.14277
32.813,3.125,-0.32527
32.813,4.6875,-0.37375
32.813,6.25,-0.30993
32.813,7.8125,-0.16663
32.813,9.375,-0.14241
32.813,10.938,-0.13137
32.813,12.5,-0.021216
32.813,14.063,-0.037226
32.813,15.625,0.012737
32.813,17.188,0.074507
32.813,18.75,0.075801
32.813,20.313,0.12409
32.813,21.875,0.11297
32.813,23.438,0.088793
32.813,25,0.084689
32.813,26.563,0.098503
32.813,28.125,0.025181
32.813,29.688,0.046624
32.813,31.25,-0.031827
32.813,32.813,-0.16684
32.813,34.375,-0.056604
32.813,35.938,-0.0044201
32.813,37.5,-0.038324
32.813,39.063,0.057159
32.813,40.625,0.03993
32.813,42.188,-0.043322
32.813,43.75,-0.066419
32.813,45.313,0.006051
32.813,46.875,0.036108
32.813,48.438,-0.034448
32.813,50,-0.040768
34.375,-48.438,-0.065706
34.375,-46.875,-0.080913
34.375,-45.313,-0.062683
34.375,-43.75,-0.0623
34.375,-42.188,-0.13444
34.375,-40.625,-0.086229
34.375,-39.063,-0.060987
34.375,-37.5,-0.10976
34.375,-35.938,-0.21501
34.375,-34.375,-0.16035
34.375,-32.813,-0.036455
34.375,-31.25,0.052387
34.375,-29.688,0.16678
34.375,-28.125,0.19444
34.375,-26.563,0.149
34.375,-25,0.28226
34.375,-23.438,0.27347
34.375,-21.875,0.24545
34.375,-20.313,0.17958
34.375,-18.75,0.18216
34.375,-17.188,0.20441
34.375,-15.625,0.20404
34.375,-14.063,0.15884
34.375,-12.5,0.033073
34.375,-10.938,-0.021243
34.375,-9.375,-0.13968
34.375,-7.8125,-0.31348
34.375,-6.25,-0.2716
34.375,-4.6875,-0.23763
34.375,-3.125,-0.14817
34.375,-1.5625,-0.21594
34.375,0,-0.24057
34.375,1.5625,-0.3153
34.375,3.125,-0.37827
34.375,4.6875,-0.42027
34.375,6.25,-0.36995
34.375,7.8125,-0.26721
34.375,9.375,-0.18732
34.375,10.938,-0.0108
34.375,12.5,0.099537
34.375,14.063,0.064808
34.375,15.625,0.12383
34.375,17.188,0.21506
34.375,18.75,0.29137
34.375,20.313,0.21891
34.375,21.875,0.12198
34.375,23.438,0.049567
34.375,25,-0.0174
34.375,26.563,-0.13568
34.375,28.125,-0.12828
34.375,29.688,-0.051456
34.375,31.25,-0.082521
34.375,32.813,-0.086476
34.375,34.375,-0.046478
34.375,35.938,-0.027751
34.375,37.5,-0.048324
34.375,39.063,-0.022397
34.375,40.625,-0.025386
34.375,42.188,-0.075506
34.375,43.75,-0.041703
34.375,45.313,-0.061079
34.375,46.875,0.036204
34.375,48.438,0.018195
34.375,50,-0.034872
35.938,-48.438,0.11802
35.938,-46.875,0.095378
35.938,-45.313,-0.036165
35.938,-43.75,-0.040536
35.938,-42.188,-0.057547
35.938,-40.625,-0.12915
35.938,-39.063,-0.095042
35.938,-37.5,-0.18908
35.938,-35.938,-0.19536
35.938,-34.375,-0.075865
35.938,-32.813,0.10856
35.938,-31.25,0.20359
35.938,-29.688,0.26337
35.938,-28.125,0.25576
35.938,-26.563,0.23399
35.938,-25,0.17555
35.938,-23.438,0.13342
35.938,-21.875,0.095675
35.938,-20.313,0.087374
35.938,-18.75,0.10878
35.938,-17.188,0.17212
35.938,-15.625,0.11754
35.938,-14.063,0.025878
35.938,-12.5,-0.091582
35.938,-10.938,-0.14484
35.938,-9.375,-0.18255
35.938,-7.8125,-0.28845
35.938,-6.25,-0.25033
35.938,-4.6875,-0.22292
35.938,-3.125,-0.17255
35.938,-1.5625,-0.23854
35.938,0,-0.25468
35.938,1.5625,-0.26113
35.938,3.125,-0.27716
35.938,4.6875,-0.23962
35.938,6.25,-0.18998
35.938,7.8125,-0.2676
35.938,9.375,-0.23656
35.938,10.938,-0.087436
35.938,12.5,0.033983
35.938,14.063,0.061143
35.938,15.625,0.087485
35.938,17.188,0.23278
35.938,18.75,0.2068
35.938,20.313,0.012358
35.938,21.875,-0.1175
35.938,23.438,-0.083447
35.938,25,-0.10841
35.938,26.563,-0.17109
35.938,28.125,-0.082734
35.938,29.688,-0.01439
35.938,31.25,-0.035666
35.938,32.813,0.013891
35.938,34.375,0.029447
35.938,35.938,0.014818
35.938,37.5,-0.068824
35.938,39.063,-0.076447
35.938,40.625,-0.070505
35.938,42.188,0.016643
35.938,43.75,-0.075304
35.938,45.313,-0.048053
35.938,46.875,0.02841
35.938,48.438,0.062478
35.938,50,0.073419
37.5,-48.438,0.13367
37.5,-46.875,0.17962
37.5,-45.313,0.1484
37.5,-43.75,0.071553
37.5,-42.188,0.073399
37.5,-40.625,0.029112
37.5,-39.063,-0.055587
37.5,-37.5,-0.045288
37.5,-35.938,0.048054
37.5,-34.375,0.15808
37.5,-32.813,0.20761
37.5,-31.25,0.30878
37.5,-29.688,0.32229
37.5,-28.125,0.25122
37.5,-26.563,0.18601
37.5,-25,0.12841
37.5,-23.438,0.15298
37.5,-21.875,0.15063
37.5,-20.313,0.075237
37.5,-18.75,-0.020081
37.5,-17.188,-0.023839
37.5,-15.625,-0.040628
37.5,-14.063,-0.090845
37.5,-12.5,-0.13026
37.5,-10.938,-0.083101
37.5,-9.375,-0.11514
37.5,-7.8125,-0.19014
37.5,-6.25,-0.14255
37.5,-4.6875,-0.19258
37.5,-3.125,-0.19157
37.5,-1.5625,-0.22469
37.5,0,-0.24608
37.5,1.5625,-0.26876
37.5,3.125,-0.18215
37.5,4.6875,-0.13629
37.5,6.25,-0.10885
37.5,7.8125,-0.14771
37.5,9.375,-0.196
37.5,10.938,-0.13206
37.5,12.5,-0.13223
37.5,14.063,-0.13787
37.5,15.625,-0.036827
37.5,17.188,-0.074418
37.5,18.75,-0.14298
37.5,20.313,-0.16355
37.5,21.875,-0.23607
37.5,23.438,-0.20278
37.5,25,-0.11237
37.5,26.563,-0.073638
37.5,28.125,-0.065799
37.5,29.688,-0.0023467
37.5,31.25,0.027358
37.5,32.813,-0.040348
37.5,34.375,-0.11214
37.5,35.938,-0.054084
37.5,37.5,-0.0023556
37.5,39.063,0.11346
37.5,40.625,0.079232
37.5,42.188,0.097329
37.5,43.75,0.063076
37.5,45.313,0.044568
37.5,46.875,0.038707
37.5,48.438,0.11515
37.5,50,0.1804
39.063,-48.438,0.27681
39.063,-46.875,0.30498
39.063,-45.313,0.30048
39.063,-43.75,0.26277
39.063,-42.188,0.20996
39.063,-40.625,0.27781
39.063,-39.063,0.19614
39.063,-37.5,0.22774
39.063,-35.938,0.21024
39.063,-34.375,0.23936
39.063,-32.813,0.21043
39.063,-31.25,0.31145
39.063,-29.688,0.27505
39.063,-28.125,0.15061
39.063,-26.563,0.059632
39.063,-25,-0.017087
39.063,-23.438,0.011626
39.063,-21.875,0.0016087
39.063,-20.313,-0.06837
39.063,-18.75,-0.043892
39.063,-17.188,-0.044243
39.063,-15.625,-0.0087532
39.063,-14.063,-0.055403
39.063,-12.5,-0.072149
39.063,-10.938,-0.019862
39.063,-9.375,-0.040966
39.063,-7.8125,-0.058847
39.063,-6.25,-0.011798
39.063,-4.6875,-0.066957
39.063,-3.125,-0.17096
39.063,-1.5625,-0.25786
39.063,0,-0.27216
39.063,1.5625,-0.23159
39.063,3.125,-0.16245
39.063,4.6875,-0.088884
39.063,6.25,-0.066891
39.063,7.8125,-0.13154
39.063,9.375,-0.25878
39.063,10.938,-0.29158
39.063,12.5,-0.23302
39.063,14.063,-0.17715
39.063,15.625,-0.16648
39.063,17.188,-0.23668
39.063,18.75,-0.20654
39.063,20.313,-0.12596
39.063,21.875,-0.092568
39.063,23.438,-0.10283
39.063,25,-0.11858
39.063,26.563,-0.1502
39.063,28.125,-0.22097
39.063,29.688,-0.17042
39.063,31.25,-0.032775
39.063,32.813,-0.01841
39.063,34.375,-0.17
39.063,35.938,-0.20582
39.063,37.5,-0.0058709
39.063,39.063,0.14809
39.063,40.625,0.13971
39.063,42.188,0.14264
39.063,43.75,0.083496
39.063,45.313,0.11497
39.063,46.875,0.10487
39.063,48.438,0.13127
39.063,50,0.18282
40.625,-48.438,0.19287
40.625,-46.875,0.17989
40.625,-45.313,0.22047
40.625,-43.75,0.20216
40.625,-42.188,0.2047
40.625,-40.625,0.225
40.625,-39.063,0.20992
40.625,-37.5,0.2033
40.625,-35.938,0.050647
40.625,-34.375,-0.027774
40.625,-32.813,0.015909
40.625,-31.25,-0.060471
40.625,-29.688,-0.072303
40.625,-28.125,-0.10166
40.625,-26.563,-0.067503
40.625,-25,-0.19132
40.625,-23.438,-0.32039
40.625,-21.875,-0.20743
40.625,-20.313,-0.14505
40.625,-18.75,-0.0022788
40.625,-17.188,0.002143
40.625,-15.625,0.035292
40.625,-14.063,0.12902
40.625,-12.5,0.093904
40.625,-10.938,0.14988
40.625,-9.375,0.12976
40.625,-7.8125,0.035273
40.625,-6.25,0.11395
40.625,-4.6875,0.069037
40.625,-3.125,0.030114
40.625,-1.5625,-0.04852
40.625,0,-0.14145
40.625,1.5625,-0.091721
40.625,3.125,-0.073837
40.625,4.6875,-0.080226
40.625,6.25,-0.070336
40.625,7.8125,-0.18834
40.625,9.375,-0.24576
40.625,10.938,-0.26879
40.625,12.5,-0.21798
40.625,14.063,-0.16961
40.625,15.625,-0.1167
40.625,17.188,-0.12051
40.625,18.75,-0.23454
40.625,20.313,-0.16105
40.625,21.875,-0.11235
40.625,23.438,-0.14635
40.625,25,-0.11419
40.625,26.563,-0.13364
40.625,28.125,-0.20087
40.625,29.688,-0.12811
40.625,31.25,-0.049942
40.625,32.813,-0.0563
40.625,34.375,-0.13476
40.625,35.938,-0.1881
40.625,37.5,-0.16466
40.625,39.063,-0.12417
40.625,40.625,0.061601
40.625,42.188,0.14851
40.625,43.75,0.076135
40.625,45.313,0.0075726
40.625,46.875,0.054883
40.625,48.438,0.10536
40.625,50,0.15219
42.188,-48.438,0.036542
42.188,-46.875,0.010193
42.188,-45.313,0.0008044
42.188,-43.75,-0.0037873
42.188,-42.188,0.12421
42.188,-40.625,0.017958
42.188,-39.063,-0.099832
42.188,-37.5,-0.094792
42.188,-35.938,-0.071207
42.188,-34.375,-0.18323
42.188,-32.813,-0.21647
42.188,-31.25,-0.16486
42.188,-29.688,-0.16621
42.188,-28.125,-0.13787
42.188,-26.563,-0.17536
42.188,-25,-0.23253
42.188,-23.438,-0.27523
42.188,-21.875,-0.14248
42.188,-20.313,-0.032878
42.188,-18.75,0.10272
42.188,-17.188,0.11447
42.188,-15.625,0.17395
42.188,-14.063,0.23487
42.188,-12.5,0.16079
42.188,-10.938,0.17727
42.188,-9.375,0.21192
42.188,-7.8125,0.19747
42.188,-6.25,0.11834
42.188,-4.6875,0.08193
42.188,-3.125,0.026919
42.188,-1.5625,0.01992
42.188,0,-0.081491
42.188,1.5625,-0.087751
42.188,3.125,-0.02736
42.188,4.6875,-0.012926
42.188,6.25,-0.030888
42.188,7.8125,-0.099155
42.188,9.375,-0.11874
42.188,10.938,-0.10877
42.188,12.5,-0.088612
42.188,14.063,-0.13044
42.188,15.625,-0.17276
42.188,17.188,-0.086866
42.188,18.75,-0.16347
42.188,20.313,-0.13919
42.188,21.875,-0.11302
42.188,23.438,-0.0021369
42.188,25,0.087243
42.188,26.563,0.081462
42.188,28.125,-0.018564
42.188,29.688,-0.058032
42.188,31.25,-0.021066
42.188,32.813,0.057053
42.188,34.375,0.023242
42.188,35.938,0.025643
42.188,37.5,-0.16662
42.188,39.063,-0.31832
42.188,40.625,-0.20792
42.188,42.188,-0.049962
42.188,43.75,0.0093209
42.188,45.313,0.041683
42.188,46.875,0.022033
42.188,48.438,0.033401
42.188,50,0.084179
43.75,-48.438,0.14284
43.75,-46.875,-0.034468
43.75,-45.313,-0.040029
43.75,-43.75,0.044539
43.75,-42.188,0.078178
43.75,-40.625,-0.05203
43.75,-39.063,-0.1206
43.75,-37.5,-0.11038
43.75,-35.938,-0.12926
43.75,-34.375,-0.17495
43.75,-32.813,-0.10259
43.75,-31.25,0.06429
43.75,-29.688,0.047014
43.75,-28.125,-0.01965
43.75,-26.563,0.0076819
43.75,-25,-0.066665
43.75,-23.438,0.0622
43.75,-21.875,0.11234
43.75,-20.313,0.081679
43.75,-18.75,0.18567
43.75,-17.188,0.36085
43.75,-15.625,0.31811
43.75,-14.063,0.2769
43.75,-12.5,0.1574
43.75,-10.938,0.1435
43.75,-9.375,0.18792
43.75,-7.8125,0.14044
43.75,-6.25,0.13895
43.75,-4.6875,0.13901
43.75,-3.125,0.011189
43.75,-1.5625,-0.090235
43.75,0,-0.031339
43.75,1.5625,-0.043419
43.75,3.125,-0.068596
43.75,4.6875,0.014697
43.75,6.25,0.073828
43.75,7.8125,0.063882
43.75,9.375,0.095851
43.75,10.938,-0.0091321
43.75,12.5,-0.19757
43.75,14.063,-0.33942
43.75,15.625,-0.26679
43.75,17.188,-0.20828
43.75,18.75,-0.1351
43.75,20.313,0.015273
43.75,21.875,0.12239
43.75,23.438,0.28002
43.75,25,0.26491
43.75,26.563,0.28337
43.75,28.125,0.16615
43.75,29.688,0.13398
43.75,31.25,0.21404
43.75,32.813,0.20751
43.75,34.375,0.22709
43.75,35.938,0.18219
43.75,37.5,0.075447
43.75,39.063,-0.076618
43.75,40.625,-0.15699
43.75,42.188,-0.082638
43.75,43.75,0.0013216
43.75,45.313,0.070641
43.75,46.875,0.0099739
43.75,48.438,0.054465
43.75,50,0.099239
45.313,-48.438,0.13409
45.313,-46.875,0.18827
45.313,-45.313,0.16686
45.313,-43.75,0.11119
45.313,-42.188,0.021356
45.313,-40.625,0.016968
45.313,-39.063,-0.028385
45.313,-37.5,-0.040428
45.313,-35.938,0.028904
45.313,-34.375,0.02294
45.313,-32.813,0.056362
45.313,-31.25,0.089428
45.313,-29.688,0.16265
45.313,-28.125,0.24198
45.313,-26.563,0.21716
45.313,-25,0.1899
45.313,-23.438,0.19451
45.313,-21.875,0.16817
45.313,-20.313,0.17655
45.313,-18.75,0.092207
45.313,-17.188,0.15997
45.313,-15.625,0.13764
45.313,-14.063,0.12422
45.313,-12.5,0.064614
45.313,-10.938,0.045854
45.313,-9.375,0.074729
45.313,-7.8125,0.08149
45.313,-6.25,0.15073
45.313,-4.6875,0.074075
45.313,-3.125,-0.084534
45.313,-1.5625,-0.17108
45.313,0,-0.07712
45.313,1.5625,-0.03183
45.313,3.125,-0.077619
45.313,4.6875,-0.041455
45.313,6.25,0.050142
45.313,7.8125,0.14094
45.313,9.375,0.23066
45.313,10.938,0.050165
45.313,12.5,-0.25115
45.313,14.063,-0.37539
45.313,15.625,-0.30942
45.313,17.188,-0.2352
45.313,18.75,-0.10454
45.313,20.313,0.061888
45.313,21.875,0.13788
45.313,23.438,0.20675
45.313,25,0.32066
45.313,26.563,0.3596
45.313,28.125,0.31278
45.313,29.688,0.21181
45.313,31.25,0.19458
45.313,32.813,0.26351
45.313,34.375,0.22737
45.313,35.938,0.14703
45.313,37.5,0.0946
45.313,39.063,-0.001135
45.313,40.625,-0.088243
45.313,42.188,-0.057988
45.313,43.75,-0.029186
45.313,45.313,-0.070809
45.313,46.875,-0.050521
45.313,48.438,0.059791
45.313,50,0.08742
46.875,-48.438,0.19799
46.875,-46.875,0.19872
46.875,-45.313,0.11878
46.875,-43.75,0.074493
46.875,-42.188,0.021718
46.875,-40.625,0.10534
46.875,-39.063,0.22823
46.875,-37.5,0.24788
46.875,-35.938,0.29218
46.875,-34.375,0.27518
46.875,-32.813,0.26352
46.875,-31.25,0.17369
46.875,-29.688,0.15672
46.875,-28.125,0.22137
46.875,-26.563,0.27078
46.875,-25,0.23638
46.875,-23.438,0.14714
46.875,-21.875,0.17057
46.875,-20.313,0.07549
46.875,-18.75,-0.071603
46.875,-17.188,-0.048978
46.875,-15.625,0.047077
46.875,-14.063,0.081787
46.875,-12.5,0.01681
46.875,-10.938,0.021665
46.875,-9.375,0.15513
46.875,-7.8125,0.22146
46.875,-6.25,0.12481
46.875,-4.6875,0.0047883
46.875,-3.125,-0.046564
46.875,-1.5625,-0.0070179
46.875,0,-0.10601
46.875,1.5625,-0.13737
46.875,3.125,-0.00035633
46.875,4.6875,-0.022749
46.875,6.25,-0.015801
46.875,7.8125,0.023126
46.875,9.375,-0.029145
46.875,10.938,-0.070009
46.875,12.5,-0.17845
46.875,14.063,-0.23116
46.875,15.625,-0.21359
46.875,17.188,-0.138
46.875,18.75,-0.13123
46.875,20.313,-0.15195
46.875,21.875,-0.11901
46.875,23.438,0.0081207
46.875,25,0.13397
46.875,26.563,0.25204
46.875,28.125,0.25935
46.875,29.688,0.21476
46.875,31.25,0.27417
46.875,32.813,0.15939
46.875,34.375,0.1173
46.875,35.938,0.035988
46.875,37.5,-0.017353
46.875,39.063,-0.032032
46.875,40.625,-0.1156
46.875,42.188,-0.12429
46.875,43.75,-0.1166
46.875,45.313,-0.18486
46.875,46.875,-0.079361
46.875,48.438,0.085366
46.875,50,0.14601
48.438,-48.438,0.14642
48.438,-46.875,0.12352
48.438,-45.313,0.089495
48.438,-43.75,0.060848
48.438,-42.188,0.10992
48.438,-40.625,0.15353
48.438,-39.063,0.26288
48.438,-37.5,0.42291
48.438,-35.938,0.36151
48.438,-34.375,0.31871
48.438,-32.813,0.30035
48.438,-31.25,0.24621
48.438,-29.688,0.29251
48.438,-28.125,0.34063
48.438,-26.563,0.2232
48.438,-25,0.12067
48.438,-23.438,0.027049
48.438,-21.875,0.032969
48.438,-20.313,0.0088576
48.438,-18.75,-0.04618
48.438,-17.188,-0.058641
48.438,-15.625,-0.018935
48.438,-14.063,-0.0069649
48.438,-12.5,-0.056047
48.438,-10.938,-0.027573
48.438,-9.375,-0.039473
48.438,-7.8125,-0.00058127
48.438,-6.25,0.066607
48.438,-4.6875,-0.010939
48.438,-3.125,0.018352
48.438,-1.5625,0.0051848
48.438,0,-0.036911
48.438,1.5625,-0.0057587
48.438,3.125,-0.064706
48.438,4.6875,-0.11923
48.438,6.25,-0.20216
48.438,7.8125,-0.1444
48.438,9.375,-0.22579
48.438,10.938,-0.24675
48.438,12.5,-0.22732
48.438,14.063,-0.19638
48.438,15.625,-0.24881
48.438,17.188,-0.208
48.438,18.75,-0.22772
48.438,20.313,-0.24374
48.438,21.875,-0.18092
48.438,23.438,-0.11792
48.438,25,0.018993
48.438,26.563,0.18309
48.438,28.125,0.15396
48.438,29.688,0.10077
48.438,31.25,0.022278
48.438,32.813,0.023629
48.438,34.375,0.020305
48.438,35.938,-0.0036929
48.438,37.5,-0.035126
48.438,39.063,-0.074711
48.438,40.625,-0.022627
48.438,42.188,0.10592
48.438,43.75,-0.022599
48.438,45.313,-0.095368
48.438,46.875,-0.099203
48.438,48.438,0.074143
48.438,50,0.040538
50,-48.438,0.1009
50,-46.875,0.019481
50,-45.313,0.06473
50,-43.75,0.077688
50,-42.188,0.15546
50,-40.625,0.1953
50,-39.063,0.19496
50,-37.5,0.26612
50,-35.938,0.2597
50,-34.375,0.21508
50,-32.813,0.14534
50,-31.25,0.18908
50,-29.688,0.18538
50,-28.125,0.20094
50,-26.563,0.1516
50,-25,0.024217
50,-23.438,-0.076566
50,-21.875,-0.12398
50,-20.313,-0.10939
50,-18.75,-0.052086
50,-17.188,-0.0041776
50,-15.625,-0.080499
50,-14.063,-0.10838
50,-12.5,-0.071618
50,-10.938,-0.042683
50,-9.375,0.0053855
50,-7.8125,0.010907
50,-6.25,0.13263
50,-4.6875,0.10188
50,-3.125,0.086542
50,-1.5625,0.054747
50,0,0.055844
50,1.5625,0.090323
50,3.125,-0.099118
50,4.6875,-0.20254
50,6.25,-0.27353
50,7.8125,-0.27905
50,9.375,-0.32515
50,10.938,-0.22796
50,12.5,-0.099413
50,14.063,-0.085903
50,15.625,-0.1036
50,17.188,-0.11545
50,18.75,-0.1424
50,20.313,-0.23006
50,21.875,-0.2967
50,23.438,-0.23267
50,25,-0.094105
50,26.563,-0.039027
50,28.125,-0.03672
50,29.688,-0.025124
50,31.25,-0.12954
50,32.813,-0.043029
50,34.375,0.064037
50,35.938,0.056821
50,37.5,0.15216
50,39.063,0.16251
50,40.625,0.14669
50,42.188,0.20118
50,43.75,0.1646
50,45.313,0.10048
50,46.875,0.072454
50,48.438,0.10336
50,50,0.11784
