-48.438,-48.438,0.18213
-48.438,-46.875,0.23112
-48.438,-45.313,0.36532
-48.438,-43.75,0.34685
-48.438,-42.188,0.33165
-48.438,-40.625,0.32068
-48.438,-39.063,0.33022
-48.438,-37.5,0.3224
-48.438,-35.938,0.32866
-48.438,-34.375,0.251
-48.438,-32.813,0.19919
-48.438,-31.25,0.14635
-48.438,-29.688,0.22471
-48.438,-28.125,0.33425
-48.438,-26.563,0.4034
-48.438,-25,0.32022
-48.438,-23.438,0.2375
-48.438,-21.875,0.050786
-48.438,-20.313,-0.038444
-48.438,-18.75,-0.013871
-48.438,-17.188,-0.090878
-48.438,-15.625,-0.15555
-48.438,-14.063,-0.32093
-48.438,-12.5,-0.3352
-48.438,-10.938,-0.39966
-48.438,-9.375,-0.43834
-48.438,-7.8125,-0.43619
-48.438,-6.25,-0.37239
-48.438,-4.6875,-0.38834
-48.438,-3.125,-0.38974
-48.438,-1.5625,-0.34721
-48.438,0,-0.20229
-48.438,1.5625,0.011754
-48.438,3.125,0.18632
-48.438,4.6875,0.21984
-48.438,6.25,0.23863
-48.438,7.8125,0.26315
-48.438,9.375,0.28858
-48.438,10.938,0.25733
-48.438,12.5,0.294
-48.438,14.063,0.24853
-48.438,15.625,0.14031
-48.438,17.188,0.1368
-48.438,18.75,0.14655
-48.438,20.313,0.1542
-48.438,21.875,0.14603
-48.438,23.438,0.13638
-48.438,25,0.024908
-48.438,26.563,-0.061372
-48.438,28.125,-0.0053128
-48.438,29.688,-0.047766
-48.438,31.25,-0.02283
-48.438,32.813,0.058395
-48.438,34.375,0.13396
-48.438,35.938,0.18518
-48.438,37.5,0.10147
-48.438,39.063,0.11497
-48.438,40.625,0.15679
-48.438,42.188,0.14216
-48.438,43.75,0.19654
-48.438,45.313,0.40085
-48.438,46.875,0.4759
-48.438,48.438,0.30667
-48.438,50,0.25059
-46.875,-48.438,0.42733
-46.875,-46.875,0.35237
-46.875,-45.313,0.3668
-46.875,-43.75,0.42317
-46.875,-42.188,0.37247
-46.875,-40.625,0.34269
-46.875,-39.063,0.39399
-46.875,-37.5,0.34906
-46.875,-35.938,0.27784
-46.875,-34.375,0.26914
-46.875,-32.813,0.23298
-46.875,-31.25,0.18497
-46.875,-29.688,0.23276
-46.875,-28.125,0.32881
-46.875,-26.563,0.25454
-46.875,-25,-0.041111
-46.875,-23.438,-0.11034
-46.875,-21.875,-0.17779
-46.875,-20.313,-0.262
-46.875,-18.75,-0.26642
-46.875,-17.188,-0.42302
-46.875,-15.625,-0.45353
-46.875,-14.063,-0.45299
-46.875,-12.5,-0.4435
-46.875,-10.938,-0.4811
-46.875,-9.375,-0.49351
-46.875,-7.8125,-0.4535
-46.875,-6.25,-0.45912
-46.875,-4.6875,-0.57205
-46.875,-3.125,-0.52724
-46.875,-1.5625,-0.33489
-46.875,0,-0.10945
-46.875,1.5625,0.13166
-46.875,3.125,0.098067
-46.875,4.6875,0.21183
-46.875,6.25,0.24867
-46.875,7.8125,0.23121
-46.875,9.375,0.33592
-46.875,10.938,0.30033
-46.875,12.5,0.30308
-46.875,14.063,0.25053
-46.875,15.625,0.19541
-46.875,17.188,0.14593
-46.875,18.75,0.13531
-46.875,20.313,0.19304
-46.875,21.875,0.15903
-46.875,23.438,0.073453
-46.875,25,0.013064
-46.875,26.563,-0.026227
-46.875,28.125,-0.093347
-46.875,29.688,-0.11777
-46.875,31.25,-0.089479
-46.875,32.813,-0.023636
-46.875,34.375,-0.07092
-46.875,35.938,-0.066693
-46.875,37.5,-0.051972
-46.875,39.063,-0.03052
-46.875,40.625,0.025816
-46.875,42.188,0.11543
-46.875,43.75,0.10738
-46.875,45.313,0.15334
-46.875,46.875,0.31184
-46.875,48.438,0.3567
-46.875,50,0.40065
-45.313,-48.438,0.44155
-45.313,-46.875,0.36432
-45.313,-45.313,0.32299
-45.313,-43.75,0.2651
-45.313,-42.188,0.20015
-45.313,-40.625,0.21414
-45.313,-39.063,0.26985
-45.313,-37.5,0.21099
-45.313,-35.938,0.20471
-45.313,-34.375,0.22391
-45.313,-32.813,0.2198
-45.313,-31.25,0.21316
-45.313,-29.688,0.2286
-45.313,-28.125,0.11674
-45.313,-26.563,-0.07346
-45.313,-25,-0.25336
-45.313,-23.438,-0.331
-45.313,-21.875,-0.37968
-45.313,-20.313,-0.39477
-45.313,-18.75,-0.49582
-45.313,-17.188,-0.6072
-45.313,-15.625,-0.53368
-45.313,-14.063,-0.44826
-45.313,-12.5,-0.49051
-45.313,-10.938,-0.49115
-45.313,-9.375,-0.43053
-45.313,-7.8125,-0.4369
-45.313,-6.25,-0.49094
-45.313,-4.6875,-0.57618
-45.313,-3.125,-0.42606
-45.313,-1.5625,-0.23109
-45.313,0,-0.048359
-45.313,1.5625,0.088317
-45.313,3.125,0.12938
-45.313,4.6875,0.13873
-45.313,6.25,0.17228
-45.313,7.8125,0.24135
-45.313,9.375,0.32176
-45.313,10.938,0.34355
-45.313,12.5,0.27053
-45.313,14.063,0.14121
-45.313,15.625,0.15789
-45.313,17.188,0.14865
-45.313,18.75,0.25029
-45.313,20.313,0.31898
-45.313,21.875,0.3049
-45.313,23.438,0.29323
-45.313,25,0.22094
-45.313,26.563,0.048871
-45.313,28.125,-0.0032568
-45.313,29.688,-0.084652
-45.313,31.25,-0.1486
-45.313,32.813,-0.16143
-45.313,34.375,-0.15949
-45.313,35.938,-0.14036
-45.313,37.5,-0.14951
-45.313,39.063,-0.03159
-45.313,40.625,-0.044496
-45.313,42.188,-0.0074482
-45.313,43.75,0.037012
-45.313,45.313,0.079789
-45.313,46.875,0.20404
-45.313,48.438,0.34284
-45.313,50,0.43478
-43.75,-48.438,0.32219
-43.75,-46.875,0.30773
-43.75,-45.313,0.3017
-43.75,-43.75,0.17316
-43.75,-42.188,0.11834
-43.75,-40.625,0.068725
-43.75,-39.063,0.059562
-43.75,-37.5,-0.016932
-43.75,-35.938,-0.025358
-43.75,-34.375,-0.009252
-43.75,-32.813,-0.026758
-43.75,-31.25,0.068979
-43.75,-29.688,0.045273
-43.75,-28.125,-0.14671
-43.75,-26.563,-0.32488
-43.75,-25,-0.45891
-43.75,-23.438,-0.49045
-43.75,-21.875,-0.47191
-43.75,-20.313,-0.48943
-43.75,-18.75,-0.52523
-43.75,-17.188,-0.63506
-43.75,-15.625,-0.67753
-43.75,-14.063,-0.5086
-43.75,-12.5,-0.4987
-43.75,-10.938,-0.40778
-43.75,-9.375,-0.31427
-43.75,-7.8125,-0.4366
-43.75,-6.25,-0.46488
-43.75,-4.6875,-0.36059
-43.75,-3.125,-0.14616
-43.75,-1.5625,0.032999
-43.75,0,0.101
-43.75,1.5625,0.10623
-43.75,3.125,0.08112
-43.75,4.6875,0.17832
-43.75,6.25,0.2566
-43.75,7.8125,0.25832
-43.75,9.375,0.13791
-43.75,10.938,0.13287
-43.75,12.5,0.13879
-43.75,14.063,0.097682
-43.75,15.625,0.038534
-43.75,17.188,0.1352
-43.75,18.75,0.22488
-43.75,20.313,0.26676
-43.75,21.875,0.2143
-43.75,23.438,0.28162
-43.75,25,0.26129
-43.75,26.563,0.16383
-43.75,28.125,0.053961
-43.75,29.688,-0.065964
-43.75,31.25,-0.11788
-43.75,32.813,-0.10169
-43.75,34.375,-0.13329
-43.75,35.938,-0.27864
-43.75,37.5,-0.20361
-43.75,39.063,-0.10084
-43.75,40.625,-0.12082
-43.75,42.188,-0.10751
-43.75,43.75,0.11024
-43.75,45.313,0.23298
-43.75,46.875,0.28684
-43.75,48.438,0.3726
-43.75,50,0.378
-42.188,-48.438,0.38747
-42.188,-46.875,0.23393
-42.188,-45.313,0.2477
-42.188,-43.75,0.13578
-42.188,-42.188,-0.021427
-42.188,-40.625,-0.07152
-42.188,-39.063,-0.13863
-42.188,-37.5,-0.20057
-42.188,-35.938,-0.24294
-42.188,-34.375,-0.28413
-42.188,-32.813,-0.31303
-42.188,-31.25,-0.2732
-42.188,-29.688,-0.24444
-42.188,-28.125,-0.2686
-42.188,-26.563,-0.47552
-42.188,-25,-0.49031
-42.188,-23.438,-0.4364
-42.188,-21.875,-0.48463
-42.188,-20.313,-0.47658
-42.188,-18.75,-0.50177
-42.188,-17.188,-0.53185
-42.188,-15.625,-0.44672
-42.188,-14.063,-0.40537
-42.188,-12.5,-0.28954
-42.188,-10.938,-0.13649
-42.188,-9.375,-0.13794
-42.188,-7.8125,-0.24471
-42.188,-6.25,-0.16174
-42.188,-4.6875,-0.048031
-42.188,-3.125,0.12536
-42.188,-1.5625,0.23238
-42.188,0,0.20774
-42.188,1.5625,0.16349
-42.188,3.125,0.038595
-42.188,4.6875,0.090213
-42.188,6.25,0.089128
-42.188,7.8125,0.16423
-42.188,9.375,0.13567
-42.188,10.938,-0.046119
-42.188,12.5,-0.07318
-42.188,14.063,-0.011747
-42.188,15.625,0.0025041
-42.188,17.188,-0.023903
-42.188,18.75,-0.070671
-42.188,20.313,-0.14575
-42.188,21.875,-0.16584
-42.188,23.438,-0.068314
-42.188,25,0.083795
-42.188,26.563,0.12881
-42.188,28.125,0.10941
-42.188,29.688,0.025532
-42.188,31.25,0.032951
-42.188,32.813,0.036663
-42.188,34.375,-0.0061381
-42.188,35.938,-0.14096
-42.188,37.5,-0.22271
-42.188,39.063,-0.15947
-42.188,40.625,-0.030066
-42.188,42.188,0.16749
-42.188,43.75,0.29342
-42.188,45.313,0.38124
-42.188,46.875,0.4146
-42.188,48.438,0.52474
-42.188,50,0.47983
-40.625,-48.438,0.33477
-40.625,-46.875,0.19417
-40.625,-45.313,0.14809
-40.625,-43.75,0.08256
-40.625,-42.188,-0.01939
-40.625,-40.625,-0.035466
-40.625,-39.063,-0.1263
-40.625,-37.5,-0.25721
-40.625,-35.938,-0.32812
-40.625,-34.375,-0.30983
-40.625,-32.813,-0.35594
-40.625,-31.25,-0.45526
-40.625,-29.688,-0.39624
-40.625,-28.125,-0.41531
-40.625,-26.563,-0.44935
-40.625,-25,-0.47742
-40.625,-23.438,-0.52013
-40.625,-21.875,-0.49872
-40.625,-20.313,-0.37853
-40.625,-18.75,-0.3072
-40.625,-17.188,-0.23522
-40.625,-15.625,-0.14777
-40.625,-14.063,-0.11811
-40.625,-12.5,-0.02379
-40.625,-10.938,0.015915
-40.625,-9.375,0.024732
-40.625,-7.8125,0.013331
-40.625,-6.25,0.064656
-40.625,-4.6875,0.08448
-40.625,-3.125,0.10344
-40.625,-1.5625,0.1715
-40.625,0,0.10509
-40.625,1.5625,0.002423
-40.625,3.125,-0.06896
-40.625,4.6875,-0.10208
-40.625,6.25,-0.025962
-40.625,7.8125,0.065109
-40.625,9.375,0.035319
-40.625,10.938,-0.05529
-40.625,12.5,-0.1634
-40.625,14.063,-0.08736
-40.625,15.625,-0.071982
-40.625,17.188,-0.14376
-40.625,18.75,-0.15841
-40.625,20.313,-0.20007
-40.625,21.875,-0.16538
-40.625,23.438,-0.092364
-40.625,25,0.069501
-40.625,26.563,0.1147
-40.625,28.125,0.15557
-40.625,29.688,0.1353
-40.625,31.25,0.085432
-40.625,32.813,0.036961
-40.625,34.375,-0.061332
-40.625,35.938,-0.060942
-40.625,37.5,-0.11907
-40.625,39.063,-0.049005
-40.625,40.625,0.14656
-40.625,42.188,0.33594
-40.625,43.75,0.42686
-40.625,45.313,0.44195
-40.625,46.875,0.42828
-40.625,48.438,0.48757
-40.625,50,0.43056
-39.063,-48.438,0.30742
-39.063,-46.875,0.18111
-39.063,-45.313,0.0016824
-39.063,-43.75,-0.012483
-39.063,-42.188,0.043773
-39.063,-40.625,0.099469
-39.063,-39.063,-0.078295
-39.063,-37.5,-0.2862
-39.063,-35.938,-0.32166
-39.063,-34.375,-0.17931
-39.063,-32.813,-0.19418
-39.063,-31.25,-0.22103
-39.063,-29.688,-0.26518
-39.063,-28.125,-0.30114
-39.063,-26.563,-0.3589
-39.063,-25,-0.52
-39.063,-23.438,-0.53106
-39.063,-21.875,-0.42077
-39.063,-20.313,-0.29884
-39.063,-18.75,-0.11525
-39.063,-17.188,-0.0052461
-39.063,-15.625,-0.00052739
-39.063,-14.063,0.044716
-39.063,-12.5,0.086758
-39.063,-10.938,0.10235
-39.063,-9.375,0.056681
-39.063,-7.8125,0.10938
-39.063,-6.25,0.1253
-39.063,-4.6875,0.037109
-39.063,-3.125,-0.1146
-39.063,-1.5625,-0.092332
-39.063,0,-0.18149
-39.063,1.5625,-0.32609
-39.063,3.125,-0.35595
-39.063,4.6875,-0.33791
-39.063,6.25,-0.29214
-39.063,7.8125,-0.29147
-39.063,9.375,-0.093892
-39.063,10.938,0.010714
-39.063,12.5,0.001045
-39.063,14.063,-0.035832
-39.063,15.625,-0.13159
-39.063,17.188,-0.13469
-39.063,18.75,-0.043201
-39.063,20.313,-0.056804
-39.063,21.875,0.029341
-39.063,23.438,0.22333
-39.063,25,0.26646
-39.063,26.563,0.27274
-39.063,28.125,0.20963
-39.063,29.688,0.14904
-39.063,31.25,0.0548
-39.063,32.813,-0.056229
-39.063,34.375,-0.11782
-39.063,35.938,0.0064236
-39.063,37.5,0.058277
-39.063,39.063,0.093315
-39.063,40.625,0.14418
-39.063,42.188,0.31834
-39.063,43.75,0.38784
-39.063,45.313,0.38414
-39.063,46.875,0.47229
-39.063,48.438,0.49731
-39.063,50,0.36993
-37.5,-48.438,0.048914
-37.5,-46.875,0.10342
-37.5,-45.313,0.10751
-37.5,-43.75,0.12932
-37.5,-42.188,0.16173
-37.5,-40.625,0.17192
-37.5,-39.063,0.098581
-37.5,-37.5,0.072372
-37.5,-35.938,0.11914
-37.5,-34.375,0.068543
-37.5,-32.813,0.044243
-37.5,-31.25,-0.051474
-37.5,-29.688,-0.2246
-37.5,-28.125,-0.31205
-37.5,-26.563,-0.35537
-37.5,-25,-0.43627
-37.5,-23.438,-0.35321
-37.5,-21.875,-0.26343
-37.5,-20.313,-0.18993
-37.5,-18.75,-0.10737
-37.5,-17.188,0.0022889
-37.5,-15.625,0.056659
-37.5,-14.063,0.19861
-37.5,-12.5,0.20078
-37.5,-10.938,0.082716
-37.5,-9.375,0.048907
-37.5,-7.8125,-0.01776
-37.5,-6.25,-0.092418
-37.5,-4.6875,-0.078407
-37.5,-3.125,-0.22255
-37.5,-1.5625,-0.37933
-37.5,0,-0.49095
-37.5,1.5625,-0.54824
-37.5,3.125,-0.52861
-37.5,4.6875,-0.48403
-37.5,6.25,-0.4803
-37.5,7.8125,-0.44675
-37.5,9.375,-0.15623
-37.5,10.938,0.12317
-37.5,12.5,0.15802
-37.5,14.063,0.17051
-37.5,15.625,0.085881
-37.5,17.188,0.1639
-37.5,18.75,0.16281
-37.5,20.313,0.12284
-37.5,21.875,0.2321
-37.5,23.438,0.28971
-37.5,25,0.30937
-37.5,26.563,0.37112
-37.5,28.125,0.34855
-37.5,29.688,0.30869
-37.5,31.25,0.13005
-37.5,32.813,0.034814
-37.5,34.375,0.10153
-37.5,35.938,0.25154
-37.5,37.5,0.28153
-37.5,39.063,0.21873
-37.5,40.625,0.16224
-37.5,42.188,0.21289
-37.5,43.75,0.22145
-37.5,45.313,0.3271
-37.5,46.875,0.35997
-37.5,48.438,0.30581
-37.5,50,0.14254
-35.938,-48.438,0.20539
-35.938,-46.875,0.17471
-35.938,-45.313,0.29195
-35.938,-43.75,0.35094
-35.938,-42.188,0.28767
-35.938,-40.625,0.29398
-35.938,-39.063,0.30966
-35.938,-37.5,0.37158
-35.938,-35.938,0.33941
-35.938,-34.375,0.14716
-35.938,-32.813,0.095889
-35.938,-31.25,0.039289
-35.938,-29.688,-0.1369
-35.938,-28.125,-0.23452
-35.938,-26.563,-0.21463
-35.938,-25,-0.20206
-35.938,-23.438,-0.10975
-35.938,-21.875,-0.027811
-35.938,-20.313,0.075784
-35.938,-18.75,0.13682
-35.938,-17.188,0.11908
-35.938,-15.625,0.079246
-35.938,-14.063,0.19882
-35.938,-12.5,0.15277
-35.938,-10.938,0.015075
-35.938,-9.375,-0.10048
-35.938,-7.8125,-0.20188
-35.938,-6.25,-0.26975
-35.938,-4.6875,-0.35881
-35.938,-3.125,-0.47259
-35.938,-1.5625,-0.63903
-35.938,0,-0.69279
-35.938,1.5625,-0.69
-35.938,3.125,-0.70629
-35.938,4.6875,-0.6253
-35.938,6.25,-0.51595
-35.938,7.8125,-0.28466
-35.938,9.375,-0.011781
-35.938,10.938,0.12653
-35.938,12.5,0.15615
-35.938,14.063,0.21269
-35.938,15.625,0.32297
-35.938,17.188,0.38472
-35.938,18.75,0.31462
-35.938,20.313,0.27713
-35.938,21.875,0.38545
-35.938,23.438,0.42065
-35.938,25,0.37559
-35.938,26.563,0.37779
-35.938,28.125,0.36265
-35.938,29.688,0.41608
-35.938,31.25,0.33635
-35.938,32.813,0.20193
-35.938,34.375,0.19835
-35.938,35.938,0.22989
-35.938,37.5,0.13543
-35.938,39.063,0.04153
-35.938,40.625,-0.033463
-35.938,42.188,-0.061849
-35.938,43.75,0.052117
-35.938,45.313,0.096274
-35.938,46.875,0.16898
-35.938,48.438,0.19106
-35.938,50,0.14048
-34.375,-48.438,0.41201
-34.375,-46.875,0.49274
-34.375,-45.313,0.50965
-34.375,-43.75,0.38371
-34.375,-42.188,0.293
-34.375,-40.625,0.38688
-34.375,-39.063,0.37858
-34.375,-37.5,0.40819
-34.375,-35.938,0.38714
-34.375,-34.375,0.31917
-34.375,-32.813,0.25166
-34.375,-31.25,0.062439
-34.375,-29.688,-0.067777
-34.375,-28.125,-0.055664
-34.375,-26.563,-0.021118
-34.375,-25,-8.2715e-05
-34.375,-23.438,0.047622
-34.375,-21.875,0.17397
-34.375,-20.313,0.34023
-34.375,-18.75,0.38083
-34.375,-17.188,0.29322
-34.375,-15.625,0.11154
-34.375,-14.063,0.0051974
-34.375,-12.5,-0.022518
-34.375,-10.938,-0.19845
-34.375,-9.375,-0.39646
-34.375,-7.8125,-0.49639
-34.375,-6.25,-0.49588
-34.375,-4.6875,-0.57968
-34.375,-3.125,-0.64047
-34.375,-1.5625,-0.6014
-34.375,0,-0.67165
-34.375,1.5625,-0.69352
-34.375,3.125,-0.63186
-34.375,4.6875,-0.58984
-34.375,6.25,-0.30571
-34.375,7.8125,-0.085023
-34.375,9.375,0.057881
-34.375,10.938,0.18144
-34.375,12.5,0.17357
-34.375,14.063,0.11716
-34.375,15.625,0.17442
-34.375,17.188,0.29433
-34.375,18.75,0.26217
-34.375,20.313,0.24716
-34.375,21.875,0.38154
-34.375,23.438,0.40856
-34.375,25,0.29075
-34.375,26.563,0.1489
-34.375,28.125,0.15224
-34.375,29.688,0.19374
-34.375,31.25,0.27206
-34.375,32.813,0.2581
-34.375,34.375,0.19545
-34.375,35.938,0.10688
-34.375,37.5,-0.024978
-34.375,39.063,-0.070596
-34.375,40.625,-0.18455
-34.375,42.188,-0.21614
-34.375,43.75,-0.091588
-34.375,45.313,0.0057226
-34.375,46.875,0.17916
-34.375,48.438,0.15699
-34.375,50,0.20756
-32.813,-48.438,0.42888
-32.813,-46.875,0.62349
-32.813,-45.313,0.57575
-32.813,-43.75,0.44745
-32.813,-42.188,0.4125
-32.813,-40.625,0.39658
-32.813,-39.063,0.29464
-32.813,-37.5,0.2196
-32.813,-35.938,0.32524
-32.813,-34.375,0.45292
-32.813,-32.813,0.30186
-32.813,-31.25,0.06421
-32.813,-29.688,0.068792
-32.813,-28.125,0.044255
-32.813,-26.563,0.040499
-32.813,-25,0.055507
-32.813,-23.438,0.095984
-32.813,-21.875,0.22729
-32.813,-20.313,0.21809
-32.813,-18.75,0.15324
-32.813,-17.188,0.059755
-32.813,-15.625,-0.051607
-32.813,-14.063,-0.11187
-32.813,-12.5,-0.22884
-32.813,-10.938,-0.40926
-32.813,-9.375,-0.58843
-32.813,-7.8125,-0.72289
-32.813,-6.25,-0.71783
-32.813,-4.6875,-0.65207
-32.813,-3.125,-0.58364
-32.813,-1.5625,-0.64071
-32.813,0,-0.58103
-32.813,1.5625,-0.49143
-32.813,3.125,-0.39569
-32.813,4.6875,-0.31675
-32.813,6.25,-0.087075
-32.813,7.8125,0.043474
-32.813,9.375,0.073078
-32.813,10.938,0.10894
-32.813,12.5,0.21236
-32.813,14.063,0.27752
-32.813,15.625,0.26702
-32.813,17.188,0.20387
-32.813,18.75,0.18637
-32.813,20.313,0.19338
-32.813,21.875,0.21129
-32.813,23.438,0.13861
-32.813,25,-0.021458
-32.813,26.563,-0.030868
-32.813,28.125,-0.026961
-32.813,29.688,-0.030043
-32.813,31.25,0.0080278
-32.813,32.813,0.022207
-32.813,34.375,0.010262
-32.813,35.938,-0.081516
-32.813,37.5,-0.015819
-32.813,39.063,0.0090388
-32.813,40.625,-0.07483
-32.813,42.188,-0.21489
-32.813,43.75,-0.23756
-32.813,45.313,-0.18757
-32.813,46.875,0.0098333
-32.813,48.438,0.13416
-32.813,50,0.28253
-31.25,-48.438,0.54502
-31.25,-46.875,0.66904
-31.25,-45.313,0.56812
-31.25,-43.75,0.45428
-31.25,-42.188,0.39361
-31.25,-40.625,0.32719
-31.25,-39.063,0.1996
-31.25,-37.5,0.12414
-31.25,-35.938,0.27105
-31.25,-34.375,0.35725
-31.25,-32.813,0.31045
-31.25,-31.25,0.3061
-31.25,-29.688,0.29661
-31.25,-28.125,0.19716
-31.25,-26.563,0.035919
-31.25,-25,0.036611
-31.25,-23.438,0.021246
-31.25,-21.875,0.0066693
-31.25,-20.313,-0.08327
-31.25,-18.75,-0.10465
-31.25,-17.188,-0.11379
-31.25,-15.625,-0.093855
-31.25,-14.063,-0.21697
-31.25,-12.5,-0.32568
-31.25,-10.938,-0.33145
-31.25,-9.375,-0.58701
-31.25,-7.8125,-0.74114
-31.25,-6.25,-0.69906
-31.25,-4.6875,-0.51438
-31.25,-3.125,-0.51548
-31.25,-1.5625,-0.56459
-31.25,0,-0.40734
-31.25,1.5625,-0.31354
-31.25,3.125,-0.15795
-31.25,4.6875,-0.00036308
-31.25,6.25,0.012541
-31.25,7.8125,0.051458
-31.25,9.375,0.10162
-31.25,10.938,0.090497
-31.25,12.5,0.28621
-31.25,14.063,0.37646
-31.25,15.625,0.32591
-31.25,17.188,0.22562
-31.25,18.75,0.1386
-31.25,20.313,-0.049962
-31.25,21.875,-0.17108
-31.25,23.438,-0.2425
-31.25,25,-0.27546
-31.25,26.563,-0.20931
-31.25,28.125,-0.19016
-31.25,29.688,-0.19096
-31.25,31.25,-0.20216
-31.25,32.813,-0.23072
-31.25,34.375,-0.26734
-31.25,35.938,-0.26141
-31.25,37.5,-0.23614
-31.25,39.063,-0.12367
-31.25,40.625,-0.088146
-31.25,42.188,-0.18917
-31.25,43.75,-0.17583
-31.25,45.313,-0.14387
-31.25,46.875,-0.022346
-31.25,48.438,0.24551
-31.25,50,0.46474
-29.688,-48.438,0.75004
-29.688,-46.875,0.66888
-29.688,-45.313,0.56392
-29.688,-43.75,0.51428
-29.688,-42.188,0.41349
-29.688,-40.625,0.33315
-29.688,-39.063,0.20917
-29.688,-37.5,0.21703
-29.688,-35.938,0.22355
-29.688,-34.375,0.23094
-29.688,-32.813,0.25181
-29.688,-31.25,0.34473
-29.688,-29.688,0.33851
-29.688,-28.125,0.24669
-29.688,-26.563,0.10173
-29.688,-25,-0.10415
-29.688,-23.438,-0.23681
-29.688,-21.875,-0.39785
-29.688,-20.313,-0.41854
-29.688,-18.75,-0.35533
-29.688,-17.188,-0.33203
-29.688,-15.625,-0.27347
-29.688,-14.063,-0.27078
-29.688,-12.5,-0.30117
-29.688,-10.938,-0.25117
-29.688,-9.375,-0.40111
-29.688,-7.8125,-0.4748
-29.688,-6.25,-0.38931
-29.688,-4.6875,-0.39546
-29.688,-3.125,-0.43596
-29.688,-1.5625,-0.34859
-29.688,0,-0.1636
-29.688,1.5625,-0.031814
-29.688,3.125,0.036295
-29.688,4.6875,0.15884
-29.688,6.25,0.1485
-29.688,7.8125,0.019278
-29.688,9.375,0.035333
-29.688,10.938,0.15375
-29.688,12.5,0.20995
-29.688,14.063,0.24929
-29.688,15.625,0.24205
-29.688,17.188,0.12816
-29.688,18.75,-0.011592
-29.688,20.313,-0.21413
-29.688,21.875,-0.38705
-29.688,23.438,-0.4462
-29.688,25,-0.40669
-29.688,26.563,-0.30771
-29.688,28.125,-0.2999
-29.688,29.688,-0.3195
-29.688,31.25,-0.30336
-29.688,32.813,-0.20405
-29.688,34.375,-0.22716
-29.688,35.938,-0.21017
-29.688,37.5,-0.24848
-29.688,39.063,-0.22377
-29.688,40.625,-0.066895
-29.688,42.188,-0.051329
-29.688,43.75,-0.056264
-29.688,45.313,0.044021
-29.688,46.875,0.19729
-29.688,48.438,0.43023
-29.688,50,0.66711
-28.125,-48.438,0.89336
-28.125,-46.875,0.70012
-28.125,-45.313,0.55498
-28.125,-43.75,0.51696
-28.125,-42.188,0.4585
-28.125,-40.625,0.31912
-28.125,-39.063,0.28356
-28.125,-37.5,0.2919
-28.125,-35.938,0.28236
-28.125,-34.375,0.27533
-28.125,-32.813,0.20137
-28.125,-31.25,0.21488
-28.125,-29.688,0.10932
-28.125,-28.125,0.090933
-28.125,-26.563,-0.0078125
-28.125,-25,-0.22126
-28.125,-23.438,-0.38861
-28.125,-21.875,-0.55106
-28.125,-20.313,-0.63289
-28.125,-18.75,-0.61742
-28.125,-17.188,-0.53153
-28.125,-15.625,-0.38222
-28.125,-14.063,-0.36748
-28.125,-12.5,-0.17414
-28.125,-10.938,-0.073634
-28.125,-9.375,-0.15064
-28.125,-7.8125,-0.21621
-28.125,-6.25,-0.19693
-28.125,-4.6875,-0.27999
-28.125,-3.125,-0.22216
-28.125,-1.5625,-0.048618
-28.125,0,0.19831
-28.125,1.5625,0.28025
-28.125,3.125,0.13981
-28.125,4.6875,0.045028
-28.125,6.25,0.091571
-28.125,7.8125,0.057936
-28.125,9.375,0.095837
-28.125,10.938,0.11615
-28.125,12.5,0.10009
-28.125,14.063,0.056623
-28.125,15.625,0.10935
-28.125,17.188,-0.018454
-28.125,18.75,-0.10023
-28.125,20.313,-0.14898
-28.125,21.875,-0.26729
-28.125,23.438,-0.34695
-28.125,25,-0.31678
-28.125,26.563,-0.22009
-28.125,28.125,-0.22534
-28.125,29.688,-0.14974
-28.125,31.25,-0.026079
-28.125,32.813,0.049477
-28.125,34.375,-0.0024793
-28.125,35.938,-0.090961
-28.125,37.5,-0.13955
-28.125,39.063,-0.043212
-28.125,40.625,0.11963
-28.125,42.188,0.18486
-28.125,43.75,0.29455
-28.125,45.313,0.51792
-28.125,46.875,0.68127
-28.125,48.438,0.75886
-28.125,50,0.8526
-26.563,-48.438,0.81149
-26.563,-46.875,0.64913
-26.563,-45.313,0.4638
-26.563,-43.75,0.41123
-26.563,-42.188,0.42621
-26.563,-40.625,0.41566
-26.563,-39.063,0.26292
-26.563,-37.5,0.22813
-26.563,-35.938,0.24445
-26.563,-34.375,0.22999
-26.563,-32.813,0.18672
-26.563,-31.25,0.15278
-26.563,-29.688,0.071018
-26.563,-28.125,-0.086343
-26.563,-26.563,-0.1352
-26.563,-25,-0.25637
-26.563,-23.438,-0.39649
-26.563,-21.875,-0.48477
-26.563,-20.313,-0.51522
-26.563,-18.75,-0.60013
-26.563,-17.188,-0.56254
-26.563,-15.625,-0.43544
-26.563,-14.063,-0.22514
-26.563,-12.5,-0.14394
-26.563,-10.938,0.052383
-26.563,-9.375,0.10228
-26.563,-7.8125,0.052038
-26.563,-6.25,-0.092035
-26.563,-4.6875,-0.12735
-26.563,-3.125,0.061551
-26.563,-1.5625,0.18511
-26.563,0,0.30641
-26.563,1.5625,0.29757
-26.563,3.125,0.17062
-26.563,4.6875,0.038958
-26.563,6.25,0.070634
-26.563,7.8125,0.17677
-26.563,9.375,0.18202
-26.563,10.938,0.028465
-26.563,12.5,-0.12982
-26.563,14.063,-0.11909
-26.563,15.625,-0.12359
-26.563,17.188,-0.11365
-26.563,18.75,-0.084862
-26.563,20.313,-0.037544
-26.563,21.875,0.031646
-26.563,23.438,-0.091583
-26.563,25,-0.13455
-26.563,26.563,-0.10214
-26.563,28.125,-0.050722
-26.563,29.688,0.045665
-26.563,31.25,0.072392
-26.563,32.813,0.12679
-26.563,34.375,0.046881
-26.563,35.938,-0.024841
-26.563,37.5,-0.062183
-26.563,39.063,-0.067532
-26.563,40.625,0.11627
-26.563,42.188,0.3677
-26.563,43.75,0.57629
-26.563,45.313,0.68141
-26.563,46.875,0.72852
-26.563,48.438,0.79349
-26.563,50,0.82064
-25,-48.438,0.6248
-25,-46.875,0.64884
-25,-45.313,0.49626
-25,-43.75,0.46177
-25,-42.188,0.47486
-25,-40.625,0.40987
-25,-39.063,0.3429
-25,-37.5,0.24702
-25,-35.938,0.10353
-25,-34.375,0.10671
-25,-32.813,0.065267
-25,-31.25,0.011654
-25,-29.688,0.022464
-25,-28.125,-0.037931
-25,-26.563,-0.10696
-25,-25,-0.19555
-25,-23.438,-0.14025
-25,-21.875,-0.23351
-25,-20.313,-0.27505
-25,-18.75,-0.32004
-25,-17.188,-0.33654
-25,-15.625,-0.22271
-25,-14.063,-0.13047
-25,-12.5,-0.077255
-25,-10.938,0.11714
-25,-9.375,0.20944
-25,-7.8125,0.097437
-25,-6.25,0.066685
-25,-4.6875,0.16977
-25,-3.125,0.33461
-25,-1.5625,0.27524
-25,0,0.34291
-25,1.5625,0.34002
-25,3.125,0.1643
-25,4.6875,0.14438
-25,6.25,0.10525
-25,7.8125,0.084414
-25,9.375,0.11116
-25,10.938,-0.06568
-25,12.5,-0.20723
-25,14.063,-0.23971
-25,15.625,-0.37378
-25,17.188,-0.17581
-25,18.75,0.045076
-25,20.313,0.081963
-25,21.875,0.11173
-25,23.438,0.060387
-25,25,0.0094045
-25,26.563,0.052908
-25,28.125,0.041423
-25,29.688,0.036353
-25,31.25,0.045115
-25,32.813,0.0086002
-25,34.375,0.033438
-25,35.938,0.0015345
-25,37.5,-0.13
-25,39.063,-0.12137
-25,40.625,0.091588
-25,42.188,0.19921
-25,43.75,0.34543
-25,45.313,0.3651
-25,46.875,0.47917
-25,48.438,0.56246
-25,50,0.56211
-23.438,-48.438,0.50039
-23.438,-46.875,0.5161
-23.438,-45.313,0.53825
-23.438,-43.75,0.52787
-23.438,-42.188,0.48586
-23.438,-40.625,0.33761
-23.438,-39.063,0.26645
-23.438,-37.5,0.29924
-23.438,-35.938,0.25014
-23.438,-34.375,0.25916
-23.438,-32.813,0.23599
-23.438,-31.25,0.14116
-23.438,-29.688,0.11004
-23.438,-28.125,0.11151
-23.438,-26.563,0.037188
-23.438,-25,-0.084707
-23.438,-23.438,-0.05791
-23.438,-21.875,-0.056515
-23.438,-20.313,-0.08152
-23.438,-18.75,-0.049132
-23.438,-17.188,-0.074592
-23.438,-15.625,-0.027263
-23.438,-14.063,-0.04706
-23.438,-12.5,-0.075927
-23.438,-10.938,0.03088
-23.438,-9.375,0.15604
-23.438,-7.8125,0.18252
-23.438,-6.25,0.23114
-23.438,-4.6875,0.25063
-23.438,-3.125,0.27164
-23.438,-1.5625,0.23106
-23.438,0,0.15361
-23.438,1.5625,0.15315
-23.438,3.125,0.046598
-23.438,4.6875,0.10682
-23.438,6.25,0.074667
-23.438,7.8125,-0.030486
-23.438,9.375,-0.013718
-23.438,10.938,-0.082624
-23.438,12.5,-0.1038
-23.438,14.063,-0.078992
-23.438,15.625,-0.098596
-23.438,17.188,-0.018751
-23.438,18.75,0.14621
-23.438,20.313,0.071807
-23.438,21.875,0.047545
-23.438,23.438,0.17099
-23.438,25,0.14195
-23.438,26.563,0.092183
-23.438,28.125,0.075411
-23.438,29.688,0.015605
-23.438,31.25,0.054746
-23.438,32.813,0.020547
-23.438,34.375,-0.086969
-23.438,35.938,-0.1305
-23.438,37.5,-0.097907
-23.438,39.063,-0.070434
-23.438,40.625,-0.027991
-23.438,42.188,0.026692
-23.438,43.75,0.1056
-23.438,45.313,0.067436
-23.438,46.875,0.11004
-23.438,48.438,0.23941
-23.438,50,0.38892
-21.875,-48.438,0.25282
-21.875,-46.875,0.42761
-21.875,-45.313,0.45066
-21.875,-43.75,0.40466
-21.875,-42.188,0.33355
-21.875,-40.625,0.27962
-21.875,-39.063,0.29414
-21.875,-37.5,0.27033
-21.875,-35.938,0.30649
-21.875,-34.375,0.38973
-21.875,-32.813,0.36118
-21.875,-31.25,0.32419
-21.875,-29.688,0.33815
-21.875,-28.125,0.16912
-21.875,-26.563,-0.084048
-21.875,-25,-0.15201
-21.875,-23.438,-0.085938
-21.875,-21.875,0.019987
-21.875,-20.313,0.041496
-21.875,-18.75,0.032033
-21.875,-17.188,0.015821
-21.875,-15.625,-0.081353
-21.875,-14.063,-0.06215
-21.875,-12.5,-0.054738
-21.875,-10.938,-0.16027
-21.875,-9.375,-0.044555
-21.875,-7.8125,0.10561
-21.875,-6.25,0.13178
-21.875,-4.6875,0.099339
-21.875,-3.125,0.088279
-21.875,-1.5625,0.004172
-21.875,0,-0.11198
-21.875,1.5625,-0.033608
-21.875,3.125,0.013725
-21.875,4.6875,-0.020908
-21.875,6.25,-0.062821
-21.875,7.8125,-0.066443
-21.875,9.375,-0.0071461
-21.875,10.938,0.011634
-21.875,12.5,-0.0070079
-21.875,14.063,0.069986
-21.875,15.625,0.040037
-21.875,17.188,0.031359
-21.875,18.75,-0.03003
-21.875,20.313,-0.053935
-21.875,21.875,0.093396
-21.875,23.438,0.25348
-21.875,25,0.19019
-21.875,26.563,0.099772
-21.875,28.125,-0.048404
-21.875,29.688,-0.19362
-21.875,31.25,-0.11205
-21.875,32.813,-0.089202
-21.875,34.375,-0.10146
-21.875,35.938,-0.026321
-21.875,37.5,-0.1283
-21.875,39.063,-0.26196
-21.875,40.625,-0.27208
-21.875,42.188,-0.30429
-21.875,43.75,-0.20971
-21.875,45.313,-0.16254
-21.875,46.875,-0.069252
-21.875,48.438,0.006751
-21.875,50,0.059154
-20.313,-48.438,0.06056
-20.313,-46.875,0.27187
-20.313,-45.313,0.37348
-20.313,-43.75,0.39797
-20.313,-42.188,0.46845
-20.313,-40.625,0.44572
-20.313,-39.063,0.33874
-20.313,-37.5,0.27529
-20.313,-35.938,0.2756
-20.313,-34.375,0.2456
-20.313,-32.813,0.25122
-20.313,-31.25,0.28616
-20.313,-29.688,0.3274
-20.313,-28.125,0.2282
-20.313,-26.563,-0.09813
-20.313,-25,-0.24862
-20.313,-23.438,-0.15455
-20.313,-21.875,-0.078564
-20.313,-20.313,0.021559
-20.313,-18.75,0.048823
-20.313,-17.188,-0.098772
-20.313,-15.625,-0.22541
-20.313,-14.063,-0.17238
-20.313,-12.5,-0.28
-20.313,-10.938,-0.28205
-20.313,-9.375,-0.11476
-20.313,-7.8125,0.012867
-20.313,-6.25,-0.012612
-20.313,-4.6875,-0.10407
-20.313,-3.125,-0.19179
-20.313,-1.5625,-0.23271
-20.313,0,-0.27956
-20.313,1.5625,-0.20477
-20.313,3.125,-0.079825
-20.313,4.6875,-0.15622
-20.313,6.25,-0.17896
-20.313,7.8125,-0.1111
-20.313,9.375,-0.055106
-20.313,10.938,0.014486
-20.313,12.5,0.087065
-20.313,14.063,0.04509
-20.313,15.625,0.12125
-20.313,17.188,0.076294
-20.313,18.75,-0.033622
-20.313,20.313,-0.022286
-20.313,21.875,0.10062
-20.313,23.438,0.15525
-20.313,25,0.15422
-20.313,26.563,0.089081
-20.313,28.125,-0.036133
-20.313,29.688,-0.25775
-20.313,31.25,-0.30375
-20.313,32.813,-0.2396
-20.313,34.375,-0.14882
-20.313,35.938,-0.026062
-20.313,37.5,-0.13689
-20.313,39.063,-0.22662
-20.313,40.625,-0.37979
-20.313,42.188,-0.46018
-20.313,43.75,-0.40462
-20.313,45.313,-0.35156
-20.313,46.875,-0.12778
-20.313,48.438,-0.042229
-20.313,50,-0.074133
-18.75,-48.438,0.084423
-18.75,-46.875,0.24176
-18.75,-45.313,0.46986
-18.75,-43.75,0.5204
-18.75,-42.188,0.4362
-18.75,-40.625,0.35964
-18.75,-39.063,0.2971
-18.75,-37.5,0.23339
-18.75,-35.938,0.19079
-18.75,-34.375,0.13114
-18.75,-32.813,0.038272
-18.75,-31.25,0.1163
-18.75,-29.688,0.18984
-18.75,-28.125,0.094862
-18.75,-26.563,-0.072739
-18.75,-25,-0.23677
-18.75,-23.438,-0.21321
-18.75,-21.875,-0.10476
-18.75,-20.313,-0.067043
-18.75,-18.75,-0.042971
-18.75,-17.188,-0.16803
-18.75,-15.625,-0.31707
-18.75,-14.063,-0.41076
-18.75,-12.5,-0.49294
-18.75,-10.938,-0.38122
-18.75,-9.375,-0.28494
-18.75,-7.8125,-0.26958
-18.75,-6.25,-0.29819
-18.75,-4.6875,-0.42303
-18.75,-3.125,-0.41846
-18.75,-1.5625,-0.41977
-18.75,0,-0.45362
-18.75,1.5625,-0.43776
-18.75,3.125,-0.42183
-18.75,4.6875,-0.3717
-18.75,6.25,-0.052226
-18.75,7.8125,0.15587
-18.75,9.375,0.17155
-18.75,10.938,0.15263
-18.75,12.5,0.09623
-18.75,14.063,0.010837
-18.75,15.625,0.087144
-18.75,17.188,0.16799
-18.75,18.75,0.10272
-18.75,20.313,0.022741
-18.75,21.875,0.062625
-18.75,23.438,0.20311
-18.75,25,0.16324
-18.75,26.563,0.023444
-18.75,28.125,-0.08889
-18.75,29.688,-0.22453
-18.75,31.25,-0.29491
-18.75,32.813,-0.35143
-18.75,34.375,-0.27914
-18.75,35.938,-0.20551
-18.75,37.5,-0.10752
-18.75,39.063,-0.1095
-18.75,40.625,-0.2164
-18.75,42.188,-0.30312
-18.75,43.75,-0.29772
-18.75,45.313,-0.29156
-18.75,46.875,-0.15076
-18.75,48.438,-0.12021
-18.75,50,-0.049679
-17.188,-48.438,0.22679
-17.188,-46.875,0.36931
-17.188,-45.313,0.3846
-17.188,-43.75,0.37157
-17.188,-42.188,0.31673
-17.188,-40.625,0.32092
-17.188,-39.063,0.18734
-17.188,-37.5,0.1566
-17.188,-35.938,0.069995
-17.188,-34.375,-0.07596
-17.188,-32.813,-0.13921
-17.188,-31.25,-0.055441
-17.188,-29.688,-0.0028332
-17.188,-28.125,0.0036596
-17.188,-26.563,-0.054222
-17.188,-25,-0.15056
-17.188,-23.438,-0.11072
-17.188,-21.875,-0.046138
-17.188,-20.313,-0.12549
-17.188,-18.75,-0.21065
-17.188,-17.188,-0.31617
-17.188,-15.625,-0.3738
-17.188,-14.063,-0.45686
-17.188,-12.5,-0.54914
-17.188,-10.938,-0.561
-17.188,-9.375,-0.56081
-17.188,-7.8125,-0.50953
-17.188,-6.25,-0.42696
-17.188,-4.6875,-0.54451
-17.188,-3.125,-0.50421
-17.188,-1.5625,-0.49988
-17.188,0,-0.4745
-17.188,1.5625,-0.48142
-17.188,3.125,-0.52499
-17.188,4.6875,-0.39725
-17.188,6.25,-0.11411
-17.188,7.8125,0.094137
-17.188,9.375,0.23298
-17.188,10.938,0.162
-17.188,12.5,0.013017
-17.188,14.063,-0.055794
-17.188,15.625,0.034782
-17.188,17.188,0.045691
-17.188,18.75,0.039491
-17.188,20.313,-0.012681
-17.188,21.875,0.012543
-17.188,23.438,0.082967
-17.188,25,0.095053
-17.188,26.563,-0.0040303
-17.188,28.125,-0.046951
-17.188,29.688,-0.10924
-17.188,31.25,-0.22664
-17.188,32.813,-0.26488
-17.188,34.375,-0.28279
-17.188,35.938,-0.23656
-17.188,37.5,-0.075758
-17.188,39.063,-0.063509
-17.188,40.625,-0.1101
-17.188,42.188,-0.090713
-17.188,43.75,-0.046122
-17.188,45.313,-0.038843
-17.188,46.875,-0.020323
-17.188,48.438,-0.0081559
-17.188,50,0.064644
-15.625,-48.438,0.076327
-15.625,-46.875,0.16414
-15.625,-45.313,0.10292
-15.625,-43.75,0.18912
-15.625,-42.188,0.26589
-15.625,-40.625,0.3056
-15.625,-39.063,0.21301
-15.625,-37.5,0.014056
-15.625,-35.938,-0.079869
-15.625,-34.375,-0.10529
-15.625,-32.813,-0.037349
-15.625,-31.25,-0.0024021
-15.625,-29.688,-0.0096967
-15.625,-28.125,0.031019
-15.625,-26.563,-0.0021221
-15.625,-25,-0.058073
-15.625,-23.438,-0.13868
-15.625,-21.875,-0.22815
-15.625,-20.313,-0.26893
-15.625,-18.75,-0.3709
-15.625,-17.188,-0.38052
-15.625,-15.625,-0.38817
-15.625,-14.063,-0.50697
-15.625,-12.5,-0.68997
-15.625,-10.938,-0.78192
-15.625,-9.375,-0.78467
-15.625,-7.8125,-0.68246
-15.625,-6.25,-0.58594
-15.625,-4.6875,-0.53678
-15.625,-3.125,-0.44382
-15.625,-1.5625,-0.4098
-15.625,0,-0.40378
-15.625,1.5625,-0.44124
-15.625,3.125,-0.44572
-15.625,4.6875,-0.40924
-15.625,6.25,-0.39858
-15.625,7.8125,-0.20919
-15.625,9.375,0.016936
-15.625,10.938,0.10839
-15.625,12.5,0.041729
-15.625,14.063,0.03574
-15.625,15.625,0.056346
-15.625,17.188,0.038932
-15.625,18.75,-0.085909
-15.625,20.313,-0.08989
-15.625,21.875,-0.0127
-15.625,23.438,0.014248
-15.625,25,0.08514
-15.625,26.563,0.02805
-15.625,28.125,-0.054882
-15.625,29.688,-0.10028
-15.625,31.25,-0.16028
-15.625,32.813,-0.27414
-15.625,34.375,-0.24652
-15.625,35.938,-0.28212
-15.625,37.5,-0.30529
-15.625,39.063,-0.25781
-15.625,40.625,-0.18588
-15.625,42.188,-0.0759
-15.625,43.75,-0.078042
-15.625,45.313,-0.077661
-15.625,46.875,-0.061384
-15.625,48.438,0.026143
-15.625,50,0.028503
-14.063,-48.438,-0.13116
-14.063,-46.875,0.040722
-14.063,-45.313,0.23548
-14.063,-43.75,0.28533
-14.063,-42.188,0.28121
-14.063,-40.625,0.23833
-14.063,-39.063,0.18704
-14.063,-37.5,0.044494
-14.063,-35.938,-0.038649
-14.063,-34.375,-0.013005
-14.063,-32.813,-0.087094
-14.063,-31.25,-0.11579
-14.063,-29.688,-0.098334
-14.063,-28.125,-0.029322
-14.063,-26.563,0.061265
-14.063,-25,-0.011734
-14.063,-23.438,-0.1477
-14.063,-21.875,-0.33068
-14.063,-20.313,-0.4736
-14.063,-18.75,-0.47138
-14.063,-17.188,-0.46173
-14.063,-15.625,-0.46736
-14.063,-14.063,-0.53729
-14.063,-12.5,-0.7317
-14.063,-10.938,-0.81562
-14.063,-9.375,-0.72772
-14.063,-7.8125,-0.66889
-14.063,-6.25,-0.60737
-14.063,-4.6875,-0.55624
-14.063,-3.125,-0.45728
-14.063,-1.5625,-0.35641
-14.063,0,-0.31099
-14.063,1.5625,-0.32055
-14.063,3.125,-0.42005
-14.063,4.6875,-0.4273
-14.063,6.25,-0.4011
-14.063,7.8125,-0.36489
-14.063,9.375,-0.22781
-14.063,10.938,-0.08499
-14.063,12.5,-0.043118
-14.063,14.063,-0.014788
-14.063,15.625,-0.024176
-14.063,17.188,-0.07373
-14.063,18.75,-0.17204
-14.063,20.313,-0.13897
-14.063,21.875,-0.022568
-14.063,23.438,-0.037007
-14.063,25,0.041504
-14.063,26.563,0.028165
-14.063,28.125,-0.031564
-14.063,29.688,-0.0061285
-14.063,31.25,-0.037283
-14.063,32.813,-0.19898
-14.063,34.375,-0.38055
-14.063,35.938,-0.51747
-14.063,37.5,-0.52439
-14.063,39.063,-0.39924
-14.063,40.625,-0.2715
-14.063,42.188,-0.15292
-14.063,43.75,-0.14374
-14.063,45.313,-0.23673
-14.063,46.875,-0.21551
-14.063,48.438,-0.22798
-14.063,50,-0.18528
-12.5,-48.438,-0.048825
-12.5,-46.875,0.15427
-12.5,-45.313,0.22544
-12.5,-43.75,0.32055
-12.5,-42.188,0.38134
-12.5,-40.625,0.29872
-12.5,-39.063,0.26322
-12.5,-37.5,0.17543
-12.5,-35.938,0.14901
-12.5,-34.375,0.15684
-12.5,-32.813,-0.047322
-12.5,-31.25,-0.14567
-12.5,-29.688,-0.076096
-12.5,-28.125,0.050671
-12.5,-26.563,0.032636
-12.5,-25,-0.11989
-12.5,-23.438,-0.25691
-12.5,-21.875,-0.34624
-12.5,-20.313,-0.542
-12.5,-18.75,-0.58875
-12.5,-17.188,-0.48462
-12.5,-15.625,-0.43033
-12.5,-14.063,-0.40442
-12.5,-12.5,-0.50683
-12.5,-10.938,-0.57914
-12.5,-9.375,-0.61235
-12.5,-7.8125,-0.67836
-12.5,-6.25,-0.64257
-12.5,-4.6875,-0.55372
-12.5,-3.125,-0.48528
-12.5,-1.5625,-0.37842
-12.5,0,-0.38067
-12.5,1.5625,-0.31835
-12.5,3.125,-0.3049
-12.5,4.6875,-0.22444
-12.5,6.25,-0.17913
-12.5,7.8125,-0.34868
-12.5,9.375,-0.29041
-12.5,10.938,-0.17315
-12.5,12.5,-0.19689
-12.5,14.063,-0.17099
-12.5,15.625,-0.12836
-12.5,17.188,-0.15373
-12.5,18.75,-0.10573
-12.5,20.313,-0.025888
-12.5,21.875,-0.012499
-12.5,23.438,-0.051005
-12.5,25,0.019443
-12.5,26.563,0.068273
-12.5,28.125,-0.049187
-12.5,29.688,-0.061803
-12.5,31.25,-0.13097
-12.5,32.813,-0.23367
-12.5,34.375,-0.41488
-12.5,35.938,-0.53574
-12.5,37.5,-0.57432
-12.5,39.063,-0.52734
-12.5,40.625,-0.51872
-12.5,42.188,-0.39427
-12.5,43.75,-0.21222
-12.5,45.313,-0.15081
-12.5,46.875,-0.17761
-12.5,48.438,-0.19657
-12.5,50,-0.20475
-10.938,-48.438,0.31554
-10.938,-46.875,0.38282
-10.938,-45.313,0.39479
-10.938,-43.75,0.45886
-10.938,-42.188,0.52699
-10.938,-40.625,0.40682
-10.938,-39.063,0.35044
-10.938,-37.5,0.38979
-10.938,-35.938,0.33367
-10.938,-34.375,0.11384
-10.938,-32.813,-0.0053102
-10.938,-31.25,-0.024298
-10.938,-29.688,-0.002726
-10.938,-28.125,-0.0077401
-10.938,-26.563,-0.076075
-10.938,-25,-0.24591
-10.938,-23.438,-0.25211
-10.938,-21.875,-0.27019
-10.938,-20.313,-0.43528
-10.938,-18.75,-0.50258
-10.938,-17.188,-0.41362
-10.938,-15.625,-0.34463
-10.938,-14.063,-0.28994
-10.938,-12.5,-0.34766
-10.938,-10.938,-0.45869
-10.938,-9.375,-0.68103
-10.938,-7.8125,-0.81437
-10.938,-6.25,-0.73536
-10.938,-4.6875,-0.56891
-10.938,-3.125,-0.40278
-10.938,-1.5625,-0.34346
-10.938,0,-0.1922
-10.938,1.5625,-0.06161
-10.938,3.125,0.030276
-10.938,4.6875,0.098273
-10.938,6.25,-0.024977
-10.938,7.8125,-0.16774
-10.938,9.375,-0.1136
-10.938,10.938,-0.095043
-10.938,12.5,-0.040564
-10.938,14.063,0.043651
-10.938,15.625,-0.0057525
-10.938,17.188,-0.00485
-10.938,18.75,0.024423
-10.938,20.313,0.026244
-10.938,21.875,0.054419
-10.938,23.438,0.043652
-10.938,25,-0.010945
-10.938,26.563,0.043363
-10.938,28.125,-0.011113
-10.938,29.688,-0.087899
-10.938,31.25,-0.17409
-10.938,32.813,-0.10051
-10.938,34.375,-0.13371
-10.938,35.938,-0.28831
-10.938,37.5,-0.42569
-10.938,39.063,-0.43148
-10.938,40.625,-0.31819
-10.938,42.188,-0.26894
-10.938,43.75,-0.14627
-10.938,45.313,-0.031144
-10.938,46.875,-0.066286
-10.938,48.438,-0.16027
-10.938,50,0.040204
-9.375,-48.438,0.53654
-9.375,-46.875,0.55346
-9.375,-45.313,0.53291
-9.375,-43.75,0.64208
-9.375,-42.188,0.70262
-9.375,-40.625,0.65111
-9.375,-39.063,0.52119
-9.375,-37.5,0.50818
-9.375,-35.938,0.35532
-9.375,-34.375,0.20074
-9.375,-32.813,0.1718
-9.375,-31.25,0.10907
-9.375,-29.688,0.031989
-9.375,-28.125,0.018139
-9.375,-26.563,-0.082669
-9.375,-25,-0.25856
-9.375,-23.438,-0.28359
-9.375,-21.875,-0.0934
-9.375,-20.313,-0.20292
-9.375,-18.75,-0.37637
-9.375,-17.188,-0.3298
-9.375,-15.625,-0.27304
-9.375,-14.063,-0.34315
-9.375,-12.5,-0.38198
-9.375,-10.938,-0.4975
-9.375,-9.375,-0.76228
-9.375,-7.8125,-0.93762
-9.375,-6.25,-0.96956
-9.375,-4.6875,-0.7238
-9.375,-3.125,-0.39023
-9.375,-1.5625,-0.19681
-9.375,0,-0.085818
-9.375,1.5625,0.024483
-9.375,3.125,0.10605
-9.375,4.6875,0.09949
-9.375,6.25,0.09305
-9.375,7.8125,0.057985
-9.375,9.375,0.16868
-9.375,10.938,0.28092
-9.375,12.5,0.23908
-9.375,14.063,0.27199
-9.375,15.625,0.11438
-9.375,17.188,-0.031819
-9.375,18.75,-0.020724
-9.375,20.313,-0.044626
-9.375,21.875,-0.02397
-9.375,23.438,-0.037578
-9.375,25,-0.12818
-9.375,26.563,-0.099157
-9.375,28.125,-0.045577
-9.375,29.688,-0.027432
-9.375,31.25,0.033122
-9.375,32.813,0.12787
-9.375,34.375,0.14519
-9.375,35.938,0.0047011
-9.375,37.5,-0.07069
-9.375,39.063,-0.12084
-9.375,40.625,-0.089357
-9.375,42.188,-0.070636
-9.375,43.75,-0.048996
-9.375,45.313,0.076981
-9.375,46.875,0.15121
-9.375,48.438,0.16301
-9.375,50,0.27957
-7.8125,-48.438,0.49509
-7.8125,-46.875,0.61059
-7.8125,-45.313,0.55138
-7.8125,-43.75,0.61364
-7.8125,-42.188,0.74373
-7.8125,-40.625,0.76264
-7.8125,-39.063,0.57202
-7.8125,-37.5,0.37439
-7.8125,-35.938,0.23158
-7.8125,-34.375,0.09637
-7.8125,-32.813,0.094927
-7.8125,-31.25,0.11647
-7.8125,-29.688,0.13321
-7.8125,-28.125,0.12508
-7.8125,-26.563,0.021368
-7.8125,-25,-0.11803
-7.8125,-23.438,-0.33541
-7.8125,-21.875,-0.27082
-7.8125,-20.313,-0.17698
-7.8125,-18.75,-0.27587
-7.8125,-17.188,-0.26752
-7.8125,-15.625,-0.22156
-7.8125,-14.063,-0.26197
-7.8125,-12.5,-0.35809
-7.8125,-10.938,-0.55556
-7.8125,-9.375,-0.66671
-7.8125,-7.8125,-0.76509
-7.8125,-6.25,-0.8807
-7.8125,-4.6875,-0.75925
-7.8125,-3.125,-0.51608
-7.8125,-1.5625,-0.21518
-7.8125,0,-0.11592
-7.8125,1.5625,-0.048517
-7.8125,3.125,0.018689
-7.8125,4.6875,0.13906
-7.8125,6.25,0.14599
-7.8125,7.8125,0.15219
-7.8125,9.375,0.18852
-7.8125,10.938,0.22502
-7.8125,12.5,0.15036
-7.8125,14.063,0.014021
-7.8125,15.625,-0.0024069
-7.8125,17.188,-0.050469
-7.8125,18.75,-0.089508
-7.8125,20.313,-0.15351
-7.8125,21.875,-0.19382
-7.8125,23.438,-0.16788
-7.8125,25,-0.16695
-7.8125,26.563,-0.10206
-7.8125,28.125,-0.06852
-7.8125,29.688,-0.013796
-7.8125,31.25,0.053805
-7.8125,32.813,0.061757
-7.8125,34.375,0.048675
-7.8125,35.938,0.051875
-7.8125,37.5,-0.016465
-7.8125,39.063,-0.073022
-7.8125,40.625,-0.0081522
-7.8125,42.188,0.091865
-7.8125,43.75,0.10143
-7.8125,45.313,0.1597
-7.8125,46.875,0.2796
-7.8125,48.438,0.33487
-7.8125,50,0.3481
-6.25,-48.438,0.37393
-6.25,-46.875,0.50276
-6.25,-45.313,0.50941
-6.25,-43.75,0.46393
-6.25,-42.188,0.51573
-6.25,-40.625,0.47033
-6.25,-39.063,0.40012
-6.25,-37.5,0.19963
-6.25,-35.938,0.034518
-6.25,-34.375,0.097126
-6.25,-32.813,0.063442
-6.25,-31.25,0.034112
-6.25,-29.688,0.052368
-6.25,-28.125,0.15341
-6.25,-26.563,0.078241
-6.25,-25,-0.013225
-6.25,-23.438,-0.18164
-6.25,-21.875,-0.20811
-6.25,-20.313,-0.086575
-6.25,-18.75,-0.050131
-6.25,-17.188,-0.071798
-6.25,-15.625,0.0066336
-6.25,-14.063,-0.046831
-6.25,-12.5,-0.11368
-6.25,-10.938,-0.20181
-6.25,-9.375,-0.32479
-6.25,-7.8125,-0.47748
-6.25,-6.25,-0.52776
-6.25,-4.6875,-0.46802
-6.25,-3.125,-0.44947
-6.25,-1.5625,-0.20182
-6.25,0,-0.051729
-6.25,1.5625,0.014314
-6.25,3.125,0.091745
-6.25,4.6875,0.17977
-6.25,6.25,0.1319
-6.25,7.8125,0.045817
-6.25,9.375,-0.026113
-6.25,10.938,-0.032743
-6.25,12.5,-0.16454
-6.25,14.063,-0.25126
-6.25,15.625,-0.21428
-6.25,17.188,-0.22141
-6.25,18.75,-0.15798
-6.25,20.313,-0.26178
-6.25,21.875,-0.23956
-6.25,23.438,-0.13142
-6.25,25,-0.071864
-6.25,26.563,-0.032332
-6.25,28.125,-0.079932
-6.25,29.688,-0.036879
-6.25,31.25,0.10498
-6.25,32.813,0.095092
-6.25,34.375,-0.079915
-6.25,35.938,-0.040459
-6.25,37.5,-0.023229
-6.25,39.063,-0.018183
-6.25,40.625,0.034089
-6.25,42.188,-0.089084
-6.25,43.75,-0.076245
-6.25,45.313,0.032345
-6.25,46.875,0.16038
-6.25,48.438,0.30264
-6.25,50,0.31781
-4.6875,-48.438,0.095232
-4.6875,-46.875,0.18256
-4.6875,-45.313,0.21534
-4.6875,-43.75,0.21786
-4.6875,-42.188,0.20905
-4.6875,-40.625,0.19726
-4.6875,-39.063,0.17403
-4.6875,-37.5,0.079861
-4.6875,-35.938,0.064511
-4.6875,-34.375,0.09267
-4.6875,-32.813,0.044055
-4.6875,-31.25,-0.061444
-4.6875,-29.688,-0.06987
-4.6875,-28.125,0.0046271
-4.6875,-26.563,0.020641
-4.6875,-25,-0.0062085
-4.6875,-23.438,-0.080918
-4.6875,-21.875,-0.17197
-4.6875,-20.313,-0.11402
-4.6875,-18.75,-0.013858
-4.6875,-17.188,0.015493
-4.6875,-15.625,0.11527
-4.6875,-14.063,0.12391
-4.6875,-12.5,-0.005608
-4.6875,-10.938,-0.046351
-4.6875,-9.375,-0.12808
-4.6875,-7.8125,-0.19573
-4.6875,-6.25,-0.23708
-4.6875,-4.6875,-0.24986
-4.6875,-3.125,-0.19997
-4.6875,-1.5625,-0.13579
-4.6875,0,-0.14313
-4.6875,1.5625,-0.12973
-4.6875,3.125,-0.067961
-4.6875,4.6875,-0.0021831
-4.6875,6.25,0.014026
-4.6875,7.8125,-0.041375
-4.6875,9.375,-0.079315
-4.6875,10.938,-0.19879
-4.6875,12.5,-0.35064
-4.6875,14.063,-0.44273
-4.6875,15.625,-0.3516
-4.6875,17.188,-0.2419
-4.6875,18.75,-0.10403
-4.6875,20.313,-0.16652
-4.6875,21.875,-0.18368
-4.6875,23.438,-0.08021
-4.6875,25,0.066386
-4.6875,26.563,0.17909
-4.6875,28.125,0.21317
-4.6875,29.688,0.19047
-4.6875,31.25,0.22118
-4.6875,32.813,0.081274
-4.6875,34.375,0.032717
-4.6875,35.938,0.021843
-4.6875,37.5,0.029653
-4.6875,39.063,0.029775
-4.6875,40.625,-0.14819
-4.6875,42.188,-0.32267
-4.6875,43.75,-0.21216
-4.6875,45.313,0.044947
-4.6875,46.875,0.23029
-4.6875,48.438,0.14914
-4.6875,50,0.012777
-3.125,-48.438,-0.25823
-3.125,-46.875,-0.20616
-3.125,-45.313,-0.090413
-3.125,-43.75,0.049445
-3.125,-42.188,0.027543
-3.125,-40.625,-0.00030566
-3.125,-39.063,-0.039447
-3.125,-37.5,0.069572
-3.125,-35.938,0.13172
-3.125,-34.375,0.096337
-3.125,-32.813,-0.022655
-3.125,-31.25,-0.12604
-3.125,-29.688,-0.070281
-3.125,-28.125,-0.035508
-3.125,-26.563,-0.019773
-3.125,-25,0.039664
-3.125,-23.438,-0.013538
-3.125,-21.875,-0.097921
-3.125,-20.313,-0.16112
-3.125,-18.75,-0.014166
-3.125,-17.188,0.025754
-3.125,-15.625,-0.036509
-3.125,-14.063,0.08372
-3.125,-12.5,0.11095
-3.125,-10.938,0.12802
-3.125,-9.375,-0.014838
-3.125,-7.8125,-0.12611
-3.125,-6.25,-0.11705
-3.125,-4.6875,-0.20305
-3.125,-3.125,-0.23126
-3.125,-1.5625,-0.21643
-3.125,0,-0.23331
-3.125,1.5625,-0.263
-3.125,3.125,-0.35458
-3.125,4.6875,-0.30647
-3.125,6.25,-0.28048
-3.125,7.8125,-0.30266
-3.125,9.375,-0.33872
-3.125,10.938,-0.33273
-3.125,12.5,-0.33504
-3.125,14.063,-0.38031
-3.125,15.625,-0.22562
-3.125,17.188,0.078318
-3.125,18.75,0.19341
-3.125,20.313,0.020279
-3.125,21.875,-0.038106
-3.125,23.438,0.15464
-3.125,25,0.28525
-3.125,26.563,0.3732
-3.125,28.125,0.29517
-3.125,29.688,0.21428
-3.125,31.25,0.12896
-3.125,32.813,0.0072111
-3.125,34.375,0.025985
-3.125,35.938,-0.055256
-3.125,37.5,-0.083312
-3.125,39.063,-0.13983
-3.125,40.625,-0.18776
-3.125,42.188,-0.32199
-3.125,43.75,-0.28646
-3.125,45.313,-0.16606
-3.125,46.875,0.0061336
-3.125,48.438,-0.036936
-3.125,50,-0.15024
-1.5625,-48.438,-0.41266
-1.5625,-46.875,-0.37025
-1.5625,-45.313,-0.33389
-1.5625,-43.75,-0.17893
-1.5625,-42.188,-0.10871
-1.5625,-40.625,-0.095377
-1.5625,-39.063,0.020438
-1.5625,-37.5,0.1175
-1.5625,-35.938,0.09455
-1.5625,-34.375,-0.026712
-1.5625,-32.813,-0.007621
-1.5625,-31.25,-0.011498
-1.5625,-29.688,-0.074234
-1.5625,-28.125,-0.1024
-1.5625,-26.563,0.0046089
-1.5625,-25,0.015525
-1.5625,-23.438,-0.063269
-1.5625,-21.875,-0.07547
-1.5625,-20.313,-0.078709
-1.5625,-18.75,-0.017129
-1.5625,-17.188,-0.028561
-1.5625,-15.625,-0.084477
-1.5625,-14.063,-0.062173
-1.5625,-12.5,0.15177
-1.5625,-10.938,0.15315
-1.5625,-9.375,-0.073391
-1.5625,-7.8125,-0.2111
-1.5625,-6.25,-0.25691
-1.5625,-4.6875,-0.26553
-1.5625,-3.125,-0.27337
-1.5625,-1.5625,-0.32547
-1.5625,0,-0.44184
-1.5625,1.5625,-0.41923
-1.5625,3.125,-0.46363
-1.5625,4.6875,-0.48174
-1.5625,6.25,-0.48669
-1.5625,7.8125,-0.48746
-1.5625,9.375,-0.50037
-1.5625,10.938,-0.38612
-1.5625,12.5,-0.26482
-1.5625,14.063,-0.14615
-1.5625,15.625,0.054956
-1.5625,17.188,0.25793
-1.5625,18.75,0.28272
-1.5625,20.313,0.26689
-1.5625,21.875,0.30321
-1.5625,23.438,0.29992
-1.5625,25,0.28792
-1.5625,26.563,0.29737
-1.5625,28.125,0.17632
-1.5625,29.688,0.18379
-1.5625,31.25,0.14452
-1.5625,32.813,0.094889
-1.5625,34.375,0.011273
-1.5625,35.938,-0.087929
-1.5625,37.5,-0.10276
-1.5625,39.063,-0.11018
-1.5625,40.625,-0.12082
-1.5625,42.188,-0.22444
-1.5625,43.75,-0.36265
-1.5625,45.313,-0.4287
-1.5625,46.875,-0.44225
-1.5625,48.438,-0.43096
-1.5625,50,-0.37848
0,-48.438,-0.566
0,-46.875,-0.5218
0,-45.313,-0.4018
0,-43.75,-0.29591
0,-42.188,-0.1244
0,-40.625,0.01506
0,-39.063,0.12692
0,-37.5,0.052508
0,-35.938,0.061523
0,-34.375,0.052788
0,-32.813,0.021444
0,-31.25,0.16444
0,-29.688,0.15879
0,-28.125,0.029487
0,-26.563,-0.065663
0,-25,-0.16516
0,-23.438,-0.20912
0,-21.875,-0.22745
0,-20.313,-0.20338
0,-18.75,-0.20314
0,-17.188,-0.10334
0,-15.625,-0.093146
0,-14.063,-0.069409
0,-12.5,-0.060158
0,-10.938,-0.043131
0,-9.375,-0.11706
0,-7.8125,-0.17233
0,-6.25,-0.25642
0,-4.6875,-0.29292
0,-3.125,-0.34012
0,-1.5625,-0.44905
0,0,-0.47963
0,1.5625,-0.43587
0,3.125,-0.46442
0,4.6875,-0.44473
0,6.25,-0.44754
0,7.8125,-0.47653
0,9.375,-0.37739
0,10.938,-0.21594
0,12.5,-0.12479
0,14.063,-0.065727
0,15.625,0.039667
0,17.188,0.21019
0,18.75,0.25221
0,20.313,0.24948
0,21.875,0.32121
0,23.438,0.22705
0,25,0.17799
0,26.563,0.10554
0,28.125,0.097406
0,29.688,0.1857
0,31.25,0.15861
0,32.813,0.072874
0,34.375,0.040063
0,35.938,-0.069614
0,37.5,-0.040942
0,39.063,-0.098104
0,40.625,-0.22057
0,42.188,-0.30045
0,43.75,-0.35946
0,45.313,-0.56425
0,46.875,-0.64782
0,48.438,-0.5138
0,50,-0.52066
1.5625,-48.438,-0.54127
1.5625,-46.875,-0.50156
1.5625,-45.313,-0.31751
1.5625,-43.75,-0.25816
1.5625,-42.188,-0.037593
1.5625,-40.625,0.10725
1.5625,-39.063,0.12103
1.5625,-37.5,0.10925
1.5625,-35.938,0.083358
1.5625,-34.375,0.15703
1.5625,-32.813,0.21127
1.5625,-31.25,0.16528
1.5625,-29.688,0.14325
1.5625,-28.125,0.040652
1.5625,-26.563,-0.15342
1.5625,-25,-0.23805
1.5625,-23.438,-0.28242
1.5625,-21.875,-0.31489
1.5625,-20.313,-0.24998
1.5625,-18.75,-0.13262
1.5625,-17.188,-0.019972
1.5625,-15.625,-0.058892
1.5625,-14.063,-0.11167
1.5625,-12.5,-0.12309
1.5625,-10.938,-0.13869
1.5625,-9.375,-0.18743
1.5625,-7.8125,-0.1859
1.5625,-6.25,-0.26044
1.5625,-4.6875,-0.33138
1.5625,-3.125,-0.40427
1.5625,-1.5625,-0.50664
1.5625,0,-0.48819
1.5625,1.5625,-0.45629
1.5625,3.125,-0.45711
1.5625,4.6875,-0.36521
1.5625,6.25,-0.28422
1.5625,7.8125,-0.28554
1.5625,9.375,-0.18827
1.5625,10.938,-0.12871
1.5625,12.5,-0.024743
1.5625,14.063,0.045819
1.5625,15.625,0.031638
1.5625,17.188,0.11085
1.5625,18.75,0.12539
1.5625,20.313,0.10195
1.5625,21.875,0.11059
1.5625,23.438,0.071994
1.5625,25,0.12575
1.5625,26.563,0.072642
1.5625,28.125,0.064196
1.5625,29.688,0.099295
1.5625,31.25,0.079201
1.5625,32.813,0.043168
1.5625,34.375,-0.033109
1.5625,35.938,-0.043279
1.5625,37.5,0.09222
1.5625,39.063,-0.031358
1.5625,40.625,-0.22313
1.5625,42.188,-0.45921
1.5625,43.75,-0.44734
1.5625,45.313,-0.5959
1.5625,46.875,-0.55319
1.5625,48.438,-0.59764
1.5625,50,-0.669
3.125,-48.438,-0.33092
3.125,-46.875,-0.2889
3.125,-45.313,-0.13467
3.125,-43.75,-0.091592
3.125,-42.188,-0.011625
3.125,-40.625,0.073921
3.125,-39.063,0.076763
3.125,-37.5,0.12883
3.125,-35.938,0.11672
3.125,-34.375,0.1183
3.125,-32.813,0.23709
3.125,-31.25,0.1671
3.125,-29.688,0.035953
3.125,-28.125,-0.032636
3.125,-26.563,-0.18997
3.125,-25,-0.20132
3.125,-23.438,-0.18796
3.125,-21.875,-0.24235
3.125,-20.313,-0.20889
3.125,-18.75,-0.069128
3.125,-17.188,-0.018782
3.125,-15.625,0.014693
3.125,-14.063,-0.10747
3.125,-12.5,-0.3172
3.125,-10.938,-0.30753
3.125,-9.375,-0.33843
3.125,-7.8125,-0.46365
3.125,-6.25,-0.52577
3.125,-4.6875,-0.54011
3.125,-3.125,-0.56603
3.125,-1.5625,-0.62743
3.125,0,-0.65978
3.125,1.5625,-0.4896
3.125,3.125,-0.36385
3.125,4.6875,-0.2305
3.125,6.25,-0.23168
3.125,7.8125,-0.16101
3.125,9.375,-0.16634
3.125,10.938,-0.12715
3.125,12.5,0.10759
3.125,14.063,0.19455
3.125,15.625,0.12912
3.125,17.188,0.046366
3.125,18.75,0.11751
3.125,20.313,0.16231
3.125,21.875,-0.010749
3.125,23.438,0.061488
3.125,25,0.1826
3.125,26.563,0.22388
3.125,28.125,0.10965
3.125,29.688,0.039976
3.125,31.25,-0.022742
3.125,32.813,-0.017269
3.125,34.375,0.057524
3.125,35.938,-0.0041211
3.125,37.5,0.037195
3.125,39.063,-0.05631
3.125,40.625,-0.15731
3.125,42.188,-0.26861
3.125,43.75,-0.39506
3.125,45.313,-0.4695
3.125,46.875,-0.50847
3.125,48.438,-0.52661
3.125,50,-0.44234
4.6875,-48.438,0.077128
4.6875,-46.875,0.11789
4.6875,-45.313,0.1787
4.6875,-43.75,0.24789
4.6875,-42.188,0.21217
4.6875,-40.625,0.11863
4.6875,-39.063,-0.01663
4.6875,-37.5,-0.073381
4.6875,-35.938,-0.089485
4.6875,-34.375,-0.064942
4.6875,-32.813,0.023905
4.6875,-31.25,0.12127
4.6875,-29.688,0.042605
4.6875,-28.125,-0.051318
4.6875,-26.563,-0.17138
4.6875,-25,-0.13956
4.6875,-23.438,-0.13053
4.6875,-21.875,-0.19227
4.6875,-20.313,-0.20987
4.6875,-18.75,-0.24773
4.6875,-17.188,-0.23175
4.6875,-15.625,-0.25749
4.6875,-14.063,-0.27787
4.6875,-12.5,-0.38653
4.6875,-10.938,-0.3701
4.6875,-9.375,-0.36647
4.6875,-7.8125,-0.457
4.6875,-6.25,-0.51133
4.6875,-4.6875,-0.63187
4.6875,-3.125,-0.63275
4.6875,-1.5625,-0.67997
4.6875,0,-0.63444
4.6875,1.5625,-0.56192
4.6875,3.125,-0.31973
4.6875,4.6875,-0.14815
4.6875,6.25,-0.059649
4.6875,7.8125,-0.066096
4.6875,9.375,-0.10763
4.6875,10.938,0.012497
4.6875,12.5,0.077369
4.6875,14.063,0.13153
4.6875,15.625,0.14349
4.6875,17.188,0.089684
4.6875,18.75,0.09878
4.6875,20.313,-0.026497
4.6875,21.875,-0.097464
4.6875,23.438,0.032029
4.6875,25,0.10831
4.6875,26.563,0.18389
4.6875,28.125,0.16711
4.6875,29.688,0.10981
4.6875,31.25,0.19273
4.6875,32.813,0.10449
4.6875,34.375,0.098892
4.6875,35.938,0.040398
4.6875,37.5,-0.0042678
4.6875,39.063,-0.10434
4.6875,40.625,-0.072477
4.6875,42.188,-0.11414
4.6875,43.75,-0.27403
4.6875,45.313,-0.31314
4.6875,46.875,-0.3568
4.6875,48.438,-0.2403
4.6875,50,-0.040515
6.25,-48.438,0.26489
6.25,-46.875,0.26541
6.25,-45.313,0.35476
6.25,-43.75,0.31843
6.25,-42.188,0.25372
6.25,-40.625,0.15963
6.25,-39.063,0.054287
6.25,-37.5,-0.076522
6.25,-35.938,-0.068818
6.25,-34.375,-0.056113
6.25,-32.813,-0.13569
6.25,-31.25,-0.15998
6.25,-29.688,-0.17181
6.25,-28.125,-0.17628
6.25,-26.563,-0.17927
6.25,-25,-0.15097
6.25,-23.438,-0.13014
6.25,-21.875,-0.26255
6.25,-20.313,-0.2681
6.25,-18.75,-0.21853
6.25,-17.188,-0.18954
6.25,-15.625,-0.18025
6.25,-14.063,-0.21084
6.25,-12.5,-0.20631
6.25,-10.938,-0.1737
6.25,-9.375,-0.16534
6.25,-7.8125,-0.22544
6.25,-6.25,-0.31883
6.25,-4.6875,-0.43172
6.25,-3.125,-0.46074
6.25,-1.5625,-0.41371
6.25,0,-0.37919
6.25,1.5625,-0.27386
6.25,3.125,-0.083333
6.25,4.6875,0.05228
6.25,6.25,0.065722
6.25,7.8125,0.028481
6.25,9.375,0.025569
6.25,10.938,0.05595
6.25,12.5,0.040972
6.25,14.063,-0.010202
6.25,15.625,-0.078521
6.25,17.188,-0.087747
6.25,18.75,-0.014229
6.25,20.313,-0.11421
6.25,21.875,-0.11855
6.25,23.438,0.045023
6.25,25,0.18008
6.25,26.563,0.23333
6.25,28.125,0.22495
6.25,29.688,0.26401
6.25,31.25,0.25582
6.25,32.813,0.25395
6.25,34.375,0.23359
6.25,35.938,0.14057
6.25,37.5,0.075019
6.25,39.063,0.0127
6.25,40.625,-0.021242
6.25,42.188,-0.070764
6.25,43.75,-0.035212
6.25,45.313,-0.040728
6.25,46.875,-0.046597
6.25,48.438,0.05756
6.25,50,0.22999
7.8125,-48.438,0.33392
7.8125,-46.875,0.34316
7.8125,-45.313,0.27947
7.8125,-43.75,0.23252
7.8125,-42.188,0.25686
7.8125,-40.625,0.26739
7.8125,-39.063,0.23611
7.8125,-37.5,0.15596
7.8125,-35.938,0.11141
7.8125,-34.375,0.057747
7.8125,-32.813,-0.088324
7.8125,-31.25,-0.14656
7.8125,-29.688,-0.1976
7.8125,-28.125,-0.24421
7.8125,-26.563,-0.044812
7.8125,-25,-0.021381
7.8125,-23.438,-0.13984
7.8125,-21.875,-0.15656
7.8125,-20.313,-0.13248
7.8125,-18.75,-0.16513
7.8125,-17.188,-0.21313
7.8125,-15.625,-0.13973
7.8125,-14.063,-0.001147
7.8125,-12.5,0.043003
7.8125,-10.938,0.022715
7.8125,-9.375,0.058798
7.8125,-7.8125,0.033951
7.8125,-6.25,-0.13074
7.8125,-4.6875,-0.22665
7.8125,-3.125,-0.17577
7.8125,-1.5625,-0.054387
7.8125,0,-0.024525
7.8125,1.5625,-0.07637
7.8125,3.125,-0.03702
7.8125,4.6875,0.11367
7.8125,6.25,0.19742
7.8125,7.8125,0.18564
7.8125,9.375,0.16267
7.8125,10.938,0.2621
7.8125,12.5,0.20897
7.8125,14.063,0.068997
7.8125,15.625,-0.011279
7.8125,17.188,-0.079639
7.8125,18.75,0.002878
7.8125,20.313,-0.011407
7.8125,21.875,0.11436
7.8125,23.438,0.23145
7.8125,25,0.21088
7.8125,26.563,0.24771
7.8125,28.125,0.28321
7.8125,29.688,0.21413
7.8125,31.25,0.29783
7.8125,32.813,0.40389
7.8125,34.375,0.36163
7.8125,35.938,0.32095
7.8125,37.5,0.25161
7.8125,39.063,0.18705
7.8125,40.625,0.12133
7.8125,42.188,0.088921
7.8125,43.75,0.15842
7.8125,45.313,0.2287
7.8125,46.875,0.3041
7.8125,48.438,0.39808
7.8125,50,0.38891
9.375,-48.438,0.41592
9.375,-46.875,0.29675
9.375,-45.313,0.17895
9.375,-43.75,0.20294
9.375,-42.188,0.25637
9.375,-40.625,0.24778
9.375,-39.063,0.2403
9.375,-37.5,0.27192
9.375,-35.938,0.19681
9.375,-34.375,0.075446
9.375,-32.813,-0.079722
9.375,-31.25,-0.090694
9.375,-29.688,-0.1411
9.375,-28.125,-0.04261
9.375,-26.563,0.11031
9.375,-25,0.15616
9.375,-23.438,0.083772
9.375,-21.875,0.11409
9.375,-20.313,0.12344
9.375,-18.75,0.054278
9.375,-17.188,0.012494
9.375,-15.625,0.020364
9.375,-14.063,0.09506
9.375,-12.5,0.095085
9.375,-10.938,0.18506
9.375,-9.375,0.18565
9.375,-7.8125,0.11838
9.375,-6.25,0.013184
9.375,-4.6875,0.050069
9.375,-3.125,0.10096
9.375,-1.5625,0.11155
9.375,0,0.12557
9.375,1.5625,0.0082794
9.375,3.125,0.011069
9.375,4.6875,0.14642
9.375,6.25,0.29943
9.375,7.8125,0.33885
9.375,9.375,0.39777
9.375,10.938,0.33549
9.375,12.5,0.2728
9.375,14.063,0.23652
9.375,15.625,0.16252
9.375,17.188,0.01738
9.375,18.75,0.027988
9.375,20.313,0.19262
9.375,21.875,0.23534
9.375,23.438,0.21203
9.375,25,0.15522
9.375,26.563,0.080378
9.375,28.125,0.068789
9.375,29.688,0.13441
9.375,31.25,0.28991
9.375,32.813,0.32371
9.375,34.375,0.29115
9.375,35.938,0.21855
9.375,37.5,0.16547
9.375,39.063,0.12725
9.375,40.625,0.11214
9.375,42.188,0.30139
9.375,43.75,0.25613
9.375,45.313,0.31288
9.375,46.875,0.34463
9.375,48.438,0.4036
9.375,50,0.46512
10.938,-48.438,0.27966
10.938,-46.875,0.1166
10.938,-45.313,0.056267
10.938,-43.75,0.19795
10.938,-42.188,0.31468
10.938,-40.625,0.31338
10.938,-39.063,0.35487
10.938,-37.5,0.33734
10.938,-35.938,0.26861
10.938,-34.375,0.12586
10.938,-32.813,0.02944
10.938,-31.25,-0.083936
10.938,-29.688,-0.024752
10.938,-28.125,0.15004
10.938,-26.563,0.35405
10.938,-25,0.43188
10.938,-23.438,0.4094
10.938,-21.875,0.37671
10.938,-20.313,0.26966
10.938,-18.75,0.27774
10.938,-17.188,0.27075
10.938,-15.625,0.19417
10.938,-14.063,0.075631
10.938,-12.5,0.18399
10.938,-10.938,0.24484
10.938,-9.375,0.27911
10.938,-7.8125,0.3187
10.938,-6.25,0.30784
10.938,-4.6875,0.31812
10.938,-3.125,0.30552
10.938,-1.5625,0.18888
10.938,0,0.11971
10.938,1.5625,0.029935
10.938,3.125,0.05811
10.938,4.6875,0.15346
10.938,6.25,0.22145
10.938,7.8125,0.38746
10.938,9.375,0.49725
10.938,10.938,0.42195
10.938,12.5,0.21962
10.938,14.063,0.088846
10.938,15.625,-0.054131
10.938,17.188,-0.11439
10.938,18.75,-0.0050699
10.938,20.313,0.10355
10.938,21.875,0.078731
10.938,23.438,0.037547
10.938,25,0.025483
10.938,26.563,0.04457
10.938,28.125,0.062827
10.938,29.688,0.10251
10.938,31.25,0.2079
10.938,32.813,0.13204
10.938,34.375,0.030796
10.938,35.938,-0.060575
10.938,37.5,-0.12642
10.938,39.063,0.022082
10.938,40.625,0.063241
10.938,42.188,0.1917
10.938,43.75,0.23588
10.938,45.313,0.32574
10.938,46.875,0.38644
10.938,48.438,0.38513
10.938,50,0.37835
12.5,-48.438,0.032402
12.5,-46.875,-0.092567
12.5,-45.313,-0.14817
12.5,-43.75,-0.032471
12.5,-42.188,0.12013
12.5,-40.625,0.23634
12.5,-39.063,0.21318
12.5,-37.5,0.24056
12.5,-35.938,0.19079
12.5,-34.375,0.16287
12.5,-32.813,0.079789
12.5,-31.25,0.012818
12.5,-29.688,0.015385
12.5,-28.125,0.27685
12.5,-26.563,0.47877
12.5,-25,0.50569
12.5,-23.438,0.4502
12.5,-21.875,0.357
12.5,-20.313,0.3224
12.5,-18.75,0.32554
12.5,-17.188,0.33298
12.5,-15.625,0.35512
12.5,-14.063,0.267
12.5,-12.5,0.25572
12.5,-10.938,0.28026
12.5,-9.375,0.25553
12.5,-7.8125,0.33636
12.5,-6.25,0.34394
12.5,-4.6875,0.3804
12.5,-3.125,0.35959
12.5,-1.5625,0.19107
12.5,0,0.087162
12.5,1.5625,-0.001523
12.5,3.125,-0.0062697
12.5,4.6875,0.039928
12.5,6.25,0.1037
12.5,7.8125,0.22492
12.5,9.375,0.30825
12.5,10.938,0.31419
12.5,12.5,0.13652
12.5,14.063,-0.094287
12.5,15.625,-0.16798
12.5,17.188,-0.13812
12.5,18.75,-0.1524
12.5,20.313,-0.16404
12.5,21.875,-0.17846
12.5,23.438,-0.16821
12.5,25,-0.20215
12.5,26.563,-0.1575
12.5,28.125,-0.11347
12.5,29.688,-0.066828
12.5,31.25,0.026867
12.5,32.813,-0.015082
12.5,34.375,-0.036965
12.5,35.938,-0.09077
12.5,37.5,-0.18112
12.5,39.063,-0.11362
12.5,40.625,-0.13189
12.5,42.188,0.070724
12.5,43.75,0.22142
12.5,45.313,0.40825
12.5,46.875,0.44147
12.5,48.438,0.35421
12.5,50,0.19893
14.063,-48.438,-0.16084
14.063,-46.875,-0.19733
14.063,-45.313,-0.22127
14.063,-43.75,-0.22334
14.063,-42.188,-0.015937
14.063,-40.625,-0.0083346
14.063,-39.063,-0.07188
14.063,-37.5,-0.042301
14.063,-35.938,-0.019054
14.063,-34.375,0.062646
14.063,-32.813,0.1005
14.063,-31.25,0.1957
14.063,-29.688,0.18395
14.063,-28.125,0.28076
14.063,-26.563,0.38728
14.063,-25,0.35577
14.063,-23.438,0.34705
14.063,-21.875,0.31221
14.063,-20.313,0.18196
14.063,-18.75,0.17658
14.063,-17.188,0.25514
14.063,-15.625,0.20155
14.063,-14.063,0.15189
14.063,-12.5,0.045558
14.063,-10.938,-0.019653
14.063,-9.375,-0.012735
14.063,-7.8125,-0.020261
14.063,-6.25,-0.024593
14.063,-4.6875,0.14321
14.063,-3.125,0.16308
14.063,-1.5625,0.11478
14.063,0,-0.058535
14.063,1.5625,-0.094735
14.063,3.125,-0.065721
14.063,4.6875,0.022916
14.063,6.25,0.11326
14.063,7.8125,0.082971
14.063,9.375,0.045051
14.063,10.938,0.039101
14.063,12.5,0.068894
14.063,14.063,-0.078645
14.063,15.625,-0.1106
14.063,17.188,-0.081757
14.063,18.75,-0.16674
14.063,20.313,-0.28809
14.063,21.875,-0.34924
14.063,23.438,-0.27866
14.063,25,-0.27895
14.063,26.563,-0.21501
14.063,28.125,-0.20171
14.063,29.688,-0.20076
14.063,31.25,-0.17578
14.063,32.813,-0.15931
14.063,34.375,-0.089876
14.063,35.938,0.021683
14.063,37.5,0.01257
14.063,39.063,-0.099347
14.063,40.625,-0.061097
14.063,42.188,0.1182
14.063,43.75,0.24615
14.063,45.313,0.36658
14.063,46.875,0.32837
14.063,48.438,0.14294
14.063,50,-0.012341
15.625,-48.438,-0.15284
15.625,-46.875,-0.32857
15.625,-45.313,-0.34797
15.625,-43.75,-0.40234
15.625,-42.188,-0.25414
15.625,-40.625,-0.12189
15.625,-39.063,-0.12254
15.625,-37.5,-0.092149
15.625,-35.938,-0.044121
15.625,-34.375,0.079723
15.625,-32.813,0.14263
15.625,-31.25,0.23214
15.625,-29.688,0.20078
15.625,-28.125,0.16039
15.625,-26.563,0.15343
15.625,-25,0.15651
15.625,-23.438,0.19392
15.625,-21.875,0.22764
15.625,-20.313,0.23239
15.625,-18.75,0.12241
15.625,-17.188,0.14987
15.625,-15.625,0.05752
15.625,-14.063,-0.04503
15.625,-12.5,-0.20231
15.625,-10.938,-0.22154
15.625,-9.375,-0.18277
15.625,-7.8125,-0.21474
15.625,-6.25,-0.17589
15.625,-4.6875,-0.089962
15.625,-3.125,-0.16205
15.625,-1.5625,-0.082457
15.625,0,-0.089179
15.625,1.5625,-0.093171
15.625,3.125,-0.005888
15.625,4.6875,0.011763
15.625,6.25,0.050202
15.625,7.8125,0.004885
15.625,9.375,-0.032084
15.625,10.938,-0.013582
15.625,12.5,-0.043406
15.625,14.063,-0.028093
15.625,15.625,-0.013976
15.625,17.188,-0.096857
15.625,18.75,-0.1393
15.625,20.313,-0.20347
15.625,21.875,-0.19289
15.625,23.438,-0.16934
15.625,25,-0.11891
15.625,26.563,-0.062239
15.625,28.125,-0.15127
15.625,29.688,-0.28866
15.625,31.25,-0.36508
15.625,32.813,-0.31733
15.625,34.375,-0.19441
15.625,35.938,-0.0073701
15.625,37.5,0.18301
15.625,39.063,0.11206
15.625,40.625,0.1049
15.625,42.188,0.20353
15.625,43.75,0.27126
15.625,45.313,0.19631
15.625,46.875,0.13513
15.625,48.438,-0.041591
15.625,50,-0.069607
17.188,-48.438,-0.078029
17.188,-46.875,-0.29103
17.188,-45.313,-0.41272
17.188,-43.75,-0.38887
17.188,-42.188,-0.32039
17.188,-40.625,-0.24019
17.188,-39.063,-0.15307
17.188,-37.5,-0.11575
17.188,-35.938,-0.045821
17.188,-34.375,0.054646
17.188,-32.813,0.19266
17.188,-31.25,0.091084
17.188,-29.688,-0.018544
17.188,-28.125,-0.15999
17.188,-26.563,-0.30756
17.188,-25,-0.31529
17.188,-23.438,-0.19955
17.188,-21.875,-0.059051
17.188,-20.313,0.17387
17.188,-18.75,0.23579
17.188,-17.188,0.098047
17.188,-15.625,-0.049571
17.188,-14.063,-0.1115
17.188,-12.5,-0.2222
17.188,-10.938,-0.23332
17.188,-9.375,-0.27155
17.188,-7.8125,-0.33965
17.188,-6.25,-0.28494
17.188,-4.6875,-0.24048
17.188,-3.125,-0.1917
17.188,-1.5625,-0.085173
17.188,0,-0.016586
17.188,1.5625,-0.0026189
17.188,3.125,-0.067534
17.188,4.6875,-0.12706
17.188,6.25,-0.18655
17.188,7.8125,-0.12552
17.188,9.375,-0.19013
17.188,10.938,-0.14468
17.188,12.5,-0.086938
17.188,14.063,0.024189
17.188,15.625,-0.047141
17.188,17.188,-0.12395
17.188,18.75,-0.079517
17.188,20.313,-0.14369
17.188,21.875,-0.12536
17.188,23.438,-0.067524
17.188,25,-0.035548
17.188,26.563,0.086151
17.188,28.125,0.075485
17.188,29.688,-0.035423
17.188,31.25,-0.13672
17.188,32.813,-0.21497
17.188,34.375,-0.12534
17.188,35.938,0.029289
17.188,37.5,0.030797
17.188,39.063,0.015381
17.188,40.625,0.1015
17.188,42.188,0.1093
17.188,43.75,0.15149
17.188,45.313,0.1102
17.188,46.875,-0.016478
17.188,48.438,-0.055245
17.188,50,-0.10919
18.75,-48.438,0.033883
18.75,-46.875,0.0016041
18.75,-45.313,-0.094842
18.75,-43.75,-0.11171
18.75,-42.188,-0.19091
18.75,-40.625,-0.1347
18.75,-39.063,-0.068028
18.75,-37.5,-0.079532
18.75,-35.938,-0.076497
18.75,-34.375,-0.053547
18.75,-32.813,0.10122
18.75,-31.25,0.15433
18.75,-29.688,0.011126
18.75,-28.125,-0.25322
18.75,-26.563,-0.43348
18.75,-25,-0.54352
18.75,-23.438,-0.43369
18.75,-21.875,-0.24311
18.75,-20.313,-0.060563
18.75,-18.75,0.018441
18.75,-17.188,-0.026305
18.75,-15.625,-0.17336
18.75,-14.063,-0.21657
18.75,-12.5,-0.28099
18.75,-10.938,-0.3336
18.75,-9.375,-0.28856
18.75,-7.8125,-0.25957
18.75,-6.25,-0.26256
18.75,-4.6875,-0.36602
18.75,-3.125,-0.23023
18.75,-1.5625,-0.17417
18.75,0,-0.091635
18.75,1.5625,0.018699
18.75,3.125,-0.07457
18.75,4.6875,-0.12676
18.75,6.25,-0.17924
18.75,7.8125,-0.21219
18.75,9.375,-0.19682
18.75,10.938,-0.046847
18.75,12.5,0.14662
18.75,14.063,0.14809
18.75,15.625,0.061153
18.75,17.188,0.049884
18.75,18.75,0.049376
18.75,20.313,-0.016792
18.75,21.875,-0.019857
18.75,23.438,-0.024714
18.75,25,-0.0097364
18.75,26.563,0.063782
18.75,28.125,0.044598
18.75,29.688,-0.065011
18.75,31.25,-0.18695
18.75,32.813,-0.20661
18.75,34.375,-0.10771
18.75,35.938,-0.01784
18.75,37.5,0.034623
18.75,39.063,0.066361
18.75,40.625,0.052729
18.75,42.188,-0.10975
18.75,43.75,-0.070128
18.75,45.313,0.036748
18.75,46.875,-0.051102
18.75,48.438,-0.066873
18.75,50,-0.053556
20.313,-48.438,0.13935
20.313,-46.875,0.16373
20.313,-45.313,0.1202
20.313,-43.75,0.083657
20.313,-42.188,0.033167
20.313,-40.625,0.15993
20.313,-39.063,0.17308
20.313,-37.5,0.07936
20.313,-35.938,0.0087704
20.313,-34.375,-0.055743
20.313,-32.813,0.015606
20.313,-31.25,0.024288
20.313,-29.688,-0.06803
20.313,-28.125,-0.1469
20.313,-26.563,-0.22456
20.313,-25,-0.32662
20.313,-23.438,-0.35786
20.313,-21.875,-0.34551
20.313,-20.313,-0.32125
20.313,-18.75,-0.20965
20.313,-17.188,-0.1307
20.313,-15.625,-0.20714
20.313,-14.063,-0.2832
20.313,-12.5,-0.20206
20.313,-10.938,-0.16113
20.313,-9.375,-0.079011
20.313,-7.8125,-0.034642
20.313,-6.25,-0.20817
20.313,-4.6875,-0.41007
20.313,-3.125,-0.27066
20.313,-1.5625,-0.10761
20.313,0,-0.0043132
20.313,1.5625,0.040308
20.313,3.125,-0.047055
20.313,4.6875,-0.15121
20.313,6.25,-0.09958
20.313,7.8125,-0.062204
20.313,9.375,0.0059724
20.313,10.938,0.14061
20.313,12.5,0.31255
20.313,14.063,0.38971
20.313,15.625,0.15833
20.313,17.188,0.065387
20.313,18.75,0.031852
20.313,20.313,0.04895
20.313,21.875,-0.0089404
20.313,23.438,-0.014035
20.313,25,0.018693
20.313,26.563,-0.094172
20.313,28.125,-0.20429
20.313,29.688,-0.19586
20.313,31.25,-0.26185
20.313,32.813,-0.26308
20.313,34.375,-0.1435
20.313,35.938,-0.072498
20.313,37.5,0.095916
20.313,39.063,0.023524
20.313,40.625,-0.041662
20.313,42.188,-0.17906
20.313,43.75,-0.1436
20.313,45.313,-0.017335
20.313,46.875,0.0075452
20.313,48.438,-0.018983
20.313,50,-0.0056464
21.875,-48.438,0.11616
21.875,-46.875,0.086246
21.875,-45.313,0.10931
21.875,-43.75,0.16608
21.875,-42.188,0.28737
21.875,-40.625,0.37058
21.875,-39.063,0.31078
21.875,-37.5,0.24982
21.875,-35.938,0.11865
21.875,-34.375,-0.063765
21.875,-32.813,-0.13716
21.875,-31.25,-0.15444
21.875,-29.688,-0.34012
21.875,-28.125,-0.34448
21.875,-26.563,-0.25696
21.875,-25,-0.29367
21.875,-23.438,-0.41015
21.875,-21.875,-0.45106
21.875,-20.313,-0.3982
21.875,-18.75,-0.27741
21.875,-17.188,-0.17553
21.875,-15.625,-0.14306
21.875,-14.063,-0.19792
21.875,-12.5,-0.018893
21.875,-10.938,0.032906
21.875,-9.375,-0.0013058
21.875,-7.8125,-0.091737
21.875,-6.25,-0.24664
21.875,-4.6875,-0.32732
21.875,-3.125,-0.24196
21.875,-1.5625,-0.13118
21.875,0,-0.098562
21.875,1.5625,-0.092613
21.875,3.125,-0.070704
21.875,4.6875,-0.14191
21.875,6.25,-0.040382
21.875,7.8125,0.15722
21.875,9.375,0.25305
21.875,10.938,0.30156
21.875,12.5,0.35936
21.875,14.063,0.34626
21.875,15.625,0.29973
21.875,17.188,0.12241
21.875,18.75,0.021462
21.875,20.313,-0.036649
21.875,21.875,-0.07176
21.875,23.438,-0.14032
21.875,25,-0.20551
21.875,26.563,-0.26008
21.875,28.125,-0.27055
21.875,29.688,-0.30202
21.875,31.25,-0.25612
21.875,32.813,-0.13007
21.875,34.375,-0.14266
21.875,35.938,-0.14189
21.875,37.5,-0.051517
21.875,39.063,-0.12867
21.875,40.625,-0.24922
21.875,42.188,-0.27155
21.875,43.75,-0.17929
21.875,45.313,-0.12572
21.875,46.875,-0.053517
21.875,48.438,0.10995
21.875,50,0.12385
23.438,-48.438,0.29249
23.438,-46.875,0.30123
23.438,-45.313,0.25197
23.438,-43.75,0.22619
23.438,-42.188,0.39094
23.438,-40.625,0.4221
23.438,-39.063,0.26138
23.438,-37.5,0.20247
23.438,-35.938,0.1103
23.438,-34.375,-0.08044
23.438,-32.813,-0.2136
23.438,-31.25,-0.38804
23.438,-29.688,-0.42133
23.438,-28.125,-0.48752
23.438,-26.563,-0.38585
23.438,-25,-0.34606
23.438,-23.438,-0.35338
23.438,-21.875,-0.37548
23.438,-20.313,-0.28134
23.438,-18.75,-0.14584
23.438,-17.188,0.039851
23.438,-15.625,0.16848
23.438,-14.063,0.17278
23.438,-12.5,0.22988
23.438,-10.938,0.27772
23.438,-9.375,0.069827
23.438,-7.8125,-0.093986
23.438,-6.25,-0.084131
23.438,-4.6875,-0.06764
23.438,-3.125,-0.1653
23.438,-1.5625,-0.22166
23.438,0,-0.13817
23.438,1.5625,-0.079734
23.438,3.125,0.035993
23.438,4.6875,0.066633
23.438,6.25,0.096915
23.438,7.8125,0.19027
23.438,9.375,0.34669
23.438,10.938,0.38799
23.438,12.5,0.27837
23.438,14.063,0.23508
23.438,15.625,0.23613
23.438,17.188,0.20626
23.438,18.75,0.24308
23.438,20.313,0.22894
23.438,21.875,0.051091
23.438,23.438,-0.19702
23.438,25,-0.31461
23.438,26.563,-0.2786
23.438,28.125,-0.23749
23.438,29.688,-0.15189
23.438,31.25,-0.094908
23.438,32.813,-0.062008
23.438,34.375,0.0013698
23.438,35.938,0.041455
23.438,37.5,0.0047273
23.438,39.063,-0.026252
23.438,40.625,-0.093482
23.438,42.188,-0.093496
23.438,43.75,-0.11881
23.438,45.313,-0.040195
23.438,46.875,0.074282
23.438,48.438,0.25143
23.438,50,0.29708
25,-48.438,0.42193
25,-46.875,0.36209
25,-45.313,0.3256
25,-43.75,0.36899
25,-42.188,0.31713
25,-40.625,0.12428
25,-39.063,0.064586
25,-37.5,0.063362
25,-35.938,0.014211
25,-34.375,-0.12359
25,-32.813,-0.32414
25,-31.25,-0.38147
25,-29.688,-0.24732
25,-28.125,-0.18845
25,-26.563,-0.24024
25,-25,-0.22385
25,-23.438,-0.22148
25,-21.875,-0.21483
25,-20.313,-0.12782
25,-18.75,0.096012
25,-17.188,0.28897
25,-15.625,0.39631
25,-14.063,0.52697
25,-12.5,0.43708
25,-10.938,0.31992
25,-9.375,0.20762
25,-7.8125,0.10471
25,-6.25,0.02948
25,-4.6875,-0.083092
25,-3.125,-0.18983
25,-1.5625,-0.24374
25,0,-0.12965
25,1.5625,-0.088103
25,3.125,-0.034833
25,4.6875,0.078257
25,6.25,0.11544
25,7.8125,0.15604
25,9.375,0.19077
25,10.938,0.22446
25,12.5,0.17364
25,14.063,0.11996
25,15.625,0.17943
25,17.188,0.29296
25,18.75,0.3148
25,20.313,0.26333
25,21.875,0.06626
25,23.438,-0.053498
25,25,-0.21488
25,26.563,-0.24959
25,28.125,-0.22177
25,29.688,-0.2132
25,31.25,-0.16492
25,32.813,0.046712
25,34.375,0.25722
25,35.938,0.25886
25,37.5,0.12148
25,39.063,0.067487
25,40.625,0.040561
25,42.188,0.041613
25,43.75,0.062126
25,45.313,0.21097
25,46.875,0.28046
25,48.438,0.32195
25,50,0.39227
26.563,-48.438,0.56471
26.563,-46.875,0.5408
26.563,-45.313,0.50934
26.563,-43.75,0.52226
26.563,-42.188,0.3345
26.563,-40.625,0.37431
26.563,-39.063,0.34738
26.563,-37.5,0.32397
26.563,-35.938,0.19103
26.563,-34.375,0.014613
26.563,-32.813,-0.055276
26.563,-31.25,-0.058904
26.563,-29.688,-0.036744
26.563,-28.125,-0.030813
26.563,-26.563,-0.066451
26.563,-25,-0.1201
26.563,-23.438,-0.20266
26.563,-21.875,-0.1115
26.563,-20.313,0.01871
26.563,-18.75,0.18903
26.563,-17.188,0.4554
26.563,-15.625,0.62431
26.563,-14.063,0.606
26.563,-12.5,0.50263
26.563,-10.938,0.39979
26.563,-9.375,0.27371
26.563,-7.8125,0.097095
26.563,-6.25,-0.07306
26.563,-4.6875,-0.21547
26.563,-3.125,-0.21792
26.563,-1.5625,-0.2247
26.563,0,-0.2035
26.563,1.5625,-0.018351
26.563,3.125,0.083404
26.563,4.6875,0.12146
26.563,6.25,0.13818
26.563,7.8125,0.099164
26.563,9.375,0.030351
26.563,10.938,0.080703
26.563,12.5,0.079637
26.563,14.063,0.04361
26.563,15.625,0.21715
26.563,17.188,0.21106
26.563,18.75,0.1336
26.563,20.313,0.065037
26.563,21.875,-0.0128
26.563,23.438,-0.044658
26.563,25,-0.12529
26.563,26.563,-0.19723
26.563,28.125,-0.21894
26.563,29.688,-0.16195
26.563,31.25,-0.044057
26.563,32.813,0.093207
26.563,34.375,0.20485
26.563,35.938,0.17899
26.563,37.5,0.14933
26.563,39.063,0.12931
26.563,40.625,0.13512
26.563,42.188,0.17091
26.563,43.75,0.3257
26.563,45.313,0.48531
26.563,46.875,0.48951
26.563,48.438,0.44822
26.563,50,0.51337
28.125,-48.438,0.61673
28.125,-46.875,0.59305
28.125,-45.313,0.58387
28.125,-43.75,0.53766
28.125,-42.188,0.40867
28.125,-40.625,0.37047
28.125,-39.063,0.45306
28.125,-37.5,0.56237
28.125,-35.938,0.558
28.125,-34.375,0.42007
28.125,-32.813,0.28885
28.125,-31.25,0.17373
28.125,-29.688,0.089795
28.125,-28.125,-0.0083475
28.125,-26.563,0.030629
28.125,-25,-0.015638
28.125,-23.438,0.0050139
28.125,-21.875,0.16393
28.125,-20.313,0.27565
28.125,-18.75,0.33402
28.125,-17.188,0.47847
28.125,-15.625,0.63077
28.125,-14.063,0.47517
28.125,-12.5,0.32689
28.125,-10.938,0.2232
28.125,-9.375,0.15357
28.125,-7.8125,2.4159e-05
28.125,-6.25,-0.10121
28.125,-4.6875,-0.17578
28.125,-3.125,-0.25727
28.125,-1.5625,-0.31518
28.125,0,-0.28093
28.125,1.5625,-0.068897
28.125,3.125,0.11743
28.125,4.6875,0.13088
28.125,6.25,0.013659
28.125,7.8125,-0.022085
28.125,9.375,-0.063848
28.125,10.938,0.011194
28.125,12.5,0.014106
28.125,14.063,0.041412
28.125,15.625,0.07959
28.125,17.188,0.096329
28.125,18.75,0.044943
28.125,20.313,-0.068445
28.125,21.875,-0.16515
28.125,23.438,-0.22104
28.125,25,-0.19991
28.125,26.563,-0.14355
28.125,28.125,-0.14407
28.125,29.688,-0.12894
28.125,31.25,-0.068
28.125,32.813,-0.024139
28.125,34.375,-0.049027
28.125,35.938,0.0074917
28.125,37.5,0.10657
28.125,39.063,0.14283
28.125,40.625,0.22504
28.125,42.188,0.21138
28.125,43.75,0.34457
28.125,45.313,0.45265
28.125,46.875,0.46762
28.125,48.438,0.54041
28.125,50,0.57559
29.688,-48.438,0.45682
29.688,-46.875,0.5276
29.688,-45.313,0.56948
29.688,-43.75,0.547
29.688,-42.188,0.4949
29.688,-40.625,0.50515
29.688,-39.063,0.63154
29.688,-37.5,0.59873
29.688,-35.938,0.54697
29.688,-34.375,0.40464
29.688,-32.813,0.30101
29.688,-31.25,0.27702
29.688,-29.688,0.17593
29.688,-28.125,0.098297
29.688,-26.563,0.031327
29.688,-25,0.045767
29.688,-23.438,0.12681
29.688,-21.875,0.20416
29.688,-20.313,0.27017
29.688,-18.75,0.33666
29.688,-17.188,0.38316
29.688,-15.625,0.43886
29.688,-14.063,0.40861
29.688,-12.5,0.27845
29.688,-10.938,0.1023
29.688,-9.375,-0.014235
29.688,-7.8125,-0.11399
29.688,-6.25,-0.19071
29.688,-4.6875,-0.16969
29.688,-3.125,-0.25911
29.688,-1.5625,-0.19956
29.688,0,-0.14221
29.688,1.5625,-0.13683
29.688,3.125,-0.033651
29.688,4.6875,-0.1036
29.688,6.25,-0.18319
29.688,7.8125,-0.23815
29.688,9.375,-0.18996
29.688,10.938,-0.12334
29.688,12.5,-0.13331
29.688,14.063,-0.052157
29.688,15.625,0.048109
29.688,17.188,-0.0030806
29.688,18.75,-0.055115
29.688,20.313,-0.13225
29.688,21.875,-0.18735
29.688,23.438,-0.22434
29.688,25,-0.17324
29.688,26.563,-0.11016
29.688,28.125,-0.062885
29.688,29.688,-0.1227
29.688,31.25,-0.14804
29.688,32.813,-0.12527
29.688,34.375,-0.19493
29.688,35.938,-0.10421
29.688,37.5,0.0010935
29.688,39.063,0.060538
29.688,40.625,0.097777
29.688,42.188,0.15394
29.688,43.75,0.25921
29.688,45.313,0.31217
29.688,46.875,0.33466
29.688,48.438,0.38998
29.688,50,0.47276
31.25,-48.438,0.23359
31.25,-46.875,0.32298
31.25,-45.313,0.45831
31.25,-43.75,0.48231
31.25,-42.188,0.6083
31.25,-40.625,0.75936
31.25,-39.063,0.77198
31.25,-37.5,0.6758
31.25,-35.938,0.58224
31.25,-34.375,0.51593
31.25,-32.813,0.31063
31.25,-31.25,0.20872
31.25,-29.688,0.2034
31.25,-28.125,0.11479
31.25,-26.563,0.14014
31.25,-25,0.16662
31.25,-23.438,0.18764
31.25,-21.875,0.14828
31.25,-20.313,0.14011
31.25,-18.75,0.30322
31.25,-17.188,0.30747
31.25,-15.625,0.2673
31.25,-14.063,0.27575
31.25,-12.5,0.19155
31.25,-10.938,0.017866
31.25,-9.375,-0.043101
31.25,-7.8125,-0.13034
31.25,-6.25,-0.17462
31.25,-4.6875,-0.19349
31.25,-3.125,-0.1613
31.25,-1.5625,0.0059545
31.25,0,0.0060272
31.25,1.5625,0.030546
31.25,3.125,-0.11274
31.25,4.6875,-0.18111
31.25,6.25,-0.10702
31.25,7.8125,-0.093179
31.25,9.375,-0.088735
31.25,10.938,-0.068317
31.25,12.5,-0.14288
31.25,14.063,-0.055618
31.25,15.625,-0.02576
31.25,17.188,-0.025848
31.25,18.75,0.020707
31.25,20.313,0.086181
31.25,21.875,0.065195
31.25,23.438,0.10436
31.25,25,-0.076349
31.25,26.563,-0.19601
31.25,28.125,-0.23977
31.25,29.688,-0.2147
31.25,31.25,-0.13851
31.25,32.813,-0.11046
31.25,34.375,-0.21753
31.25,35.938,-0.16035
31.25,37.5,-0.012861
31.25,39.063,0.08877
31.25,40.625,0.12005
31.25,42.188,0.1346
31.25,43.75,0.2176
31.25,45.313,0.17859
31.25,46.875,0.13444
31.25,48.438,0.20152
31.25,50,0.25564
32.813,-48.438,-0.034232
32.813,-46.875,0.063675
32.813,-45.313,0.23521
32.813,-43.75,0.35759
32.813,-42.188,0.52846
32.813,-40.625,0.63836
32.813,-39.063,0.70868
32.813,-37.5,0.58674
32.813,-35.938,0.53904
32.813,-34.375,0.5585
32.813,-32.813,0.40239
32.813,-31.25,0.19894
32.813,-29.688,0.1608
32.813,-28.125,0.15741
32.813,-26.563,0.14786
32.813,-25,0.17413
32.813,-23.438,0.14609
32.813,-21.875,0.070402
32.813,-20.313,0.01047
32.813,-18.75,0.15059
32.813,-17.188,0.21776
32.813,-15.625,0.07336
32.813,-14.063,-0.0059081
32.813,-12.5,0.056094
32.813,-10.938,0.089812
32.813,-9.375,0.065468
32.813,-7.8125,-0.032213
32.813,-6.25,-0.020076
32.813,-4.6875,0.10072
32.813,-3.125,0.087569
32.813,-1.5625,0.020623
32.813,0,-0.011851
32.813,1.5625,-0.02992
32.813,3.125,-0.095651
32.813,4.6875,-0.11178
32.813,6.25,-0.017936
32.813,7.8125,0.055371
32.813,9.375,0.043496
32.813,10.938,0.061196
32.813,12.5,0.0023295
32.813,14.063,-0.00070711
32.813,15.625,-0.019736
32.813,17.188,0.066144
32.813,18.75,0.15291
32.813,20.313,0.25815
32.813,21.875,0.29554
32.813,23.438,0.15147
32.813,25,0.03323
32.813,26.563,-0.065562
32.813,28.125,-0.19886
32.813,29.688,-0.24705
32.813,31.25,-0.15453
32.813,32.813,-0.12025
32.813,34.375,-0.14811
32.813,35.938,-0.15572
32.813,37.5,-0.059635
32.813,39.063,0.043509
32.813,40.625,0.070669
32.813,42.188,0.14851
32.813,43.75,0.069433
32.813,45.313,-0.049925
32.813,46.875,-0.13963
32.813,48.438,-0.1157
32.813,50,-0.087966
34.375,-48.438,0.037088
34.375,-46.875,0.080338
34.375,-45.313,0.19399
34.375,-43.75,0.33815
34.375,-42.188,0.45625
34.375,-40.625,0.41571
34.375,-39.063,0.3581
34.375,-37.5,0.36339
34.375,-35.938,0.41841
34.375,-34.375,0.40635
34.375,-32.813,0.33867
34.375,-31.25,0.22388
34.375,-29.688,0.16597
34.375,-28.125,0.11924
34.375,-26.563,0.081584
34.375,-25,0.04633
34.375,-23.438,0.0077351
34.375,-21.875,-0.032492
34.375,-20.313,-0.033597
34.375,-18.75,-0.022825
34.375,-17.188,0.063947
34.375,-15.625,0.0053168
34.375,-14.063,0.024819
34.375,-12.5,0.034683
34.375,-10.938,0.093799
34.375,-9.375,0.11602
34.375,-7.8125,-0.00094982
34.375,-6.25,0.065951
34.375,-4.6875,0.099886
34.375,-3.125,0.048223
34.375,-1.5625,-0.084722
34.375,0,-0.12698
34.375,1.5625,-0.11943
34.375,3.125,-0.015734
34.375,4.6875,0.063979
34.375,6.25,0.20815
34.375,7.8125,0.23306
34.375,9.375,0.29862
34.375,10.938,0.25336
34.375,12.5,0.12257
34.375,14.063,0.051509
34.375,15.625,0.0332
34.375,17.188,0.096017
34.375,18.75,0.19201
34.375,20.313,0.2175
34.375,21.875,0.18209
34.375,23.438,0.052969
34.375,25,0.028075
34.375,26.563,-0.093535
34.375,28.125,-0.16985
34.375,29.688,-0.25276
34.375,31.25,-0.28979
34.375,32.813,-0.20335
34.375,34.375,-0.14942
34.375,35.938,-0.062452
34.375,37.5,-0.00018992
34.375,39.063,0.10218
34.375,40.625,0.10739
34.375,42.188,0.11397
34.375,43.75,0.04239
34.375,45.313,-0.013022
34.375,46.875,-0.07017
34.375,48.438,-0.12929
34.375,50,-0.03925
35.938,-48.438,0.15078
35.938,-46.875,0.25643
35.938,-45.313,0.2792
35.938,-43.75,0.262
35.938,-42.188,0.23041
35.938,-40.625,0.21199
35.938,-39.063,0.094136
35.938,-37.5,0.13875
35.938,-35.938,0.20359
35.938,-34.375,0.34027
35.938,-32.813,0.30959
35.938,-31.25,0.21169
35.938,-29.688,0.22575
35.938,-28.125,0.096278
35.938,-26.563,0.048916
35.938,-25,0.021096
35.938,-23.438,0.014528
35.938,-21.875,-0.060518
35.938,-20.313,-0.066009
35.938,-18.75,-0.071298
35.938,-17.188,-0.0050257
35.938,-15.625,-0.11101
35.938,-14.063,-0.074917
35.938,-12.5,0.025397
35.938,-10.938,0.023572
35.938,-9.375,-0.085696
35.938,-7.8125,-0.10516
35.938,-6.25,-0.039416
35.938,-4.6875,-0.21411
35.938,-3.125,-0.24297
35.938,-1.5625,-0.15493
35.938,0,-0.070873
35.938,1.5625,-0.00088261
35.938,3.125,0.12624
35.938,4.6875,0.17543
35.938,6.25,0.23801
35.938,7.8125,0.34099
35.938,9.375,0.37372
35.938,10.938,0.24503
35.938,12.5,0.090711
35.938,14.063,0.032806
35.938,15.625,0.054992
35.938,17.188,0.0021496
35.938,18.75,0.031319
35.938,20.313,0.049538
35.938,21.875,-0.030007
35.938,23.438,-0.029041
35.938,25,-0.060304
35.938,26.563,-0.041577
35.938,28.125,0.0096967
35.938,29.688,-0.082989
35.938,31.25,-0.2085
35.938,32.813,-0.2318
35.938,34.375,-0.090198
35.938,35.938,-0.055098
35.938,37.5,0.017549
35.938,39.063,0.065095
35.938,40.625,0.013679
35.938,42.188,0.058497
35.938,43.75,0.068367
35.938,45.313,0.11938
35.938,46.875,0.084951
35.938,48.438,0.027687
35.938,50,-0.023501
37.5,-48.438,0.057456
37.5,-46.875,0.13532
37.5,-45.313,0.20828
37.5,-43.75,0.17523
37.5,-42.188,0.10601
37.5,-40.625,0.11753
37.5,-39.063,0.11836
37.5,-37.5,0.15289
37.5,-35.938,0.17634
37.5,-34.375,0.27605
37.5,-32.813,0.25591
37.5,-31.25,0.20128
37.5,-29.688,0.16934
37.5,-28.125,0.11991
37.5,-26.563,0.13113
37.5,-25,0.018848
37.5,-23.438,-0.01316
37.5,-21.875,-0.017393
37.5,-20.313,-0.022071
37.5,-18.75,0.013691
37.5,-17.188,-0.1332
37.5,-15.625,-0.2125
37.5,-14.063,-0.13811
37.5,-12.5,-0.034538
37.5,-10.938,-0.04942
37.5,-9.375,-0.067336
37.5,-7.8125,-0.097618
37.5,-6.25,-0.13159
37.5,-4.6875,-0.18076
37.5,-3.125,-0.14666
37.5,-1.5625,-0.015601
37.5,0,0.047129
37.5,1.5625,0.078685
37.5,3.125,0.16321
37.5,4.6875,0.11463
37.5,6.25,0.10435
37.5,7.8125,0.14915
37.5,9.375,0.094451
37.5,10.938,0.051621
37.5,12.5,0.031081
37.5,14.063,-0.072932
37.5,15.625,0.0058128
37.5,17.188,-0.091574
37.5,18.75,-0.099944
37.5,20.313,0.0015785
37.5,21.875,0.042348
37.5,23.438,0.1622
37.5,25,0.11493
37.5,26.563,0.21803
37.5,28.125,0.19097
37.5,29.688,0.074319
37.5,31.25,0.00073901
37.5,32.813,-0.037934
37.5,34.375,0.018386
37.5,35.938,0.017183
37.5,37.5,0.0097023
37.5,39.063,-0.054843
37.5,40.625,-0.0021088
37.5,42.188,0.058116
37.5,43.75,0.057897
37.5,45.313,0.15612
37.5,46.875,0.059531
37.5,48.438,-0.076044
37.5,50,-0.011623
39.063,-48.438,0.090592
39.063,-46.875,0.089542
39.063,-45.313,0.10025
39.063,-43.75,0.079838
39.063,-42.188,0.040329
39.063,-40.625,0.093687
39.063,-39.063,0.18718
39.063,-37.5,0.28342
39.063,-35.938,0.2991
39.063,-34.375,0.26737
39.063,-32.813,0.19115
39.063,-31.25,0.064657
39.063,-29.688,-0.096104
39.063,-28.125,-0.018316
39.063,-26.563,0.012475
39.063,-25,-0.02921
39.063,-23.438,-0.079427
39.063,-21.875,-0.082959
39.063,-20.313,-0.075192
39.063,-18.75,-0.11598
39.063,-17.188,-0.23358
39.063,-15.625,-0.15963
39.063,-14.063,-0.14041
39.063,-12.5,-0.14397
39.063,-10.938,-0.028798
39.063,-9.375,-0.019804
39.063,-7.8125,0.04765
39.063,-6.25,0.087454
39.063,-4.6875,0.13767
39.063,-3.125,0.15675
39.063,-1.5625,0.25648
39.063,0,0.29621
39.063,1.5625,0.2065
39.063,3.125,0.23847
39.063,4.6875,0.12892
39.063,6.25,0.087532
39.063,7.8125,0.093702
39.063,9.375,0.081217
39.063,10.938,0.026819
39.063,12.5,-0.10306
39.063,14.063,-0.11046
39.063,15.625,-0.088768
39.063,17.188,-0.14317
39.063,18.75,-0.094632
39.063,20.313,0.050203
39.063,21.875,0.1728
39.063,23.438,0.24928
39.063,25,0.1988
39.063,26.563,0.24276
39.063,28.125,0.17338
39.063,29.688,0.030044
39.063,31.25,0.055978
39.063,32.813,0.16294
39.063,34.375,0.13247
39.063,35.938,0.082776
39.063,37.5,-0.051531
39.063,39.063,0.021609
39.063,40.625,0.12917
39.063,42.188,0.13816
39.063,43.75,0.17508
39.063,45.313,0.28636
39.063,46.875,0.20076
39.063,48.438,0.082213
39.063,50,0.11834
40.625,-48.438,0.058227
40.625,-46.875,0.033642
40.625,-45.313,0.030592
40.625,-43.75,0.0058687
40.625,-42.188,-0.037917
40.625,-40.625,0.091499
40.625,-39.063,0.34048
40.625,-37.5,0.42069
40.625,-35.938,0.36814
40.625,-34.375,0.26748
40.625,-32.813,0.14397
40.625,-31.25,0.017706
40.625,-29.688,-0.056394
40.625,-28.125,-0.041611
40.625,-26.563,-0.11187
40.625,-25,-0.18843
40.625,-23.438,-0.26352
40.625,-21.875,-0.30654
40.625,-20.313,-0.27842
40.625,-18.75,-0.15065
40.625,-17.188,-0.17839
40.625,-15.625,-0.15169
40.625,-14.063,-0.11792
40.625,-12.5,-0.051012
40.625,-10.938,0.0008032
40.625,-9.375,-0.065214
40.625,-7.8125,0.040992
40.625,-6.25,0.24873
40.625,-4.6875,0.23292
40.625,-3.125,0.20262
40.625,-1.5625,0.12875
40.625,0,0.16966
40.625,1.5625,0.19533
40.625,3.125,0.14053
40.625,4.6875,0.1455
40.625,6.25,0.19689
40.625,7.8125,0.09975
40.625,9.375,0.064803
40.625,10.938,0.025361
40.625,12.5,-0.028339
40.625,14.063,-0.014996
40.625,15.625,-0.041065
40.625,17.188,0.060873
40.625,18.75,0.13456
40.625,20.313,0.084793
40.625,21.875,0.057171
40.625,23.438,0.088115
40.625,25,0.094433
40.625,26.563,0.046777
40.625,28.125,0.057789
40.625,29.688,0.10498
40.625,31.25,0.11212
40.625,32.813,0.20732
40.625,34.375,0.22918
40.625,35.938,0.20973
40.625,37.5,0.14548
40.625,39.063,0.11758
40.625,40.625,0.30345
40.625,42.188,0.22292
40.625,43.75,0.15831
40.625,45.313,0.16828
40.625,46.875,0.1487
40.625,48.438,0.2208
40.625,50,0.099106
42.188,-48.438,-0.0077188
42.188,-46.875,-0.10715
42.188,-45.313,-0.11477
42.188,-43.75,-0.17603
42.188,-42.188,-0.10693
42.188,-40.625,0.049814
42.188,-39.063,0.20114
42.188,-37.5,0.24941
42.188,-35.938,0.21836
42.188,-34.375,0.18965
42.188,-32.813,0.10006
42.188,-31.25,0.051443
42.188,-29.688,0.01883
42.188,-28.125,-0.1259
42.188,-26.563,-0.20551
42.188,-25,-0.32098
42.188,-23.438,-0.39188
42.188,-21.875,-0.45067
42.188,-20.313,-0.33203
42.188,-18.75,-0.15354
42.188,-17.188,-0.087879
42.188,-15.625,-0.094656
42.188,-14.063,-0.01834
42.188,-12.5,-0.018312
42.188,-10.938,-0.066548
42.188,-9.375,-0.11156
42.188,-7.8125,-0.042326
42.188,-6.25,0.015806
42.188,-4.6875,0.019983
42.188,-3.125,0.040772
42.188,-1.5625,0.067047
42.188,0,0.14188
42.188,1.5625,0.11735
42.188,3.125,0.10944
42.188,4.6875,0.15152
42.188,6.25,0.17486
42.188,7.8125,0.12548
42.188,9.375,0.0547
42.188,10.938,0.12804
42.188,12.5,0.12316
42.188,14.063,0.07849
42.188,15.625,0.081304
42.188,17.188,0.041033
42.188,18.75,0.048462
42.188,20.313,0.0021744
42.188,21.875,-0.10511
42.188,23.438,-0.078753
42.188,25,-0.15169
42.188,26.563,-0.075477
42.188,28.125,-0.010112
42.188,29.688,-0.0096795
42.188,31.25,0.01407
42.188,32.813,0.059196
42.188,34.375,0.092917
42.188,35.938,0.19573
42.188,37.5,0.22402
42.188,39.063,0.087692
42.188,40.625,0.077178
42.188,42.188,0.033524
42.188,43.75,-0.050167
42.188,45.313,-0.054238
42.188,46.875,0.011737
42.188,48.438,0.12184
42.188,50,0.060394
43.75,-48.438,-0.059192
43.75,-46.875,-0.16757
43.75,-45.313,-0.11815
43.75,-43.75,-0.12974
43.75,-42.188,-0.15653
43.75,-40.625,-0.042809
43.75,-39.063,0.011327
43.75,-37.5,-0.011073
43.75,-35.938,0.033766
43.75,-34.375,0.066257
43.75,-32.813,0.10897
43.75,-31.25,0.11723
43.75,-29.688,0.095299
43.75,-28.125,-0.032539
43.75,-26.563,-0.12701
43.75,-25,-0.36243
43.75,-23.438,-0.38259
43.75,-21.875,-0.32144
43.75,-20.313,-0.21367
43.75,-18.75,-0.10433
43.75,-17.188,-0.003294
43.75,-15.625,-0.016548
43.75,-14.063,-0.081158
43.75,-12.5,-0.093056
43.75,-10.938,-0.14123
43.75,-9.375,-0.089267
43.75,-7.8125,-0.088531
43.75,-6.25,-0.11681
43.75,-4.6875,-0.20296
43.75,-3.125,-0.29837
43.75,-1.5625,-0.17555
43.75,0,-0.13473
43.75,1.5625,-0.1551
43.75,3.125,-0.13777
43.75,4.6875,-0.035803
43.75,6.25,0.031512
43.75,7.8125,0.086966
43.75,9.375,0.12558
43.75,10.938,0.27394
43.75,12.5,0.29016
43.75,14.063,0.17851
43.75,15.625,-0.0011389
43.75,17.188,-0.13478
43.75,18.75,-0.10916
43.75,20.313,-0.14642
43.75,21.875,-0.21862
43.75,23.438,-0.26
43.75,25,-0.18044
43.75,26.563,-0.16962
43.75,28.125,-0.1415
43.75,29.688,-0.13286
43.75,31.25,-0.12716
43.75,32.813,-0.056533
43.75,34.375,-0.070826
43.75,35.938,-0.090099
43.75,37.5,-0.19477
43.75,39.063,-0.29295
43.75,40.625,-0.33142
43.75,42.188,-0.20357
43.75,43.75,-0.12737
43.75,45.313,-0.016343
43.75,46.875,-0.0024193
43.75,48.438,0.032352
43.75,50,0.019698
45.313,-48.438,-0.012723
45.313,-46.875,-0.0071226
45.313,-45.313,-0.065694
45.313,-43.75,-0.18623
45.313,-42.188,-0.18106
45.313,-40.625,-0.041664
45.313,-39.063,-0.11826
45.313,-37.5,-0.090497
45.313,-35.938,0.016058
45.313,-34.375,0.061121
45.313,-32.813,0.077823
45.313,-31.25,0.12119
45.313,-29.688,0.16045
45.313,-28.125,0.12167
45.313,-26.563,0.058336
45.313,-25,-0.11878
45.313,-23.438,-0.19878
45.313,-21.875,-0.10841
45.313,-20.313,-0.027368
45.313,-18.75,0.050465
45.313,-17.188,0.11606
45.313,-15.625,0.045462
45.313,-14.063,0.008024
45.313,-12.5,-0.05044
45.313,-10.938,-0.15339
45.313,-9.375,-0.15751
45.313,-7.8125,-0.2609
45.313,-6.25,-0.33688
45.313,-4.6875,-0.35974
45.313,-3.125,-0.4231
45.313,-1.5625,-0.47705
45.313,0,-0.42486
45.313,1.5625,-0.28996
45.313,3.125,-0.13032
45.313,4.6875,-0.043321
45.313,6.25,-0.063056
45.313,7.8125,0.012887
45.313,9.375,0.19313
45.313,10.938,0.35575
45.313,12.5,0.34225
45.313,14.063,0.23685
45.313,15.625,0.041744
45.313,17.188,-0.043562
45.313,18.75,-0.062229
45.313,20.313,-0.19246
45.313,21.875,-0.29253
45.313,23.438,-0.25854
45.313,25,-0.10323
45.313,26.563,0.035319
45.313,28.125,-0.0026949
45.313,29.688,-0.07785
45.313,31.25,-0.087545
45.313,32.813,-0.044221
45.313,34.375,-0.2458
45.313,35.938,-0.406
45.313,37.5,-0.51028
45.313,39.063,-0.58099
45.313,40.625,-0.43877
45.313,42.188,-0.22466
45.313,43.75,-0.059187
45.313,45.313,0.033316
45.313,46.875,0.096847
45.313,48.438,0.043026
45.313,50,-0.0041699
46.875,-48.438,0.097656
46.875,-46.875,0.13996
46.875,-45.313,-0.060644
46.875,-43.75,-0.17656
46.875,-42.188,-0.1079
46.875,-40.625,-0.10782
46.875,-39.063,-0.1509
46.875,-37.5,-0.084639
46.875,-35.938,0.06903
46.875,-34.375,0.1202
46.875,-32.813,0.17643
46.875,-31.25,0.15352
46.875,-29.688,0.0191
46.875,-28.125,0.060778
46.875,-26.563,0.029755
46.875,-25,-0.046427
46.875,-23.438,0.066267
46.875,-21.875,0.044436
46.875,-20.313,0.11495
46.875,-18.75,0.1297
46.875,-17.188,0.16518
46.875,-15.625,0.14458
46.875,-14.063,0.15186
46.875,-12.5,0.044202
46.875,-10.938,-0.089649
46.875,-9.375,-0.13418
46.875,-7.8125,-0.30948
46.875,-6.25,-0.39417
46.875,-4.6875,-0.45802
46.875,-3.125,-0.43163
46.875,-1.5625,-0.42388
46.875,0,-0.335
46.875,1.5625,-0.23117
46.875,3.125,-0.12724
46.875,4.6875,-0.030295
46.875,6.25,-0.092777
46.875,7.8125,0.018465
46.875,9.375,0.20363
46.875,10.938,0.2696
46.875,12.5,0.34868
46.875,14.063,0.39113
46.875,15.625,0.31818
46.875,17.188,0.27994
46.875,18.75,0.1311
46.875,20.313,-0.062419
46.875,21.875,0.0008955
46.875,23.438,0.061682
46.875,25,0.12643
46.875,26.563,0.23459
46.875,28.125,0.16324
46.875,29.688,0.086201
46.875,31.25,-0.050546
46.875,32.813,-0.14968
46.875,34.375,-0.28969
46.875,35.938,-0.33637
46.875,37.5,-0.35038
46.875,39.063,-0.35852
46.875,40.625,-0.32719
46.875,42.188,-0.1888
46.875,43.75,0.092174
46.875,45.313,0.13093
46.875,46.875,0.1902
46.875,48.438,0.037595
46.875,50,-0.013029
48.438,-48.438,0.049581
48.438,-46.875,-0.05422
48.438,-45.313,-0.047669
48.438,-43.75,-0.032211
48.438,-42.188,-0.11695
48.438,-40.625,-0.06178
48.438,-39.063,-0.03955
48.438,-37.5,0.044543
48.438,-35.938,0.18187
48.438,-34.375,0.23837
48.438,-32.813,0.28144
48.438,-31.25,0.21669
48.438,-29.688,0.14904
48.438,-28.125,0.17431
48.438,-26.563,0.12359
48.438,-25,0.15595
48.438,-23.438,0.23704
48.438,-21.875,0.26082
48.438,-20.313,0.23463
48.438,-18.75,0.22547
48.438,-17.188,0.17334
48.438,-15.625,0.20771
48.438,-14.063,0.10267
48.438,-12.5,0.02559
48.438,-10.938,-0.037678
48.438,-9.375,-0.11889
48.438,-7.8125,-0.21111
48.438,-6.25,-0.27127
48.438,-4.6875,-0.34434
48.438,-3.125,-0.35199
48.438,-1.5625,-0.25513
48.438,0,-0.24045
48.438,1.5625,-0.23015
48.438,3.125,-0.11649
48.438,4.6875,0.019375
48.438,6.25,-0.042536
48.438,7.8125,0.068146
48.438,9.375,0.21145
48.438,10.938,0.22106
48.438,12.5,0.23627
48.438,14.063,0.34468
48.438,15.625,0.3664
48.438,17.188,0.32317
48.438,18.75,0.17798
48.438,20.313,0.1117
48.438,21.875,0.28401
48.438,23.438,0.25809
48.438,25,0.25564
48.438,26.563,0.19433
48.438,28.125,0.14915
48.438,29.688,0.1385
48.438,31.25,0.024446
48.438,32.813,-0.044409
48.438,34.375,-0.020563
48.438,35.938,0.030619
48.438,37.5,-0.016448
48.438,39.063,-0.11172
48.438,40.625,-0.11745
48.438,42.188,-0.042621
48.438,43.75,0.13493
48.438,45.313,0.2458
48.438,46.875,0.23784
48.438,48.438,0.17992
48.438,50,0.10865
50,-48.438,0.041527
50,-46.875,0.054971
50,-45.313,0.10887
50,-43.75,0.051282
50,-42.188,0.019258
50,-40.625,0.094188
50,-39.063,0.19469
50,-37.5,0.21639
50,-35.938,0.1862
50,-34.375,0.15926
50,-32.813,0.17886
50,-31.25,0.14875
50,-29.688,0.18816
50,-28.125,0.19201
50,-26.563,0.27859
50,-25,0.50063
50,-23.438,0.42606
50,-21.875,0.2919
50,-20.313,0.21491
50,-18.75,0.17128
50,-17.188,0.087589
50,-15.625,0.074373
50,-14.063,-0.037952
50,-12.5,-0.19244
50,-10.938,-0.2008
50,-9.375,-0.24831
50,-7.8125,-0.30223
50,-6.25,-0.26364
50,-4.6875,-0.23061
50,-3.125,-0.29069
50,-1.5625,-0.21681
50,0,-0.24607
50,1.5625,-0.17884
50,3.125,-0.015082
50,4.6875,0.09489
50,6.25,0.15408
50,7.8125,0.18694
50,9.375,0.30697
50,10.938,0.2994
50,12.5,0.21876
50,14.063,0.28666
50,15.625,0.28023
50,17.188,0.12635
50,18.75,0.06169
50,20.313,0.22438
50,21.875,0.34415
50,23.438,0.33048
50,25,0.20835
50,26.563,0.12511
50,28.125,0.063438
50,29.688,0.010614
50,31.25,-0.017231
50,32.813,-0.017186
50,34.375,0.10395
50,35.938,0.20362
50,37.5,0.11532
50,39.063,0.025151
50,40.625,0.048226
50,42.188,0.038071
50,43.75,0.20233
50,45.313,0.43259
50,46.875,0.33419
50,48.438,0.34932
50,50,0.20763
