-48.438,-48.438,-0.10706
-48.438,-46.875,-0.059317
-48.438,-45.313,-0.0041912
-48.438,-43.75,-0.098986
-48.438,-42.188,-0.24234
-48.438,-40.625,-0.3978
-48.438,-39.063,-0.51489
-48.438,-37.5,-0.57253
-48.438,-35.938,-0.58267
-48.438,-34.375,-0.56807
-48.438,-32.813,-0.64615
-48.438,-31.25,-0.64539
-48.438,-29.688,-0.76131
-48.438,-28.125,-0.79254
-48.438,-26.563,-0.70813
-48.438,-25,-0.6006
-48.438,-23.438,-0.4327
-48.438,-21.875,-0.31674
-48.438,-20.313,-0.19805
-48.438,-18.75,-0.13592
-48.438,-17.188,-0.061196
-48.438,-15.625,0.019091
-48.438,-14.063,0.051091
-48.438,-12.5,-0.017859
-48.438,-10.938,-0.075792
-48.438,-9.375,-0.13532
-48.438,-7.8125,-0.25843
-48.438,-6.25,-0.32822
-48.438,-4.6875,-0.30492
-48.438,-3.125,-0.26747
-48.438,-1.5625,-0.22974
-48.438,0,-0.4071
-48.438,1.5625,-0.41268
-48.438,3.125,-0.32506
-48.438,4.6875,-0.34385
-48.438,6.25,-0.38574
-48.438,7.8125,-0.3296
-48.438,9.375,-0.24004
-48.438,10.938,-0.03863
-48.438,12.5,0.060104
-48.438,14.063,0.11291
-48.438,15.625,0.23828
-48.438,17.188,0.46745
-48.438,18.75,0.65518
-48.438,20.313,0.63531
-48.438,21.875,0.5746
-48.438,23.438,0.53678
-48.438,25,0.52194
-48.438,26.563,0.53708
-48.438,28.125,0.47481
-48.438,29.688,0.39066
-48.438,31.25,0.33743
-48.438,32.813,0.095486
-48.438,34.375,0.1033
-48.438,35.938,0.090283
-48.438,37.5,0.03644
-48.438,39.063,0.15295
-48.438,40.625,0.16877
-48.438,42.188,0.19409
-48.438,43.75,0.065011
-48.438,45.313,-0.048548
-48.438,46.875,-0.25817
-48.438,48.438,-0.40205
-48.438,50,-0.2562
-46.875,-48.438,-0.30903
-46.875,-46.875,-0.32748
-46.875,-45.313,-0.31064
-46.875,-43.75,-0.4079
-46.875,-42.188,-0.49805
-46.875,-40.625,-0.51629
-46.875,-39.063,-0.59158
-46.875,-37.5,-0.64018
-46.875,-35.938,-0.69548
-46.875,-34.375,-0.75961
-46.875,-32.813,-0.74676
-46.875,-31.25,-0.58939
-46.875,-29.688,-0.47386
-46.875,-28.125,-0.39879
-46.875,-26.563,-0.26347
-46.875,-25,-0.18972
-46.875,-23.438,-0.14586
-46.875,-21.875,-0.024721
-46.875,-20.313,0.040292
-46.875,-18.75,0.12331
-46.875,-17.188,0.24958
-46.875,-15.625,0.18055
-46.875,-14.063,-0.019439
-46.875,-12.5,-0.16804
-46.875,-10.938,-0.38487
-46.875,-9.375,-0.55624
-46.875,-7.8125,-0.54396
-46.875,-6.25,-0.50978
-46.875,-4.6875,-0.48008
-46.875,-3.125,-0.40884
-46.875,-1.5625,-0.36484
-46.875,0,-0.48241
-46.875,1.5625,-0.46228
-46.875,3.125,-0.32602
-46.875,4.6875,-0.29889
-46.875,6.25,-0.29435
-46.875,7.8125,-0.27602
-46.875,9.375,-0.20681
-46.875,10.938,-0.011073
-46.875,12.5,0.14987
-46.875,14.063,0.18939
-46.875,15.625,0.29531
-46.875,17.188,0.41709
-46.875,18.75,0.56594
-46.875,20.313,0.63855
-46.875,21.875,0.70189
-46.875,23.438,0.71126
-46.875,25,0.73685
-46.875,26.563,0.66551
-46.875,28.125,0.38119
-46.875,29.688,0.239
-46.875,31.25,0.1679
-46.875,32.813,-0.091604
-46.875,34.375,-0.29139
-46.875,35.938,-0.18769
-46.875,37.5,-0.026797
-46.875,39.063,0.071991
-46.875,40.625,0.171
-46.875,42.188,0.15941
-46.875,43.75,0.064039
-46.875,45.313,-0.13031
-46.875,46.875,-0.2762
-46.875,48.438,-0.33283
-46.875,50,-0.30331
-45.313,-48.438,-0.42014
-45.313,-46.875,-0.39534
-45.313,-45.313,-0.39851
-45.313,-43.75,-0.47829
-45.313,-42.188,-0.51452
-45.313,-40.625,-0.49796
-45.313,-39.063,-0.52161
-45.313,-37.5,-0.52915
-45.313,-35.938,-0.59886
-45.313,-34.375,-0.62166
-45.313,-32.813,-0.51007
-45.313,-31.25,-0.26288
-45.313,-29.688,-0.0094173
-45.313,-28.125,0.18289
-45.313,-26.563,0.32291
-45.313,-25,0.30438
-45.313,-23.438,0.22364
-45.313,-21.875,0.22012
-45.313,-20.313,0.30252
-45.313,-18.75,0.39571
-45.313,-17.188,0.44839
-45.313,-15.625,0.23364
-45.313,-14.063,-0.093772
-45.313,-12.5,-0.26784
-45.313,-10.938,-0.55238
-45.313,-9.375,-0.8157
-45.313,-7.8125,-0.76254
-45.313,-6.25,-0.68002
-45.313,-4.6875,-0.7105
-45.313,-3.125,-0.63763
-45.313,-1.5625,-0.50868
-45.313,0,-0.42808
-45.313,1.5625,-0.29343
-45.313,3.125,-0.17879
-45.313,4.6875,-0.21915
-45.313,6.25,-0.16347
-45.313,7.8125,-0.082162
-45.313,9.375,0.05744
-45.313,10.938,0.12438
-45.313,12.5,0.11304
-45.313,14.063,0.16317
-45.313,15.625,0.18555
-45.313,17.188,0.27303
-45.313,18.75,0.411
-45.313,20.313,0.52826
-45.313,21.875,0.55825
-45.313,23.438,0.7474
-45.313,25,0.78573
-45.313,26.563,0.60119
-45.313,28.125,0.24548
-45.313,29.688,0.059573
-45.313,31.25,-0.07152
-45.313,32.813,-0.25771
-45.313,34.375,-0.41788
-45.313,35.938,-0.36673
-45.313,37.5,-0.26571
-45.313,39.063,-0.13996
-45.313,40.625,-0.17122
-45.313,42.188,-0.090068
-45.313,43.75,-0.026703
-45.313,45.313,-0.084056
-45.313,46.875,-0.26106
-45.313,48.438,-0.24278
-45.313,50,-0.25632
-43.75,-48.438,-0.26516
-43.75,-46.875,-0.30007
-43.75,-45.313,-0.35124
-43.75,-43.75,-0.33364
-43.75,-42.188,-0.2792
-43.75,-40.625,-0.29676
-43.75,-39.063,-0.34934
-43.75,-37.5,-0.34029
-43.75,-35.938,-0.30069
-43.75,-34.375,-0.26282
-43.75,-32.813,-0.13845
-43.75,-31.25,0.17633
-43.75,-29.688,0.38469
-43.75,-28.125,0.57785
-43.75,-26.563,0.69028
-43.75,-25,0.74072
-43.75,-23.438,0.68082
-43.75,-21.875,0.4996
-43.75,-20.313,0.46013
-43.75,-18.75,0.42769
-43.75,-17.188,0.39041
-43.75,-15.625,0.18517
-43.75,-14.063,-0.13159
-43.75,-12.5,-0.24678
-43.75,-10.938,-0.46644
-43.75,-9.375,-0.76336
-43.75,-7.8125,-0.65784
-43.75,-6.25,-0.50317
-43.75,-4.6875,-0.6258
-43.75,-3.125,-0.60854
-43.75,-1.5625,-0.50678
-43.75,0,-0.32486
-43.75,1.5625,-0.19671
-43.75,3.125,-0.11537
-43.75,4.6875,-0.015043
-43.75,6.25,0.075342
-43.75,7.8125,0.19625
-43.75,9.375,0.23199
-43.75,10.938,0.18169
-43.75,12.5,0.15073
-43.75,14.063,0.15723
-43.75,15.625,0.25581
-43.75,17.188,0.24975
-43.75,18.75,0.35845
-43.75,20.313,0.40728
-43.75,21.875,0.43587
-43.75,23.438,0.55788
-43.75,25,0.46048
-43.75,26.563,0.31087
-43.75,28.125,0.082112
-43.75,29.688,-0.064565
-43.75,31.25,-0.21773
-43.75,32.813,-0.3323
-43.75,34.375,-0.42706
-43.75,35.938,-0.45747
-43.75,37.5,-0.52116
-43.75,39.063,-0.53057
-43.75,40.625,-0.50505
-43.75,42.188,-0.43108
-43.75,43.75,-0.29366
-43.75,45.313,-0.19475
-43.75,46.875,-0.23372
-43.75,48.438,-0.27094
-43.75,50,-0.17581
-42.188,-48.438,-0.19912
-42.188,-46.875,-0.23609
-42.188,-45.313,-0.19806
-42.188,-43.75,-0.14784
-42.188,-42.188,-0.0018343
-42.188,-40.625,-0.036146
-42.188,-39.063,-0.10439
-42.188,-37.5,-0.16575
-42.188,-35.938,-0.079965
-42.188,-34.375,0.094713
-42.188,-32.813,0.35262
-42.188,-31.25,0.69661
-42.188,-29.688,0.89124
-42.188,-28.125,0.94898
-42.188,-26.563,0.99165
-42.188,-25,0.97007
-42.188,-23.438,0.84677
-42.188,-21.875,0.64681
-42.188,-20.313,0.55736
-42.188,-18.75,0.45382
-42.188,-17.188,0.36865
-42.188,-15.625,0.23569
-42.188,-14.063,0.065544
-42.188,-12.5,-0.066313
-42.188,-10.938,-0.31212
-42.188,-9.375,-0.41441
-42.188,-7.8125,-0.42677
-42.188,-6.25,-0.41563
-42.188,-4.6875,-0.37232
-42.188,-3.125,-0.33252
-42.188,-1.5625,-0.20473
-42.188,0,-0.087481
-42.188,1.5625,-0.1473
-42.188,3.125,-0.058614
-42.188,4.6875,0.1702
-42.188,6.25,0.42573
-42.188,7.8125,0.50979
-42.188,9.375,0.55802
-42.188,10.938,0.59938
-42.188,12.5,0.55494
-42.188,14.063,0.46227
-42.188,15.625,0.49843
-42.188,17.188,0.39684
-42.188,18.75,0.3059
-42.188,20.313,0.37836
-42.188,21.875,0.36566
-42.188,23.438,0.304
-42.188,25,0.15974
-42.188,26.563,0.0063579
-42.188,28.125,-0.083661
-42.188,29.688,-0.16528
-42.188,31.25,-0.24322
-42.188,32.813,-0.36298
-42.188,34.375,-0.45055
-42.188,35.938,-0.57218
-42.188,37.5,-0.60688
-42.188,39.063,-0.6566
-42.188,40.625,-0.62032
-42.188,42.188,-0.60111
-42.188,43.75,-0.54094
-42.188,45.313,-0.39089
-42.188,46.875,-0.27498
-42.188,48.438,-0.23264
-42.188,50,-0.1737
-40.625,-48.438,-0.23159
-40.625,-46.875,-0.15807
-40.625,-45.313,-0.008168
-40.625,-43.75,0.056791
-40.625,-42.188,0.213
-40.625,-40.625,0.26844
-40.625,-39.063,0.14883
-40.625,-37.5,0.07368
-40.625,-35.938,0.095427
-40.625,-34.375,0.33618
-40.625,-32.813,0.63405
-40.625,-31.25,0.85323
-40.625,-29.688,1.0497
-40.625,-28.125,1.1383
-40.625,-26.563,1.1373
-40.625,-25,1.0489
-40.625,-23.438,0.93297
-40.625,-21.875,0.80306
-40.625,-20.313,0.65872
-40.625,-18.75,0.4905
-40.625,-17.188,0.3571
-40.625,-15.625,0.35155
-40.625,-14.063,0.255
-40.625,-12.5,0.14776
-40.625,-10.938,-0.10468
-40.625,-9.375,-0.26712
-40.625,-7.8125,-0.26813
-40.625,-6.25,-0.23841
-40.625,-4.6875,-0.18987
-40.625,-3.125,-0.12668
-40.625,-1.5625,0.11092
-40.625,0,0.19812
-40.625,1.5625,0.19404
-40.625,3.125,0.33994
-40.625,4.6875,0.49619
-40.625,6.25,0.61026
-40.625,7.8125,0.7001
-40.625,9.375,0.83344
-40.625,10.938,0.92016
-40.625,12.5,0.97599
-40.625,14.063,0.8755
-40.625,15.625,0.71549
-40.625,17.188,0.53983
-40.625,18.75,0.4187
-40.625,20.313,0.29577
-40.625,21.875,0.27267
-40.625,23.438,0.20459
-40.625,25,-0.055826
-40.625,26.563,-0.24793
-40.625,28.125,-0.24779
-40.625,29.688,-0.31494
-40.625,31.25,-0.35249
-40.625,32.813,-0.40261
-40.625,34.375,-0.49096
-40.625,35.938,-0.54789
-40.625,37.5,-0.48283
-40.625,39.063,-0.43351
-40.625,40.625,-0.42805
-40.625,42.188,-0.45258
-40.625,43.75,-0.3926
-40.625,45.313,-0.38281
-40.625,46.875,-0.26335
-40.625,48.438,-0.20544
-40.625,50,-0.2989
-39.063,-48.438,-0.27541
-39.063,-46.875,-0.15318
-39.063,-45.313,0.088529
-39.063,-43.75,0.21371
-39.063,-42.188,0.26052
-39.063,-40.625,0.36427
-39.063,-39.063,0.27076
-39.063,-37.5,0.15788
-39.063,-35.938,0.25411
-39.063,-34.375,0.46455
-39.063,-32.813,0.52695
-39.063,-31.25,0.60726
-39.063,-29.688,0.79591
-39.063,-28.125,0.93231
-39.063,-26.563,0.95887
-39.063,-25,0.94101
-39.063,-23.438,0.94783
-39.063,-21.875,0.89116
-39.063,-20.313,0.7317
-39.063,-18.75,0.5102
-39.063,-17.188,0.35444
-39.063,-15.625,0.32394
-39.063,-14.063,0.22364
-39.063,-12.5,0.19065
-39.063,-10.938,-0.025036
-39.063,-9.375,-0.23999
-39.063,-7.8125,-0.22717
-39.063,-6.25,-0.23489
-39.063,-4.6875,-0.18483
-39.063,-3.125,0.012291
-39.063,-1.5625,0.27518
-39.063,0,0.47081
-39.063,1.5625,0.55367
-39.063,3.125,0.67064
-39.063,4.6875,0.71023
-39.063,6.25,0.77571
-39.063,7.8125,0.79293
-39.063,9.375,0.85725
-39.063,10.938,0.94804
-39.063,12.5,0.89112
-39.063,14.063,0.80848
-39.063,15.625,0.76304
-39.063,17.188,0.61155
-39.063,18.75,0.40006
-39.063,20.313,0.19603
-39.063,21.875,0.19048
-39.063,23.438,0.11162
-39.063,25,-0.17213
-39.063,26.563,-0.35979
-39.063,28.125,-0.35138
-39.063,29.688,-0.41582
-39.063,31.25,-0.37783
-39.063,32.813,-0.41772
-39.063,34.375,-0.5143
-39.063,35.938,-0.44794
-39.063,37.5,-0.22482
-39.063,39.063,-0.15625
-39.063,40.625,-0.086499
-39.063,42.188,-0.07825
-39.063,43.75,-0.036522
-39.063,45.313,-0.06196
-39.063,46.875,-0.073014
-39.063,48.438,0.0064728
-39.063,50,-0.25945
-37.5,-48.438,-0.070908
-37.5,-46.875,0.1412
-37.5,-45.313,0.34686
-37.5,-43.75,0.54078
-37.5,-42.188,0.53034
-37.5,-40.625,0.33826
-37.5,-39.063,0.19623
-37.5,-37.5,0.20341
-37.5,-35.938,0.37648
-37.5,-34.375,0.44762
-37.5,-32.813,0.38728
-37.5,-31.25,0.43061
-37.5,-29.688,0.56656
-37.5,-28.125,0.51178
-37.5,-26.563,0.4956
-37.5,-25,0.58158
-37.5,-23.438,0.62147
-37.5,-21.875,0.60118
-37.5,-20.313,0.47891
-37.5,-18.75,0.33921
-37.5,-17.188,0.20519
-37.5,-15.625,0.065212
-37.5,-14.063,-0.05752
-37.5,-12.5,-0.11812
-37.5,-10.938,-0.17484
-37.5,-9.375,-0.2934
-37.5,-7.8125,-0.2685
-37.5,-6.25,-0.20655
-37.5,-4.6875,-0.087942
-37.5,-3.125,0.15764
-37.5,-1.5625,0.32697
-37.5,0,0.49762
-37.5,1.5625,0.63335
-37.5,3.125,0.7068
-37.5,4.6875,0.75008
-37.5,6.25,0.81858
-37.5,7.8125,0.76372
-37.5,9.375,0.69164
-37.5,10.938,0.58172
-37.5,12.5,0.40719
-37.5,14.063,0.51927
-37.5,15.625,0.61164
-37.5,17.188,0.46924
-37.5,18.75,0.22625
-37.5,20.313,0.065773
-37.5,21.875,0.042985
-37.5,23.438,0.029318
-37.5,25,-0.10397
-37.5,26.563,-0.23942
-37.5,28.125,-0.39084
-37.5,29.688,-0.32822
-37.5,31.25,-0.22552
-37.5,32.813,-0.22725
-37.5,34.375,-0.18551
-37.5,35.938,-0.10212
-37.5,37.5,0.044185
-37.5,39.063,0.071376
-37.5,40.625,0.15104
-37.5,42.188,0.24393
-37.5,43.75,0.36086
-37.5,45.313,0.37858
-37.5,46.875,0.24845
-37.5,48.438,0.11849
-37.5,50,-0.11878
-35.938,-48.438,0.21825
-35.938,-46.875,0.38298
-35.938,-45.313,0.54764
-35.938,-43.75,0.789
-35.938,-42.188,0.81031
-35.938,-40.625,0.59569
-35.938,-39.063,0.36321
-35.938,-37.5,0.31062
-35.938,-35.938,0.38949
-35.938,-34.375,0.39371
-35.938,-32.813,0.36489
-35.938,-31.25,0.25861
-35.938,-29.688,0.24099
-35.938,-28.125,0.19803
-35.938,-26.563,0.16548
-35.938,-25,0.33588
-35.938,-23.438,0.2768
-35.938,-21.875,0.12463
-35.938,-20.313,0.062139
-35.938,-18.75,-0.024234
-35.938,-17.188,-0.12622
-35.938,-15.625,-0.29611
-35.938,-14.063,-0.41745
-35.938,-12.5,-0.39651
-35.938,-10.938,-0.35031
-35.938,-9.375,-0.21543
-35.938,-7.8125,-0.11626
-35.938,-6.25,-0.14723
-35.938,-4.6875,-0.062248
-35.938,-3.125,0.065068
-35.938,-1.5625,0.11627
-35.938,0,0.2893
-35.938,1.5625,0.52367
-35.938,3.125,0.56422
-35.938,4.6875,0.48326
-35.938,6.25,0.4519
-35.938,7.8125,0.47794
-35.938,9.375,0.33678
-35.938,10.938,0.20336
-35.938,12.5,0.18382
-35.938,14.063,0.30195
-35.938,15.625,0.35108
-35.938,17.188,0.2469
-35.938,18.75,0.15488
-35.938,20.313,-0.036296
-35.938,21.875,-0.095314
-35.938,23.438,0.019515
-35.938,25,-0.025016
-35.938,26.563,-0.010211
-35.938,28.125,-0.14018
-35.938,29.688,-0.11173
-35.938,31.25,0.074237
-35.938,32.813,0.050437
-35.938,34.375,0.067043
-35.938,35.938,0.20698
-35.938,37.5,0.22004
-35.938,39.063,0.22488
-35.938,40.625,0.2628
-35.938,42.188,0.35084
-35.938,43.75,0.40191
-35.938,45.313,0.46493
-35.938,46.875,0.35491
-35.938,48.438,0.14726
-35.938,50,0.060323
-34.375,-48.438,0.36653
-34.375,-46.875,0.38312
-34.375,-45.313,0.48978
-34.375,-43.75,0.67214
-34.375,-42.188,0.72664
-34.375,-40.625,0.65718
-34.375,-39.063,0.61399
-34.375,-37.5,0.542
-34.375,-35.938,0.45804
-34.375,-34.375,0.30781
-34.375,-32.813,0.13531
-34.375,-31.25,-0.085091
-34.375,-29.688,-0.17878
-34.375,-28.125,-0.25375
-34.375,-26.563,-0.22291
-34.375,-25,-0.06701
-34.375,-23.438,-0.04751
-34.375,-21.875,-0.13001
-34.375,-20.313,-0.24032
-34.375,-18.75,-0.29104
-34.375,-17.188,-0.51106
-34.375,-15.625,-0.64639
-34.375,-14.063,-0.6645
-34.375,-12.5,-0.59625
-34.375,-10.938,-0.38074
-34.375,-9.375,-0.20826
-34.375,-7.8125,-0.087846
-34.375,-6.25,-0.13053
-34.375,-4.6875,-0.1491
-34.375,-3.125,-0.10596
-34.375,-1.5625,0.0010494
-34.375,0,0.14596
-34.375,1.5625,0.32456
-34.375,3.125,0.3553
-34.375,4.6875,0.21637
-34.375,6.25,0.10425
-34.375,7.8125,0.16349
-34.375,9.375,0.13276
-34.375,10.938,0.023341
-34.375,12.5,0.088502
-34.375,14.063,0.1144
-34.375,15.625,0.10493
-34.375,17.188,0.037094
-34.375,18.75,0.0062623
-34.375,20.313,-0.12083
-34.375,21.875,-0.20394
-34.375,23.438,0.0092988
-34.375,25,0.11632
-34.375,26.563,0.16162
-34.375,28.125,0.16531
-34.375,29.688,0.3066
-34.375,31.25,0.49233
-34.375,32.813,0.32319
-34.375,34.375,0.25766
-34.375,35.938,0.35155
-34.375,37.5,0.47785
-34.375,39.063,0.32288
-34.375,40.625,0.32762
-34.375,42.188,0.33045
-34.375,43.75,0.25108
-34.375,45.313,0.31135
-34.375,46.875,0.26594
-34.375,48.438,0.24333
-34.375,50,0.28313
-32.813,-48.438,0.42628
-32.813,-46.875,0.31358
-32.813,-45.313,0.32227
-32.813,-43.75,0.43202
-32.813,-42.188,0.51986
-32.813,-40.625,0.57421
-32.813,-39.063,0.6871
-32.813,-37.5,0.58785
-32.813,-35.938,0.44875
-32.813,-34.375,0.26247
-32.813,-32.813,-0.04703
-32.813,-31.25,-0.30716
-32.813,-29.688,-0.47378
-32.813,-28.125,-0.59713
-32.813,-26.563,-0.59587
-32.813,-25,-0.41509
-32.813,-23.438,-0.33248
-32.813,-21.875,-0.31487
-32.813,-20.313,-0.37291
-32.813,-18.75,-0.42301
-32.813,-17.188,-0.63987
-32.813,-15.625,-0.78231
-32.813,-14.063,-0.70548
-32.813,-12.5,-0.52496
-32.813,-10.938,-0.34991
-32.813,-9.375,-0.29104
-32.813,-7.8125,-0.22623
-32.813,-6.25,-0.24845
-32.813,-4.6875,-0.20386
-32.813,-3.125,-0.21552
-32.813,-1.5625,-0.16739
-32.813,0,-0.12911
-32.813,1.5625,-0.0033258
-32.813,3.125,0.086487
-32.813,4.6875,0.023054
-32.813,6.25,-0.12742
-32.813,7.8125,-0.12457
-32.813,9.375,-0.031614
-32.813,10.938,-0.032362
-32.813,12.5,-0.019193
-32.813,14.063,-0.092269
-32.813,15.625,-0.08099
-32.813,17.188,-0.046335
-32.813,18.75,-0.06216
-32.813,20.313,-0.063759
-32.813,21.875,-0.017233
-32.813,23.438,0.18701
-32.813,25,0.29223
-32.813,26.563,0.34088
-32.813,28.125,0.45836
-32.813,29.688,0.55314
-32.813,31.25,0.65386
-32.813,32.813,0.55535
-32.813,34.375,0.39838
-32.813,35.938,0.469
-32.813,37.5,0.46232
-32.813,39.063,0.3102
-32.813,40.625,0.27886
-32.813,42.188,0.15829
-32.813,43.75,0.13928
-32.813,45.313,0.25133
-32.813,46.875,0.22968
-32.813,48.438,0.217
-32.813,50,0.36459
-31.25,-48.438,0.3042
-31.25,-46.875,0.19975
-31.25,-45.313,0.17422
-31.25,-43.75,0.25535
-31.25,-42.188,0.42834
-31.25,-40.625,0.44908
-31.25,-39.063,0.53764
-31.25,-37.5,0.44013
-31.25,-35.938,0.20044
-31.25,-34.375,-0.006646
-31.25,-32.813,-0.28817
-31.25,-31.25,-0.46467
-31.25,-29.688,-0.57916
-31.25,-28.125,-0.60397
-31.25,-26.563,-0.76857
-31.25,-25,-0.75024
-31.25,-23.438,-0.71634
-31.25,-21.875,-0.67285
-31.25,-20.313,-0.58564
-31.25,-18.75,-0.62358
-31.25,-17.188,-0.78313
-31.25,-15.625,-0.86367
-31.25,-14.063,-0.60099
-31.25,-12.5,-0.31371
-31.25,-10.938,-0.28327
-31.25,-9.375,-0.34085
-31.25,-7.8125,-0.39506
-31.25,-6.25,-0.38419
-31.25,-4.6875,-0.38955
-31.25,-3.125,-0.49051
-31.25,-1.5625,-0.39676
-31.25,0,-0.46163
-31.25,1.5625,-0.43829
-31.25,3.125,-0.23442
-31.25,4.6875,-0.10372
-31.25,6.25,-0.24088
-31.25,7.8125,-0.28749
-31.25,9.375,-0.076071
-31.25,10.938,0.016259
-31.25,12.5,-0.0027494
-31.25,14.063,-0.065212
-31.25,15.625,-0.024033
-31.25,17.188,0.091575
-31.25,18.75,0.18428
-31.25,20.313,0.16965
-31.25,21.875,0.25138
-31.25,23.438,0.43124
-31.25,25,0.63348
-31.25,26.563,0.60638
-31.25,28.125,0.58749
-31.25,29.688,0.6042
-31.25,31.25,0.47038
-31.25,32.813,0.45347
-31.25,34.375,0.40142
-31.25,35.938,0.345
-31.25,37.5,0.32776
-31.25,39.063,0.3355
-31.25,40.625,0.28293
-31.25,42.188,0.17127
-31.25,43.75,0.15129
-31.25,45.313,0.18789
-31.25,46.875,0.18719
-31.25,48.438,0.32591
-31.25,50,0.41861
-29.688,-48.438,0.1676
-29.688,-46.875,0.30535
-29.688,-45.313,0.28854
-29.688,-43.75,0.32511
-29.688,-42.188,0.39144
-29.688,-40.625,0.3542
-29.688,-39.063,0.31105
-29.688,-37.5,0.16326
-29.688,-35.938,-0.12777
-29.688,-34.375,-0.37488
-29.688,-32.813,-0.53461
-29.688,-31.25,-0.53052
-29.688,-29.688,-0.50885
-29.688,-28.125,-0.61714
-29.688,-26.563,-0.7342
-29.688,-25,-0.86575
-29.688,-23.438,-0.84417
-29.688,-21.875,-0.75857
-29.688,-20.313,-0.65454
-29.688,-18.75,-0.70742
-29.688,-17.188,-0.76373
-29.688,-15.625,-0.64427
-29.688,-14.063,-0.45742
-29.688,-12.5,-0.23945
-29.688,-10.938,-0.23273
-29.688,-9.375,-0.32628
-29.688,-7.8125,-0.3294
-29.688,-6.25,-0.28337
-29.688,-4.6875,-0.42283
-29.688,-3.125,-0.57939
-29.688,-1.5625,-0.59672
-29.688,0,-0.54814
-29.688,1.5625,-0.39874
-29.688,3.125,-0.25866
-29.688,4.6875,-0.23916
-29.688,6.25,-0.25704
-29.688,7.8125,-0.24292
-29.688,9.375,-0.02744
-29.688,10.938,0.09551
-29.688,12.5,0.11992
-29.688,14.063,0.078411
-29.688,15.625,0.15305
-29.688,17.188,0.29192
-29.688,18.75,0.34837
-29.688,20.313,0.32247
-29.688,21.875,0.35432
-29.688,23.438,0.527
-29.688,25,0.72361
-29.688,26.563,0.655
-29.688,28.125,0.5664
-29.688,29.688,0.55013
-29.688,31.25,0.39299
-29.688,32.813,0.25115
-29.688,34.375,0.18768
-29.688,35.938,0.078659
-29.688,37.5,0.060359
-29.688,39.063,0.1289
-29.688,40.625,0.14547
-29.688,42.188,0.16687
-29.688,43.75,0.0039261
-29.688,45.313,-0.10086
-29.688,46.875,-0.03265
-29.688,48.438,0.091032
-29.688,50,0.12179
-28.125,-48.438,0.14665
-28.125,-46.875,0.17076
-28.125,-45.313,0.20219
-28.125,-43.75,0.2476
-28.125,-42.188,0.28605
-28.125,-40.625,0.21814
-28.125,-39.063,0.11712
-28.125,-37.5,-0.022996
-28.125,-35.938,-0.3348
-28.125,-34.375,-0.51772
-28.125,-32.813,-0.61357
-28.125,-31.25,-0.63322
-28.125,-29.688,-0.62053
-28.125,-28.125,-0.59959
-28.125,-26.563,-0.63396
-28.125,-25,-0.84017
-28.125,-23.438,-0.75228
-28.125,-21.875,-0.63792
-28.125,-20.313,-0.63286
-28.125,-18.75,-0.56863
-28.125,-17.188,-0.38672
-28.125,-15.625,-0.36749
-28.125,-14.063,-0.31809
-28.125,-12.5,-0.20937
-28.125,-10.938,-0.17474
-28.125,-9.375,-0.2623
-28.125,-7.8125,-0.22043
-28.125,-6.25,-0.21766
-28.125,-4.6875,-0.37501
-28.125,-3.125,-0.50937
-28.125,-1.5625,-0.49265
-28.125,0,-0.43232
-28.125,1.5625,-0.28596
-28.125,3.125,-0.24953
-28.125,4.6875,-0.23346
-28.125,6.25,-0.17409
-28.125,7.8125,-0.079742
-28.125,9.375,-0.0050924
-28.125,10.938,-0.056257
-28.125,12.5,0.047284
-28.125,14.063,0.065808
-28.125,15.625,0.21747
-28.125,17.188,0.29659
-28.125,18.75,0.25951
-28.125,20.313,0.28857
-28.125,21.875,0.32873
-28.125,23.438,0.48362
-28.125,25,0.48776
-28.125,26.563,0.56675
-28.125,28.125,0.47764
-28.125,29.688,0.40996
-28.125,31.25,0.45008
-28.125,32.813,0.27711
-28.125,34.375,-0.014595
-28.125,35.938,-0.22068
-28.125,37.5,-0.20704
-28.125,39.063,-0.18127
-28.125,40.625,-0.16718
-28.125,42.188,-0.13682
-28.125,43.75,-0.21776
-28.125,45.313,-0.29065
-28.125,46.875,-0.23874
-28.125,48.438,-0.14893
-28.125,50,0.043044
-26.563,-48.438,-0.1295
-26.563,-46.875,-0.19091
-26.563,-45.313,-0.16754
-26.563,-43.75,-0.03664
-26.563,-42.188,-0.031264
-26.563,-40.625,0.0068669
-26.563,-39.063,-0.12927
-26.563,-37.5,-0.33231
-26.563,-35.938,-0.47756
-26.563,-34.375,-0.45097
-26.563,-32.813,-0.55003
-26.563,-31.25,-0.51317
-26.563,-29.688,-0.66029
-26.563,-28.125,-0.76488
-26.563,-26.563,-0.73898
-26.563,-25,-0.6643
-26.563,-23.438,-0.51413
-26.563,-21.875,-0.43418
-26.563,-20.313,-0.46322
-26.563,-18.75,-0.26829
-26.563,-17.188,-0.090303
-26.563,-15.625,-0.17533
-26.563,-14.063,-0.3108
-26.563,-12.5,-0.22121
-26.563,-10.938,-0.1372
-26.563,-9.375,-0.13606
-26.563,-7.8125,-0.083552
-26.563,-6.25,-0.12347
-26.563,-4.6875,-0.26622
-26.563,-3.125,-0.39105
-26.563,-1.5625,-0.27463
-26.563,0,-0.090969
-26.563,1.5625,-0.04952
-26.563,3.125,-0.063034
-26.563,4.6875,-0.018058
-26.563,6.25,-0.063937
-26.563,7.8125,-0.00257
-26.563,9.375,0.0066875
-26.563,10.938,-0.015071
-26.563,12.5,-0.014964
-26.563,14.063,0.05911
-26.563,15.625,0.16154
-26.563,17.188,0.11627
-26.563,18.75,0.065556
-26.563,20.313,0.085281
-26.563,21.875,0.17724
-26.563,23.438,0.18722
-26.563,25,0.28615
-26.563,26.563,0.34832
-26.563,28.125,0.31326
-26.563,29.688,0.25553
-26.563,31.25,0.24777
-26.563,32.813,0.102
-26.563,34.375,-0.13269
-26.563,35.938,-0.30253
-26.563,37.5,-0.32228
-26.563,39.063,-0.33878
-26.563,40.625,-0.36881
-26.563,42.188,-0.29575
-26.563,43.75,-0.34429
-26.563,45.313,-0.29009
-26.563,46.875,-0.23567
-26.563,48.438,-0.21769
-26.563,50,-0.057068
-25,-48.438,-0.4587
-25,-46.875,-0.38765
-25,-45.313,-0.30657
-25,-43.75,-0.261
-25,-42.188,-0.24218
-25,-40.625,-0.19253
-25,-39.063,-0.35914
-25,-37.5,-0.46924
-25,-35.938,-0.48501
-25,-34.375,-0.28688
-25,-32.813,-0.20503
-25,-31.25,-0.20761
-25,-29.688,-0.30798
-25,-28.125,-0.42755
-25,-26.563,-0.47032
-25,-25,-0.41973
-25,-23.438,-0.39466
-25,-21.875,-0.41039
-25,-20.313,-0.33756
-25,-18.75,-0.12859
-25,-17.188,-0.11341
-25,-15.625,-0.18936
-25,-14.063,-0.24376
-25,-12.5,-0.30984
-25,-10.938,-0.2427
-25,-9.375,-0.11752
-25,-7.8125,-0.094368
-25,-6.25,-0.1212
-25,-4.6875,-0.12484
-25,-3.125,-0.12769
-25,-1.5625,0.011342
-25,0,0.24316
-25,1.5625,0.23448
-25,3.125,0.08147
-25,4.6875,0.087744
-25,6.25,0.045685
-25,7.8125,0.044675
-25,9.375,-0.037031
-25,10.938,0.026447
-25,12.5,-0.037515
-25,14.063,-0.091186
-25,15.625,-0.0116
-25,17.188,0.011001
-25,18.75,-0.020914
-25,20.313,-0.095654
-25,21.875,-0.0094431
-25,23.438,0.0014764
-25,25,0.089252
-25,26.563,0.24947
-25,28.125,0.27222
-25,29.688,0.12597
-25,31.25,-0.093506
-25,32.813,-0.27063
-25,34.375,-0.39034
-25,35.938,-0.45549
-25,37.5,-0.42477
-25,39.063,-0.44638
-25,40.625,-0.40949
-25,42.188,-0.36883
-25,43.75,-0.30665
-25,45.313,-0.28805
-25,46.875,-0.2806
-25,48.438,-0.24832
-25,50,-0.29673
-23.438,-48.438,-0.43714
-23.438,-46.875,-0.44345
-23.438,-45.313,-0.3748
-23.438,-43.75,-0.39615
-23.438,-42.188,-0.33961
-23.438,-40.625,-0.37354
-23.438,-39.063,-0.39873
-23.438,-37.5,-0.30188
-23.438,-35.938,-0.17247
-23.438,-34.375,0.0084617
-23.438,-32.813,0.10917
-23.438,-31.25,0.09708
-23.438,-29.688,0.015589
-23.438,-28.125,-0.078212
-23.438,-26.563,-0.16137
-23.438,-25,-0.13888
-23.438,-23.438,-0.17044
-23.438,-21.875,-0.20034
-23.438,-20.313,-0.16013
-23.438,-18.75,-0.088743
-23.438,-17.188,-0.13262
-23.438,-15.625,-0.16805
-23.438,-14.063,-0.19751
-23.438,-12.5,-0.29119
-23.438,-10.938,-0.30885
-23.438,-9.375,-0.30575
-23.438,-7.8125,-0.18572
-23.438,-6.25,-0.16871
-23.438,-4.6875,-0.15181
-23.438,-3.125,0.0041855
-23.438,-1.5625,0.13098
-23.438,0,0.30144
-23.438,1.5625,0.38527
-23.438,3.125,0.33008
-23.438,4.6875,0.27922
-23.438,6.25,0.14289
-23.438,7.8125,0.1499
-23.438,9.375,0.10669
-23.438,10.938,0.18205
-23.438,12.5,0.12876
-23.438,14.063,-0.027165
-23.438,15.625,-0.019451
-23.438,17.188,-0.05913
-23.438,18.75,-0.031046
-23.438,20.313,-0.030749
-23.438,21.875,-0.028186
-23.438,23.438,-0.092367
-23.438,25,-0.024695
-23.438,26.563,0.085824
-23.438,28.125,0.075189
-23.438,29.688,-0.22975
-23.438,31.25,-0.44876
-23.438,32.813,-0.46193
-23.438,34.375,-0.55156
-23.438,35.938,-0.5226
-23.438,37.5,-0.48379
-23.438,39.063,-0.48967
-23.438,40.625,-0.3336
-23.438,42.188,-0.22191
-23.438,43.75,-0.1379
-23.438,45.313,-0.21219
-23.438,46.875,-0.15144
-23.438,48.438,-0.12724
-23.438,50,-0.30761
-21.875,-48.438,-0.32191
-21.875,-46.875,-0.43879
-21.875,-45.313,-0.43671
-21.875,-43.75,-0.32042
-21.875,-42.188,-0.15832
-21.875,-40.625,-0.15814
-21.875,-39.063,-0.2045
-21.875,-37.5,-0.057261
-21.875,-35.938,0.172
-21.875,-34.375,0.26553
-21.875,-32.813,0.40255
-21.875,-31.25,0.44435
-21.875,-29.688,0.31696
-21.875,-28.125,0.20761
-21.875,-26.563,0.20892
-21.875,-25,0.23404
-21.875,-23.438,0.20595
-21.875,-21.875,0.13768
-21.875,-20.313,0.10977
-21.875,-18.75,0.094135
-21.875,-17.188,0.078811
-21.875,-15.625,0.011919
-21.875,-14.063,-0.04424
-21.875,-12.5,-0.10583
-21.875,-10.938,-0.26357
-21.875,-9.375,-0.31525
-21.875,-7.8125,-0.29386
-21.875,-6.25,-0.25458
-21.875,-4.6875,-0.18749
-21.875,-3.125,-0.015337
-21.875,-1.5625,0.16857
-21.875,0,0.30155
-21.875,1.5625,0.30479
-21.875,3.125,0.32757
-21.875,4.6875,0.29489
-21.875,6.25,0.30767
-21.875,7.8125,0.39352
-21.875,9.375,0.33819
-21.875,10.938,0.23575
-21.875,12.5,0.17006
-21.875,14.063,-0.040435
-21.875,15.625,-0.20251
-21.875,17.188,-0.18168
-21.875,18.75,-0.23119
-21.875,20.313,-0.20768
-21.875,21.875,-0.14784
-21.875,23.438,-0.14991
-21.875,25,-0.11163
-21.875,26.563,-0.041875
-21.875,28.125,-0.22276
-21.875,29.688,-0.40895
-21.875,31.25,-0.47216
-21.875,32.813,-0.47993
-21.875,34.375,-0.44088
-21.875,35.938,-0.40539
-21.875,37.5,-0.42675
-21.875,39.063,-0.33646
-21.875,40.625,-0.23065
-21.875,42.188,-0.15816
-21.875,43.75,-0.11081
-21.875,45.313,-0.15331
-21.875,46.875,-0.12387
-21.875,48.438,-0.24177
-21.875,50,-0.2459
-20.313,-48.438,-0.27248
-20.313,-46.875,-0.31905
-20.313,-45.313,-0.29218
-20.313,-43.75,-0.090593
-20.313,-42.188,0.1563
-20.313,-40.625,0.18824
-20.313,-39.063,0.12485
-20.313,-37.5,0.17756
-20.313,-35.938,0.39627
-20.313,-34.375,0.49178
-20.313,-32.813,0.67782
-20.313,-31.25,0.72432
-20.313,-29.688,0.68034
-20.313,-28.125,0.52732
-20.313,-26.563,0.50752
-20.313,-25,0.55936
-20.313,-23.438,0.49868
-20.313,-21.875,0.49988
-20.313,-20.313,0.43351
-20.313,-18.75,0.31383
-20.313,-17.188,0.23829
-20.313,-15.625,0.13643
-20.313,-14.063,0.0033353
-20.313,-12.5,-0.22264
-20.313,-10.938,-0.45792
-20.313,-9.375,-0.44182
-20.313,-7.8125,-0.45136
-20.313,-6.25,-0.36239
-20.313,-4.6875,-0.1811
-20.313,-3.125,0.044246
-20.313,-1.5625,0.27404
-20.313,0,0.31802
-20.313,1.5625,0.37233
-20.313,3.125,0.41392
-20.313,4.6875,0.44647
-20.313,6.25,0.44789
-20.313,7.8125,0.42177
-20.313,9.375,0.30778
-20.313,10.938,0.11439
-20.313,12.5,0.0058787
-20.313,14.063,-0.14331
-20.313,15.625,-0.2207
-20.313,17.188,-0.1455
-20.313,18.75,-0.22116
-20.313,20.313,-0.21476
-20.313,21.875,-0.24135
-20.313,23.438,-0.18838
-20.313,25,-0.20545
-20.313,26.563,-0.12236
-20.313,28.125,-0.23564
-20.313,29.688,-0.35024
-20.313,31.25,-0.32497
-20.313,32.813,-0.36081
-20.313,34.375,-0.27868
-20.313,35.938,-0.20425
-20.313,37.5,-0.12441
-20.313,39.063,-0.084952
-20.313,40.625,-0.091029
-20.313,42.188,0.023062
-20.313,43.75,0.0047122
-20.313,45.313,0.016101
-20.313,46.875,-0.087995
-20.313,48.438,-0.17819
-20.313,50,-0.2481
-18.75,-48.438,-0.10009
-18.75,-46.875,-0.082589
-18.75,-45.313,0.016204
-18.75,-43.75,0.17419
-18.75,-42.188,0.33169
-18.75,-40.625,0.38928
-18.75,-39.063,0.53713
-18.75,-37.5,0.69151
-18.75,-35.938,0.71382
-18.75,-34.375,0.74358
-18.75,-32.813,0.87615
-18.75,-31.25,1.0113
-18.75,-29.688,1.0193
-18.75,-28.125,0.83141
-18.75,-26.563,0.68232
-18.75,-25,0.53548
-18.75,-23.438,0.51057
-18.75,-21.875,0.46738
-18.75,-20.313,0.44713
-18.75,-18.75,0.36852
-18.75,-17.188,0.32634
-18.75,-15.625,-0.013251
-18.75,-14.063,-0.378
-18.75,-12.5,-0.54824
-18.75,-10.938,-0.64767
-18.75,-9.375,-0.62912
-18.75,-7.8125,-0.56531
-18.75,-6.25,-0.37402
-18.75,-4.6875,-0.16112
-18.75,-3.125,0.010755
-18.75,-1.5625,0.18008
-18.75,0,0.2725
-18.75,1.5625,0.44564
-18.75,3.125,0.51619
-18.75,4.6875,0.59856
-18.75,6.25,0.52453
-18.75,7.8125,0.29075
-18.75,9.375,0.13586
-18.75,10.938,-0.085316
-18.75,12.5,-0.15412
-18.75,14.063,-0.10277
-18.75,15.625,-0.08646
-18.75,17.188,-0.00099502
-18.75,18.75,-0.043694
-18.75,20.313,-0.11116
-18.75,21.875,-0.14663
-18.75,23.438,-0.11952
-18.75,25,-0.11996
-18.75,26.563,-0.098878
-18.75,28.125,-0.17667
-18.75,29.688,-0.17813
-18.75,31.25,-0.20597
-18.75,32.813,-0.17277
-18.75,34.375,-0.063794
-18.75,35.938,0.010133
-18.75,37.5,0.1435
-18.75,39.063,0.21463
-18.75,40.625,0.22675
-18.75,42.188,0.16864
-18.75,43.75,0.1731
-18.75,45.313,0.22235
-18.75,46.875,0.036863
-18.75,48.438,-0.084262
-18.75,50,-0.11904
-17.188,-48.438,-0.14796
-17.188,-46.875,-0.012239
-17.188,-45.313,0.097109
-17.188,-43.75,0.16464
-17.188,-42.188,0.50278
-17.188,-40.625,0.66913
-17.188,-39.063,0.75046
-17.188,-37.5,0.88977
-17.188,-35.938,0.88062
-17.188,-34.375,0.90185
-17.188,-32.813,0.94563
-17.188,-31.25,1.0292
-17.188,-29.688,0.99279
-17.188,-28.125,1.0058
-17.188,-26.563,0.822
-17.188,-25,0.53435
-17.188,-23.438,0.3531
-17.188,-21.875,0.24659
-17.188,-20.313,0.11787
-17.188,-18.75,0.046532
-17.188,-17.188,0.029686
-17.188,-15.625,-0.24692
-17.188,-14.063,-0.54415
-17.188,-12.5,-0.71263
-17.188,-10.938,-0.67502
-17.188,-9.375,-0.65071
-17.188,-7.8125,-0.65774
-17.188,-6.25,-0.39568
-17.188,-4.6875,-0.09362
-17.188,-3.125,0.042215
-17.188,-1.5625,0.13715
-17.188,0,0.23394
-17.188,1.5625,0.4374
-17.188,3.125,0.47451
-17.188,4.6875,0.49305
-17.188,6.25,0.44322
-17.188,7.8125,0.26004
-17.188,9.375,0.042678
-17.188,10.938,-0.13147
-17.188,12.5,-0.13802
-17.188,14.063,-0.11582
-17.188,15.625,-0.033444
-17.188,17.188,0.081966
-17.188,18.75,0.19528
-17.188,20.313,0.010061
-17.188,21.875,-0.069688
-17.188,23.438,0.0063953
-17.188,25,-0.068399
-17.188,26.563,-0.098322
-17.188,28.125,-0.067548
-17.188,29.688,0.0030101
-17.188,31.25,0.019868
-17.188,32.813,0.065497
-17.188,34.375,-0.01775
-17.188,35.938,-0.0042652
-17.188,37.5,0.1883
-17.188,39.063,0.3662
-17.188,40.625,0.34193
-17.188,42.188,0.26247
-17.188,43.75,0.18744
-17.188,45.313,0.19363
-17.188,46.875,0.059378
-17.188,48.438,-0.11687
-17.188,50,-0.11121
-15.625,-48.438,-0.21928
-15.625,-46.875,-0.10504
-15.625,-45.313,0.060532
-15.625,-43.75,0.24479
-15.625,-42.188,0.51224
-15.625,-40.625,0.62497
-15.625,-39.063,0.65024
-15.625,-37.5,0.65225
-15.625,-35.938,0.70773
-15.625,-34.375,0.81388
-15.625,-32.813,0.89289
-15.625,-31.25,0.92568
-15.625,-29.688,0.89538
-15.625,-28.125,0.87653
-15.625,-26.563,0.71774
-15.625,-25,0.42388
-15.625,-23.438,0.12215
-15.625,-21.875,-0.088824
-15.625,-20.313,-0.20629
-15.625,-18.75,-0.36536
-15.625,-17.188,-0.46951
-15.625,-15.625,-0.60158
-15.625,-14.063,-0.76927
-15.625,-12.5,-0.97212
-15.625,-10.938,-0.80281
-15.625,-9.375,-0.59285
-15.625,-7.8125,-0.52584
-15.625,-6.25,-0.33728
-15.625,-4.6875,-0.12188
-15.625,-3.125,0.082039
-15.625,-1.5625,0.15192
-15.625,0,0.33477
-15.625,1.5625,0.48848
-15.625,3.125,0.51304
-15.625,4.6875,0.44531
-15.625,6.25,0.35577
-15.625,7.8125,0.21299
-15.625,9.375,0.086216
-15.625,10.938,-0.054033
-15.625,12.5,-0.036418
-15.625,14.063,0.098342
-15.625,15.625,0.12373
-15.625,17.188,0.17411
-15.625,18.75,0.14876
-15.625,20.313,0.022855
-15.625,21.875,-0.050648
-15.625,23.438,-0.062213
-15.625,25,-0.060915
-15.625,26.563,-0.090455
-15.625,28.125,0.076378
-15.625,29.688,0.11615
-15.625,31.25,0.038324
-15.625,32.813,0.09536
-15.625,34.375,0.052728
-15.625,35.938,0.076042
-15.625,37.5,0.21104
-15.625,39.063,0.29272
-15.625,40.625,0.26016
-15.625,42.188,0.24856
-15.625,43.75,0.13902
-15.625,45.313,0.10302
-15.625,46.875,0.0095273
-15.625,48.438,-0.10184
-15.625,50,-0.11734
-14.063,-48.438,-0.30758
-14.063,-46.875,-0.24223
-14.063,-45.313,0.01367
-14.063,-43.75,0.2108
-14.063,-42.188,0.40129
-14.063,-40.625,0.38519
-14.063,-39.063,0.44713
-14.063,-37.5,0.49965
-14.063,-35.938,0.53898
-14.063,-34.375,0.65412
-14.063,-32.813,0.75243
-14.063,-31.25,0.68256
-14.063,-29.688,0.69358
-14.063,-28.125,0.64013
-14.063,-26.563,0.46083
-14.063,-25,0.21631
-14.063,-23.438,-0.14437
-14.063,-21.875,-0.48006
-14.063,-20.313,-0.56977
-14.063,-18.75,-0.73654
-14.063,-17.188,-0.84153
-14.063,-15.625,-0.88276
-14.063,-14.063,-0.90603
-14.063,-12.5,-0.98142
-14.063,-10.938,-0.83682
-14.063,-9.375,-0.52933
-14.063,-7.8125,-0.31442
-14.063,-6.25,-0.22274
-14.063,-4.6875,-0.021987
-14.063,-3.125,0.19842
-14.063,-1.5625,0.29501
-14.063,0,0.36748
-14.063,1.5625,0.49611
-14.063,3.125,0.5581
-14.063,4.6875,0.42605
-14.063,6.25,0.32398
-14.063,7.8125,0.30606
-14.063,9.375,0.19777
-14.063,10.938,0.13499
-14.063,12.5,0.21835
-14.063,14.063,0.17815
-14.063,15.625,0.023518
-14.063,17.188,-0.065393
-14.063,18.75,0.0031909
-14.063,20.313,0.048614
-14.063,21.875,-0.03372
-14.063,23.438,-0.030421
-14.063,25,-0.075625
-14.063,26.563,-0.0169
-14.063,28.125,0.15099
-14.063,29.688,0.18016
-14.063,31.25,0.11602
-14.063,32.813,0.078375
-14.063,34.375,0.065885
-14.063,35.938,0.14436
-14.063,37.5,0.12549
-14.063,39.063,0.053529
-14.063,40.625,0.026838
-14.063,42.188,0.044224
-14.063,43.75,0.15366
-14.063,45.313,0.14209
-14.063,46.875,-0.030249
-14.063,48.438,-0.12106
-14.063,50,-0.19596
-12.5,-48.438,-0.30052
-12.5,-46.875,-0.18875
-12.5,-45.313,-0.02666
-12.5,-43.75,0.21031
-12.5,-42.188,0.26188
-12.5,-40.625,0.17924
-12.5,-39.063,0.29582
-12.5,-37.5,0.3891
-12.5,-35.938,0.40866
-12.5,-34.375,0.56309
-12.5,-32.813,0.58067
-12.5,-31.25,0.46149
-12.5,-29.688,0.3481
-12.5,-28.125,0.2086
-12.5,-26.563,0.047656
-12.5,-25,-0.12208
-12.5,-23.438,-0.39764
-12.5,-21.875,-0.686
-12.5,-20.313,-0.83894
-12.5,-18.75,-0.91492
-12.5,-17.188,-0.93585
-12.5,-15.625,-0.84667
-12.5,-14.063,-0.79464
-12.5,-12.5,-0.73372
-12.5,-10.938,-0.67824
-12.5,-9.375,-0.5499
-12.5,-7.8125,-0.34002
-12.5,-6.25,-0.23393
-12.5,-4.6875,-0.041371
-12.5,-3.125,0.0946
-12.5,-1.5625,0.26528
-12.5,0,0.36652
-12.5,1.5625,0.40878
-12.5,3.125,0.3168
-12.5,4.6875,0.16642
-12.5,6.25,0.25855
-12.5,7.8125,0.27693
-12.5,9.375,0.21575
-12.5,10.938,0.20476
-12.5,12.5,0.11748
-12.5,14.063,0.0052891
-12.5,15.625,-0.11697
-12.5,17.188,-0.13362
-12.5,18.75,-0.033931
-12.5,20.313,-0.086643
-12.5,21.875,-0.2355
-12.5,23.438,-0.24324
-12.5,25,-0.14177
-12.5,26.563,0.032682
-12.5,28.125,0.19225
-12.5,29.688,0.022756
-12.5,31.25,-0.14785
-12.5,32.813,-0.22405
-12.5,34.375,-0.25118
-12.5,35.938,-0.24044
-12.5,37.5,-0.17837
-12.5,39.063,-0.19072
-12.5,40.625,-0.10515
-12.5,42.188,0.039034
-12.5,43.75,0.14655
-12.5,45.313,0.095299
-12.5,46.875,-0.1361
-12.5,48.438,-0.19185
-12.5,50,-0.32146
-10.938,-48.438,-0.21311
-10.938,-46.875,-0.091843
-10.938,-45.313,0.028465
-10.938,-43.75,0.11565
-10.938,-42.188,0.12123
-10.938,-40.625,0.032323
-10.938,-39.063,0.047586
-10.938,-37.5,0.1481
-10.938,-35.938,0.31708
-10.938,-34.375,0.44675
-10.938,-32.813,0.44149
-10.938,-31.25,0.37644
-10.938,-29.688,0.12892
-10.938,-28.125,-0.089446
-10.938,-26.563,-0.27692
-10.938,-25,-0.27577
-10.938,-23.438,-0.46999
-10.938,-21.875,-0.64636
-10.938,-20.313,-0.76405
-10.938,-18.75,-0.7624
-10.938,-17.188,-0.74325
-10.938,-15.625,-0.68107
-10.938,-14.063,-0.58006
-10.938,-12.5,-0.55582
-10.938,-10.938,-0.51337
-10.938,-9.375,-0.51169
-10.938,-7.8125,-0.37306
-10.938,-6.25,-0.284
-10.938,-4.6875,-0.12035
-10.938,-3.125,0.034317
-10.938,-1.5625,0.17464
-10.938,0,0.38204
-10.938,1.5625,0.38916
-10.938,3.125,0.31973
-10.938,4.6875,0.32397
-10.938,6.25,0.32691
-10.938,7.8125,0.27797
-10.938,9.375,0.13916
-10.938,10.938,-0.07082
-10.938,12.5,-0.14244
-10.938,14.063,-0.14895
-10.938,15.625,-0.23006
-10.938,17.188,-0.33391
-10.938,18.75,-0.40484
-10.938,20.313,-0.56917
-10.938,21.875,-0.6228
-10.938,23.438,-0.50768
-10.938,25,-0.35972
-10.938,26.563,-0.22522
-10.938,28.125,-0.080554
-10.938,29.688,-0.19041
-10.938,31.25,-0.37881
-10.938,32.813,-0.51276
-10.938,34.375,-0.52483
-10.938,35.938,-0.46627
-10.938,37.5,-0.29247
-10.938,39.063,-0.12298
-10.938,40.625,-0.0057597
-10.938,42.188,0.091754
-10.938,43.75,0.1497
-10.938,45.313,0.039732
-10.938,46.875,-0.012468
-10.938,48.438,-0.13088
-10.938,50,-0.26621
-9.375,-48.438,-0.15435
-9.375,-46.875,-0.10996
-9.375,-45.313,-0.038988
-9.375,-43.75,0.035179
-9.375,-42.188,0.12231
-9.375,-40.625,0.093245
-9.375,-39.063,0.088859
-9.375,-37.5,0.1483
-9.375,-35.938,0.23401
-9.375,-34.375,0.25717
-9.375,-32.813,0.31349
-9.375,-31.25,0.23274
-9.375,-29.688,0.13445
-9.375,-28.125,-0.077537
-9.375,-26.563,-0.23337
-9.375,-25,-0.21968
-9.375,-23.438,-0.27986
-9.375,-21.875,-0.42909
-9.375,-20.313,-0.5636
-9.375,-18.75,-0.61133
-9.375,-17.188,-0.63891
-9.375,-15.625,-0.65788
-9.375,-14.063,-0.59278
-9.375,-12.5,-0.62788
-9.375,-10.938,-0.48863
-9.375,-9.375,-0.4652
-9.375,-7.8125,-0.46766
-9.375,-6.25,-0.29409
-9.375,-4.6875,-0.16349
-9.375,-3.125,-0.13738
-9.375,-1.5625,-0.026977
-9.375,0,0.16749
-9.375,1.5625,0.32341
-9.375,3.125,0.46395
-9.375,4.6875,0.4985
-9.375,6.25,0.34963
-9.375,7.8125,0.14615
-9.375,9.375,-0.12765
-9.375,10.938,-0.22682
-9.375,12.5,-0.26807
-9.375,14.063,-0.27763
-9.375,15.625,-0.36425
-9.375,17.188,-0.50569
-9.375,18.75,-0.67799
-9.375,20.313,-0.9014
-9.375,21.875,-0.94855
-9.375,23.438,-0.72815
-9.375,25,-0.54861
-9.375,26.563,-0.51844
-9.375,28.125,-0.43144
-9.375,29.688,-0.31408
-9.375,31.25,-0.40129
-9.375,32.813,-0.4808
-9.375,34.375,-0.52078
-9.375,35.938,-0.43014
-9.375,37.5,-0.26226
-9.375,39.063,-0.055737
-9.375,40.625,0.10768
-9.375,42.188,0.098145
-9.375,43.75,0.14414
-9.375,45.313,0.057997
-9.375,46.875,0.052802
-9.375,48.438,-0.10465
-9.375,50,-0.19165
-7.8125,-48.438,-0.16358
-7.8125,-46.875,-0.13995
-7.8125,-45.313,-0.13703
-7.8125,-43.75,0.058887
-7.8125,-42.188,0.027204
-7.8125,-40.625,0.07535
-7.8125,-39.063,0.10603
-7.8125,-37.5,0.22583
-7.8125,-35.938,0.23224
-7.8125,-34.375,0.13987
-7.8125,-32.813,0.15613
-7.8125,-31.25,0.10193
-7.8125,-29.688,0.067591
-7.8125,-28.125,-0.099365
-7.8125,-26.563,-0.14281
-7.8125,-25,-0.22651
-7.8125,-23.438,-0.35872
-7.8125,-21.875,-0.44948
-7.8125,-20.313,-0.51216
-7.8125,-18.75,-0.60988
-7.8125,-17.188,-0.56203
-7.8125,-15.625,-0.65085
-7.8125,-14.063,-0.70459
-7.8125,-12.5,-0.79124
-7.8125,-10.938,-0.70666
-7.8125,-9.375,-0.70725
-7.8125,-7.8125,-0.62809
-7.8125,-6.25,-0.38694
-7.8125,-4.6875,-0.25277
-7.8125,-3.125,-0.23356
-7.8125,-1.5625,-0.19494
-7.8125,0,0.0093518
-7.8125,1.5625,0.20779
-7.8125,3.125,0.4052
-7.8125,4.6875,0.27942
-7.8125,6.25,0.055822
-7.8125,7.8125,-0.13802
-7.8125,9.375,-0.32988
-7.8125,10.938,-0.40937
-7.8125,12.5,-0.58708
-7.8125,14.063,-0.57464
-7.8125,15.625,-0.55594
-7.8125,17.188,-0.57157
-7.8125,18.75,-0.73268
-7.8125,20.313,-0.86604
-7.8125,21.875,-0.87715
-7.8125,23.438,-0.80917
-7.8125,25,-0.69708
-7.8125,26.563,-0.61094
-7.8125,28.125,-0.51736
-7.8125,29.688,-0.36656
-7.8125,31.25,-0.30019
-7.8125,32.813,-0.21992
-7.8125,34.375,-0.18861
-7.8125,35.938,-0.07487
-7.8125,37.5,-0.024485
-7.8125,39.063,0.087957
-7.8125,40.625,0.2606
-7.8125,42.188,0.32185
-7.8125,43.75,0.25422
-7.8125,45.313,0.16645
-7.8125,46.875,0.067226
-7.8125,48.438,-0.020853
-7.8125,50,-0.10959
-6.25,-48.438,0.010462
-6.25,-46.875,-0.080437
-6.25,-45.313,-0.047572
-6.25,-43.75,0.18632
-6.25,-42.188,0.12962
-6.25,-40.625,0.22546
-6.25,-39.063,0.21483
-6.25,-37.5,0.16917
-6.25,-35.938,0.20551
-6.25,-34.375,0.057859
-6.25,-32.813,-0.043217
-6.25,-31.25,0.00051398
-6.25,-29.688,-0.0077126
-6.25,-28.125,-0.12979
-6.25,-26.563,-0.24164
-6.25,-25,-0.30159
-6.25,-23.438,-0.44229
-6.25,-21.875,-0.4858
-6.25,-20.313,-0.56093
-6.25,-18.75,-0.65161
-6.25,-17.188,-0.59639
-6.25,-15.625,-0.78691
-6.25,-14.063,-0.85928
-6.25,-12.5,-0.78905
-6.25,-10.938,-0.79016
-6.25,-9.375,-0.91557
-6.25,-7.8125,-0.7969
-6.25,-6.25,-0.43703
-6.25,-4.6875,-0.28906
-6.25,-3.125,-0.27047
-6.25,-1.5625,-0.19454
-6.25,0,0.031346
-6.25,1.5625,0.17482
-6.25,3.125,0.16979
-6.25,4.6875,-0.044742
-6.25,6.25,-0.29661
-6.25,7.8125,-0.24953
-6.25,9.375,-0.2766
-6.25,10.938,-0.38023
-6.25,12.5,-0.56392
-6.25,14.063,-0.56351
-6.25,15.625,-0.47144
-6.25,17.188,-0.4716
-6.25,18.75,-0.59253
-6.25,20.313,-0.64039
-6.25,21.875,-0.7181
-6.25,23.438,-0.75081
-6.25,25,-0.69076
-6.25,26.563,-0.50302
-6.25,28.125,-0.37025
-6.25,29.688,-0.36706
-6.25,31.25,-0.26826
-6.25,32.813,-0.1334
-6.25,34.375,0.079307
-6.25,35.938,0.19628
-6.25,37.5,0.31279
-6.25,39.063,0.35798
-6.25,40.625,0.41342
-6.25,42.188,0.34311
-6.25,43.75,0.28166
-6.25,45.313,0.29433
-6.25,46.875,0.19556
-6.25,48.438,0.093895
-6.25,50,-0.0066605
-4.6875,-48.438,-0.071366
-4.6875,-46.875,-0.11282
-4.6875,-45.313,-0.014402
-4.6875,-43.75,0.10117
-4.6875,-42.188,0.20675
-4.6875,-40.625,0.28565
-4.6875,-39.063,0.26619
-4.6875,-37.5,0.21222
-4.6875,-35.938,0.2174
-4.6875,-34.375,0.01913
-4.6875,-32.813,-0.10484
-4.6875,-31.25,-0.044847
-4.6875,-29.688,-0.12614
-4.6875,-28.125,-0.15985
-4.6875,-26.563,-0.24462
-4.6875,-25,-0.4321
-4.6875,-23.438,-0.50363
-4.6875,-21.875,-0.55468
-4.6875,-20.313,-0.63513
-4.6875,-18.75,-0.62544
-4.6875,-17.188,-0.61206
-4.6875,-15.625,-0.705
-4.6875,-14.063,-0.69919
-4.6875,-12.5,-0.72874
-4.6875,-10.938,-0.6684
-4.6875,-9.375,-0.67908
-4.6875,-7.8125,-0.6324
-4.6875,-6.25,-0.43746
-4.6875,-4.6875,-0.2902
-4.6875,-3.125,-0.19579
-4.6875,-1.5625,-0.12351
-4.6875,0,0.11633
-4.6875,1.5625,0.14802
-4.6875,3.125,0.04852
-4.6875,4.6875,-0.11461
-4.6875,6.25,-0.23545
-4.6875,7.8125,-0.010855
-4.6875,9.375,0.019902
-4.6875,10.938,-0.12294
-4.6875,12.5,-0.13447
-4.6875,14.063,-0.25771
-4.6875,15.625,-0.38728
-4.6875,17.188,-0.44597
-4.6875,18.75,-0.51969
-4.6875,20.313,-0.58833
-4.6875,21.875,-0.68089
-4.6875,23.438,-0.69754
-4.6875,25,-0.60357
-4.6875,26.563,-0.35442
-4.6875,28.125,-0.30579
-4.6875,29.688,-0.4117
-4.6875,31.25,-0.43278
-4.6875,32.813,-0.28856
-4.6875,34.375,-0.065133
-4.6875,35.938,0.12892
-4.6875,37.5,0.24542
-4.6875,39.063,0.28228
-4.6875,40.625,0.36069
-4.6875,42.188,0.20661
-4.6875,43.75,0.15803
-4.6875,45.313,0.23401
-4.6875,46.875,0.17333
-4.6875,48.438,0.058066
-4.6875,50,-0.028782
-3.125,-48.438,-0.143
-3.125,-46.875,-0.18195
-3.125,-45.313,0.026186
-3.125,-43.75,0.085724
-3.125,-42.188,0.19342
-3.125,-40.625,0.19261
-3.125,-39.063,0.23853
-3.125,-37.5,0.21238
-3.125,-35.938,0.17908
-3.125,-34.375,0.12784
-3.125,-32.813,0.087441
-3.125,-31.25,0.059191
-3.125,-29.688,-0.10243
-3.125,-28.125,-0.13936
-3.125,-26.563,-0.18402
-3.125,-25,-0.3587
-3.125,-23.438,-0.36585
-3.125,-21.875,-0.44168
-3.125,-20.313,-0.57286
-3.125,-18.75,-0.62192
-3.125,-17.188,-0.62537
-3.125,-15.625,-0.5282
-3.125,-14.063,-0.43861
-3.125,-12.5,-0.4678
-3.125,-10.938,-0.48159
-3.125,-9.375,-0.31867
-3.125,-7.8125,-0.25645
-3.125,-6.25,-0.29556
-3.125,-4.6875,-0.14542
-3.125,-3.125,-0.031719
-3.125,-1.5625,0.07792
-3.125,0,0.17206
-3.125,1.5625,0.22424
-3.125,3.125,0.21396
-3.125,4.6875,0.14794
-3.125,6.25,0.12398
-3.125,7.8125,0.23755
-3.125,9.375,0.18819
-3.125,10.938,0.094185
-3.125,12.5,0.0029856
-3.125,14.063,-0.066548
-3.125,15.625,-0.2431
-3.125,17.188,-0.40015
-3.125,18.75,-0.42844
-3.125,20.313,-0.42241
-3.125,21.875,-0.48038
-3.125,23.438,-0.5246
-3.125,25,-0.44544
-3.125,26.563,-0.34322
-3.125,28.125,-0.37774
-3.125,29.688,-0.39238
-3.125,31.25,-0.39509
-3.125,32.813,-0.30737
-3.125,34.375,-0.1795
-3.125,35.938,-0.095025
-3.125,37.5,0.050777
-3.125,39.063,0.032463
-3.125,40.625,0.021125
-3.125,42.188,0.031735
-3.125,43.75,0.082177
-3.125,45.313,0.10342
-3.125,46.875,0.06848
-3.125,48.438,-0.010859
-3.125,50,-0.064112
-1.5625,-48.438,-0.2387
-1.5625,-46.875,-0.19081
-1.5625,-45.313,-0.019222
-1.5625,-43.75,-0.013398
-1.5625,-42.188,-0.073067
-1.5625,-40.625,0.023347
-1.5625,-39.063,0.091113
-1.5625,-37.5,0.19947
-1.5625,-35.938,0.2858
-1.5625,-34.375,0.25767
-1.5625,-32.813,0.2253
-1.5625,-31.25,0.096126
-1.5625,-29.688,0.11212
-1.5625,-28.125,0.16275
-1.5625,-26.563,0.15331
-1.5625,-25,0.064147
-1.5625,-23.438,-0.077587
-1.5625,-21.875,-0.28998
-1.5625,-20.313,-0.46569
-1.5625,-18.75,-0.49584
-1.5625,-17.188,-0.461
-1.5625,-15.625,-0.31189
-1.5625,-14.063,-0.21484
-1.5625,-12.5,-0.24067
-1.5625,-10.938,-0.2773
-1.5625,-9.375,-0.1245
-1.5625,-7.8125,-0.1036
-1.5625,-6.25,-0.083649
-1.5625,-4.6875,0.042794
-1.5625,-3.125,0.1682
-1.5625,-1.5625,0.27638
-1.5625,0,0.31825
-1.5625,1.5625,0.37021
-1.5625,3.125,0.27627
-1.5625,4.6875,0.2895
-1.5625,6.25,0.49128
-1.5625,7.8125,0.39875
-1.5625,9.375,0.19756
-1.5625,10.938,0.038372
-1.5625,12.5,-0.082297
-1.5625,14.063,-0.037219
-1.5625,15.625,-0.13489
-1.5625,17.188,-0.26776
-1.5625,18.75,-0.28984
-1.5625,20.313,-0.241
-1.5625,21.875,-0.22528
-1.5625,23.438,-0.34216
-1.5625,25,-0.44244
-1.5625,26.563,-0.4694
-1.5625,28.125,-0.40694
-1.5625,29.688,-0.40305
-1.5625,31.25,-0.43268
-1.5625,32.813,-0.35285
-1.5625,34.375,-0.31003
-1.5625,35.938,-0.23369
-1.5625,37.5,-0.19101
-1.5625,39.063,-0.21027
-1.5625,40.625,-0.19718
-1.5625,42.188,-0.07241
-1.5625,43.75,0.027815
-1.5625,45.313,0.061802
-1.5625,46.875,0.023975
-1.5625,48.438,-0.073892
-1.5625,50,-0.15175
0,-48.438,-0.029212
0,-46.875,-0.10288
0,-45.313,-0.1682
0,-43.75,-0.16701
0,-42.188,-0.2822
0,-40.625,-0.20236
0,-39.063,-0.049607
0,-37.5,0.11866
0,-35.938,0.34065
0,-34.375,0.47178
0,-32.813,0.35438
0,-31.25,0.30512
0,-29.688,0.33488
0,-28.125,0.39449
0,-26.563,0.35579
0,-25,0.29617
0,-23.438,0.025968
0,-21.875,-0.18104
0,-20.313,-0.27682
0,-18.75,-0.36954
0,-17.188,-0.33426
0,-15.625,-0.27393
0,-14.063,-0.18684
0,-12.5,-0.22974
0,-10.938,-0.23324
0,-9.375,-0.16323
0,-7.8125,-0.18202
0,-6.25,-0.067489
0,-4.6875,0.12486
0,-3.125,0.20487
0,-1.5625,0.26713
0,0,0.21018
0,1.5625,0.36637
0,3.125,0.42617
0,4.6875,0.44716
0,6.25,0.65138
0,7.8125,0.51192
0,9.375,0.32521
0,10.938,0.20904
0,12.5,0.14003
0,14.063,0.033305
0,15.625,-0.031433
0,17.188,-0.074638
0,18.75,-0.16818
0,20.313,-0.17286
0,21.875,-0.15613
0,23.438,-0.21218
0,25,-0.21865
0,26.563,-0.31165
0,28.125,-0.44662
0,29.688,-0.4499
0,31.25,-0.47177
0,32.813,-0.37771
0,34.375,-0.34848
0,35.938,-0.27935
0,37.5,-0.27083
0,39.063,-0.32288
0,40.625,-0.30307
0,42.188,-0.25443
0,43.75,-0.10757
0,45.313,0.012442
0,46.875,0.052929
0,48.438,0.052432
0,50,-0.034954
1.5625,-48.438,0.090383
1.5625,-46.875,-0.020045
1.5625,-45.313,-0.14073
1.5625,-43.75,-0.161
1.5625,-42.188,-0.20678
1.5625,-40.625,-0.16693
1.5625,-39.063,0.081309
1.5625,-37.5,0.1545
1.5625,-35.938,0.33124
1.5625,-34.375,0.56815
1.5625,-32.813,0.67074
1.5625,-31.25,0.59022
1.5625,-29.688,0.48166
1.5625,-28.125,0.65333
1.5625,-26.563,0.69892
1.5625,-25,0.41593
1.5625,-23.438,0.03076
1.5625,-21.875,-0.045168
1.5625,-20.313,-0.045231
1.5625,-18.75,-0.23274
1.5625,-17.188,-0.30703
1.5625,-15.625,-0.44201
1.5625,-14.063,-0.39436
1.5625,-12.5,-0.3613
1.5625,-10.938,-0.30036
1.5625,-9.375,-0.19021
1.5625,-7.8125,-0.20599
1.5625,-6.25,-0.10829
1.5625,-4.6875,0.10518
1.5625,-3.125,0.27011
1.5625,-1.5625,0.16276
1.5625,0,0.21469
1.5625,1.5625,0.39887
1.5625,3.125,0.46007
1.5625,4.6875,0.58505
1.5625,6.25,0.72305
1.5625,7.8125,0.65141
1.5625,9.375,0.51064
1.5625,10.938,0.40326
1.5625,12.5,0.27399
1.5625,14.063,0.18145
1.5625,15.625,0.12507
1.5625,17.188,0.037137
1.5625,18.75,0.072112
1.5625,20.313,0.011842
1.5625,21.875,-0.16657
1.5625,23.438,-0.18094
1.5625,25,-0.21309
1.5625,26.563,-0.22411
1.5625,28.125,-0.35189
1.5625,29.688,-0.36787
1.5625,31.25,-0.3094
1.5625,32.813,-0.24139
1.5625,34.375,-0.2134
1.5625,35.938,-0.24933
1.5625,37.5,-0.3329
1.5625,39.063,-0.41525
1.5625,40.625,-0.29112
1.5625,42.188,-0.11367
1.5625,43.75,0.012314
1.5625,45.313,0.12222
1.5625,46.875,0.19207
1.5625,48.438,0.14031
1.5625,50,0.15715
3.125,-48.438,0.18197
3.125,-46.875,0.04768
3.125,-45.313,-0.034739
3.125,-43.75,0.049987
3.125,-42.188,0.13665
3.125,-40.625,0.17481
3.125,-39.063,0.28633
3.125,-37.5,0.28691
3.125,-35.938,0.46882
3.125,-34.375,0.74326
3.125,-32.813,0.88288
3.125,-31.25,0.9107
3.125,-29.688,0.80494
3.125,-28.125,0.82605
3.125,-26.563,0.77568
3.125,-25,0.44586
3.125,-23.438,0.15208
3.125,-21.875,0.027051
3.125,-20.313,-0.0023298
3.125,-18.75,-0.18991
3.125,-17.188,-0.43487
3.125,-15.625,-0.47306
3.125,-14.063,-0.4995
3.125,-12.5,-0.446
3.125,-10.938,-0.25411
3.125,-9.375,-0.14504
3.125,-7.8125,-0.066011
3.125,-6.25,-0.019917
3.125,-4.6875,0.062675
3.125,-3.125,0.067337
3.125,-1.5625,0.12529
3.125,0,0.21095
3.125,1.5625,0.27503
3.125,3.125,0.33517
3.125,4.6875,0.47806
3.125,6.25,0.54585
3.125,7.8125,0.5089
3.125,9.375,0.48792
3.125,10.938,0.39218
3.125,12.5,0.28519
3.125,14.063,0.20592
3.125,15.625,0.12908
3.125,17.188,0.1366
3.125,18.75,0.048516
3.125,20.313,-0.23548
3.125,21.875,-0.33867
3.125,23.438,-0.33898
3.125,25,-0.40356
3.125,26.563,-0.42391
3.125,28.125,-0.40568
3.125,29.688,-0.28255
3.125,31.25,-0.32187
3.125,32.813,-0.35545
3.125,34.375,-0.41687
3.125,35.938,-0.37173
3.125,37.5,-0.42643
3.125,39.063,-0.41556
3.125,40.625,-0.3782
3.125,42.188,-0.21385
3.125,43.75,-0.080184
3.125,45.313,0.070907
3.125,46.875,0.19103
3.125,48.438,0.17124
3.125,50,0.1916
4.6875,-48.438,0.15875
4.6875,-46.875,0.11089
4.6875,-45.313,0.1457
4.6875,-43.75,0.22929
4.6875,-42.188,0.26995
4.6875,-40.625,0.327
4.6875,-39.063,0.42987
4.6875,-37.5,0.58679
4.6875,-35.938,0.73027
4.6875,-34.375,0.76218
4.6875,-32.813,0.84344
4.6875,-31.25,0.90761
4.6875,-29.688,0.82696
4.6875,-28.125,0.78963
4.6875,-26.563,0.56312
4.6875,-25,0.30474
4.6875,-23.438,0.21429
4.6875,-21.875,0.0377
4.6875,-20.313,-0.17496
4.6875,-18.75,-0.43596
4.6875,-17.188,-0.59875
4.6875,-15.625,-0.58673
4.6875,-14.063,-0.49437
4.6875,-12.5,-0.44459
4.6875,-10.938,-0.39101
4.6875,-9.375,-0.16431
4.6875,-7.8125,-0.0090736
4.6875,-6.25,0.12187
4.6875,-4.6875,0.065091
4.6875,-3.125,0.047561
4.6875,-1.5625,0.098753
4.6875,0,0.11812
4.6875,1.5625,0.12994
4.6875,3.125,0.22254
4.6875,4.6875,0.36219
4.6875,6.25,0.38594
4.6875,7.8125,0.33835
4.6875,9.375,0.33954
4.6875,10.938,0.1443
4.6875,12.5,0.056502
4.6875,14.063,-0.0052068
4.6875,15.625,-0.14991
4.6875,17.188,-0.067314
4.6875,18.75,-0.18735
4.6875,20.313,-0.37464
4.6875,21.875,-0.32296
4.6875,23.438,-0.32597
4.6875,25,-0.41918
4.6875,26.563,-0.45888
4.6875,28.125,-0.497
4.6875,29.688,-0.52679
4.6875,31.25,-0.61679
4.6875,32.813,-0.59961
4.6875,34.375,-0.44949
4.6875,35.938,-0.36328
4.6875,37.5,-0.28617
4.6875,39.063,-0.2296
4.6875,40.625,-0.28851
4.6875,42.188,-0.23286
4.6875,43.75,-0.22235
4.6875,45.313,-0.00078938
4.6875,46.875,0.23396
4.6875,48.438,0.23968
4.6875,50,0.26774
6.25,-48.438,0.33723
6.25,-46.875,0.37963
6.25,-45.313,0.40729
6.25,-43.75,0.3594
6.25,-42.188,0.35466
6.25,-40.625,0.46827
6.25,-39.063,0.6067
6.25,-37.5,0.77106
6.25,-35.938,0.79766
6.25,-34.375,0.75861
6.25,-32.813,0.71526
6.25,-31.25,0.66578
6.25,-29.688,0.61587
6.25,-28.125,0.65305
6.25,-26.563,0.42689
6.25,-25,0.18064
6.25,-23.438,-0.012897
6.25,-21.875,-0.13041
6.25,-20.313,-0.27272
6.25,-18.75,-0.38375
6.25,-17.188,-0.61192
6.25,-15.625,-0.62828
6.25,-14.063,-0.62081
6.25,-12.5,-0.47222
6.25,-10.938,-0.4115
6.25,-9.375,-0.20504
6.25,-7.8125,0.053567
6.25,-6.25,0.2383
6.25,-4.6875,0.33457
6.25,-3.125,0.35357
6.25,-1.5625,0.25746
6.25,0,0.15669
6.25,1.5625,0.1253
6.25,3.125,0.1536
6.25,4.6875,0.17027
6.25,6.25,0.16576
6.25,7.8125,0.027075
6.25,9.375,-0.043633
6.25,10.938,-0.10502
6.25,12.5,-0.14193
6.25,14.063,-0.3809
6.25,15.625,-0.47502
6.25,17.188,-0.30788
6.25,18.75,-0.35195
6.25,20.313,-0.33993
6.25,21.875,-0.17966
6.25,23.438,-0.17986
6.25,25,-0.42921
6.25,26.563,-0.60696
6.25,28.125,-0.67692
6.25,29.688,-0.80992
6.25,31.25,-0.74511
6.25,32.813,-0.50625
6.25,34.375,-0.28203
6.25,35.938,-0.16195
6.25,37.5,-0.083747
6.25,39.063,-0.037452
6.25,40.625,-0.078844
6.25,42.188,-0.15083
6.25,43.75,0.014154
6.25,45.313,0.18496
6.25,46.875,0.41424
6.25,48.438,0.52928
6.25,50,0.40754
7.8125,-48.438,0.39994
7.8125,-46.875,0.5245
7.8125,-45.313,0.54662
7.8125,-43.75,0.4329
7.8125,-42.188,0.39462
7.8125,-40.625,0.49276
7.8125,-39.063,0.58827
7.8125,-37.5,0.65057
7.8125,-35.938,0.71108
7.8125,-34.375,0.65636
7.8125,-32.813,0.6341
7.8125,-31.25,0.53221
7.8125,-29.688,0.43494
7.8125,-28.125,0.40249
7.8125,-26.563,0.21053
7.8125,-25,0.084381
7.8125,-23.438,-0.16419
7.8125,-21.875,-0.39883
7.8125,-20.313,-0.35654
7.8125,-18.75,-0.35412
7.8125,-17.188,-0.35055
7.8125,-15.625,-0.44648
7.8125,-14.063,-0.52988
7.8125,-12.5,-0.488
7.8125,-10.938,-0.41834
7.8125,-9.375,-0.19153
7.8125,-7.8125,0.070061
7.8125,-6.25,0.30992
7.8125,-4.6875,0.43414
7.8125,-3.125,0.3827
7.8125,-1.5625,0.21114
7.8125,0,0.05323
7.8125,1.5625,0.048209
7.8125,3.125,-0.00050982
7.8125,4.6875,0.073121
7.8125,6.25,-0.083491
7.8125,7.8125,-0.31212
7.8125,9.375,-0.45354
7.8125,10.938,-0.36588
7.8125,12.5,-0.42758
7.8125,14.063,-0.55213
7.8125,15.625,-0.58748
7.8125,17.188,-0.47384
7.8125,18.75,-0.43566
7.8125,20.313,-0.4316
7.8125,21.875,-0.28302
7.8125,23.438,-0.2823
7.8125,25,-0.47695
7.8125,26.563,-0.55719
7.8125,28.125,-0.66653
7.8125,29.688,-0.63624
7.8125,31.25,-0.55448
7.8125,32.813,-0.42869
7.8125,34.375,-0.19035
7.8125,35.938,0.0042576
7.8125,37.5,0.12843
7.8125,39.063,0.11333
7.8125,40.625,0.071107
7.8125,42.188,0.13783
7.8125,43.75,0.27143
7.8125,45.313,0.36842
7.8125,46.875,0.40107
7.8125,48.438,0.45668
7.8125,50,0.32247
9.375,-48.438,0.42849
9.375,-46.875,0.54778
9.375,-45.313,0.50554
9.375,-43.75,0.39598
9.375,-42.188,0.42547
9.375,-40.625,0.46498
9.375,-39.063,0.50024
9.375,-37.5,0.58392
9.375,-35.938,0.71415
9.375,-34.375,0.68076
9.375,-32.813,0.64451
9.375,-31.25,0.48832
9.375,-29.688,0.33826
9.375,-28.125,0.1404
9.375,-26.563,0.0021295
9.375,-25,-0.039087
9.375,-23.438,-0.24619
9.375,-21.875,-0.46722
9.375,-20.313,-0.39228
9.375,-18.75,-0.33922
9.375,-17.188,-0.20329
9.375,-15.625,-0.26765
9.375,-14.063,-0.43287
9.375,-12.5,-0.47909
9.375,-10.938,-0.33049
9.375,-9.375,-0.094725
9.375,-7.8125,0.06964
9.375,-6.25,0.10995
9.375,-4.6875,0.17024
9.375,-3.125,0.13405
9.375,-1.5625,0.091868
9.375,0,0.15906
9.375,1.5625,0.029598
9.375,3.125,-0.020863
9.375,4.6875,-0.14615
9.375,6.25,-0.35867
9.375,7.8125,-0.62401
9.375,9.375,-0.69382
9.375,10.938,-0.49495
9.375,12.5,-0.49682
9.375,14.063,-0.49782
9.375,15.625,-0.50196
9.375,17.188,-0.42784
9.375,18.75,-0.41814
9.375,20.313,-0.4712
9.375,21.875,-0.47597
9.375,23.438,-0.41893
9.375,25,-0.53714
9.375,26.563,-0.5999
9.375,28.125,-0.55985
9.375,29.688,-0.51049
9.375,31.25,-0.49058
9.375,32.813,-0.36944
9.375,34.375,-0.14564
9.375,35.938,0.084972
9.375,37.5,0.056165
9.375,39.063,0.01618
9.375,40.625,0.069775
9.375,42.188,0.24078
9.375,43.75,0.41905
9.375,45.313,0.36302
9.375,46.875,0.33144
9.375,48.438,0.31163
9.375,50,0.34533
10.938,-48.438,0.41118
10.938,-46.875,0.46305
10.938,-45.313,0.45268
10.938,-43.75,0.34422
10.938,-42.188,0.38206
10.938,-40.625,0.24618
10.938,-39.063,0.21991
10.938,-37.5,0.31297
10.938,-35.938,0.43021
10.938,-34.375,0.45342
10.938,-32.813,0.35781
10.938,-31.25,0.22207
10.938,-29.688,0.18337
10.938,-28.125,-0.0034777
10.938,-26.563,-0.22215
10.938,-25,-0.28976
10.938,-23.438,-0.33328
10.938,-21.875,-0.39835
10.938,-20.313,-0.41118
10.938,-18.75,-0.25307
10.938,-17.188,-0.22669
10.938,-15.625,-0.28531
10.938,-14.063,-0.37308
10.938,-12.5,-0.43659
10.938,-10.938,-0.26764
10.938,-9.375,-0.076425
10.938,-7.8125,-0.079292
10.938,-6.25,-0.25484
10.938,-4.6875,-0.16962
10.938,-3.125,-0.034806
10.938,-1.5625,0.025321
10.938,0,0.008713
10.938,1.5625,-0.1042
10.938,3.125,-0.26658
10.938,4.6875,-0.44295
10.938,6.25,-0.55429
10.938,7.8125,-0.60827
10.938,9.375,-0.54517
10.938,10.938,-0.41578
10.938,12.5,-0.42609
10.938,14.063,-0.42741
10.938,15.625,-0.42351
10.938,17.188,-0.353
10.938,18.75,-0.36733
10.938,20.313,-0.38269
10.938,21.875,-0.35264
10.938,23.438,-0.26044
10.938,25,-0.43442
10.938,26.563,-0.50694
10.938,28.125,-0.48495
10.938,29.688,-0.50979
10.938,31.25,-0.31711
10.938,32.813,-0.19704
10.938,34.375,-0.069065
10.938,35.938,-0.017189
10.938,37.5,-0.028126
10.938,39.063,-0.031773
10.938,40.625,0.011133
10.938,42.188,0.22094
10.938,43.75,0.3511
10.938,45.313,0.2763
10.938,46.875,0.35332
10.938,48.438,0.43667
10.938,50,0.35928
12.5,-48.438,0.28453
12.5,-46.875,0.32919
12.5,-45.313,0.24735
12.5,-43.75,0.11436
12.5,-42.188,0.12711
12.5,-40.625,0.085165
12.5,-39.063,0.13058
12.5,-37.5,0.16248
12.5,-35.938,0.10458
12.5,-34.375,0.10893
12.5,-32.813,0.10627
12.5,-31.25,0.031874
12.5,-29.688,0.10185
12.5,-28.125,-0.081532
12.5,-26.563,-0.25495
12.5,-25,-0.33543
12.5,-23.438,-0.50172
12.5,-21.875,-0.39762
12.5,-20.313,-0.3656
12.5,-18.75,-0.33872
12.5,-17.188,-0.36776
12.5,-15.625,-0.32381
12.5,-14.063,-0.32952
12.5,-12.5,-0.3393
12.5,-10.938,-0.2638
12.5,-9.375,-0.23581
12.5,-7.8125,-0.27009
12.5,-6.25,-0.42729
12.5,-4.6875,-0.30881
12.5,-3.125,-0.13067
12.5,-1.5625,-0.12119
12.5,0,-0.21345
12.5,1.5625,-0.30777
12.5,3.125,-0.47953
12.5,4.6875,-0.62792
12.5,6.25,-0.59556
12.5,7.8125,-0.40235
12.5,9.375,-0.21153
12.5,10.938,-0.21019
12.5,12.5,-0.12533
12.5,14.063,-0.18765
12.5,15.625,-0.19036
12.5,17.188,-0.21314
12.5,18.75,-0.19961
12.5,20.313,-0.28536
12.5,21.875,-0.27234
12.5,23.438,-0.20763
12.5,25,-0.36422
12.5,26.563,-0.43337
12.5,28.125,-0.41974
12.5,29.688,-0.42048
12.5,31.25,-0.24508
12.5,32.813,-0.090821
12.5,34.375,-0.024567
12.5,35.938,-0.072263
12.5,37.5,-0.081383
12.5,39.063,-0.13559
12.5,40.625,0.017837
12.5,42.188,0.14368
12.5,43.75,0.063168
12.5,45.313,0.15981
12.5,46.875,0.19713
12.5,48.438,0.26188
12.5,50,0.33686
14.063,-48.438,0.17016
14.063,-46.875,0.083466
14.063,-45.313,-0.043274
14.063,-43.75,-0.059539
14.063,-42.188,-0.049743
14.063,-40.625,-0.040728
14.063,-39.063,-0.049652
14.063,-37.5,-0.023584
14.063,-35.938,0.036799
14.063,-34.375,0.17985
14.063,-32.813,0.23603
14.063,-31.25,0.21608
14.063,-29.688,0.16304
14.063,-28.125,0.00039213
14.063,-26.563,-0.15234
14.063,-25,-0.19391
14.063,-23.438,-0.39208
14.063,-21.875,-0.35395
14.063,-20.313,-0.1539
14.063,-18.75,-0.20339
14.063,-17.188,-0.23925
14.063,-15.625,-0.26983
14.063,-14.063,-0.28548
14.063,-12.5,-0.32151
14.063,-10.938,-0.3106
14.063,-9.375,-0.30959
14.063,-7.8125,-0.3735
14.063,-6.25,-0.49591
14.063,-4.6875,-0.43945
14.063,-3.125,-0.34824
14.063,-1.5625,-0.16252
14.063,0,-0.17302
14.063,1.5625,-0.23564
14.063,3.125,-0.27974
14.063,4.6875,-0.43145
14.063,6.25,-0.37295
14.063,7.8125,-0.16795
14.063,9.375,0.0082377
14.063,10.938,-0.0019551
14.063,12.5,0.00034716
14.063,14.063,-0.029648
14.063,15.625,-0.023113
14.063,17.188,-0.06185
14.063,18.75,-0.0719
14.063,20.313,-0.14997
14.063,21.875,-0.26647
14.063,23.438,-0.30712
14.063,25,-0.44151
14.063,26.563,-0.46152
14.063,28.125,-0.47078
14.063,29.688,-0.41745
14.063,31.25,-0.33379
14.063,32.813,-0.25087
14.063,34.375,-0.14867
14.063,35.938,-0.098563
14.063,37.5,-0.056783
14.063,39.063,-0.11752
14.063,40.625,-0.018442
14.063,42.188,0.025491
14.063,43.75,-0.11994
14.063,45.313,-0.096718
14.063,46.875,-0.011983
14.063,48.438,0.093096
14.063,50,0.14573
15.625,-48.438,-0.092591
15.625,-46.875,-0.11195
15.625,-45.313,-0.016686
15.625,-43.75,-0.029524
15.625,-42.188,-0.15339
15.625,-40.625,-0.14873
15.625,-39.063,-0.034077
15.625,-37.5,0.038857
15.625,-35.938,0.16469
15.625,-34.375,0.26896
15.625,-32.813,0.3393
15.625,-31.25,0.30951
15.625,-29.688,0.12853
15.625,-28.125,0.041825
15.625,-26.563,0.0078303
15.625,-25,-0.089706
15.625,-23.438,-0.16618
15.625,-21.875,-0.10203
15.625,-20.313,0.053
15.625,-18.75,-0.025501
15.625,-17.188,-0.22191
15.625,-15.625,-0.25782
15.625,-14.063,-0.31673
15.625,-12.5,-0.30725
15.625,-10.938,-0.30419
15.625,-9.375,-0.36097
15.625,-7.8125,-0.38184
15.625,-6.25,-0.37633
15.625,-4.6875,-0.36421
15.625,-3.125,-0.25893
15.625,-1.5625,-0.10808
15.625,0,-0.09344
15.625,1.5625,-0.088282
15.625,3.125,0.0066854
15.625,4.6875,-0.022703
15.625,6.25,-0.11441
15.625,7.8125,0.078878
15.625,9.375,0.18647
15.625,10.938,0.14806
15.625,12.5,0.084111
15.625,14.063,0.072902
15.625,15.625,-0.069537
15.625,17.188,-0.11117
15.625,18.75,-0.17794
15.625,20.313,-0.35835
15.625,21.875,-0.47283
15.625,23.438,-0.6091
15.625,25,-0.67837
15.625,26.563,-0.65372
15.625,28.125,-0.55718
15.625,29.688,-0.44338
15.625,31.25,-0.40055
15.625,32.813,-0.20366
15.625,34.375,-0.011025
15.625,35.938,0.0088766
15.625,37.5,-0.029553
15.625,39.063,-0.16684
15.625,40.625,-0.16155
15.625,42.188,-0.13927
15.625,43.75,-0.29787
15.625,45.313,-0.34053
15.625,46.875,-0.16769
15.625,48.438,0.035357
15.625,50,0.012795
17.188,-48.438,-0.16841
17.188,-46.875,0.028158
17.188,-45.313,0.10405
17.188,-43.75,0.12428
17.188,-42.188,-0.00076599
17.188,-40.625,0.04676
17.188,-39.063,0.098595
17.188,-37.5,0.1371
17.188,-35.938,0.25309
17.188,-34.375,0.34148
17.188,-32.813,0.31263
17.188,-31.25,0.29292
17.188,-29.688,0.309
17.188,-28.125,0.27653
17.188,-26.563,0.27047
17.188,-25,0.14197
17.188,-23.438,-0.011398
17.188,-21.875,-0.065211
17.188,-20.313,-0.017454
17.188,-18.75,-0.13168
17.188,-17.188,-0.24835
17.188,-15.625,-0.25754
17.188,-14.063,-0.32636
17.188,-12.5,-0.27201
17.188,-10.938,-0.19401
17.188,-9.375,-0.25763
17.188,-7.8125,-0.27334
17.188,-6.25,-0.095867
17.188,-4.6875,0.021003
17.188,-3.125,0.097779
17.188,-1.5625,0.081887
17.188,0,-0.028306
17.188,1.5625,-0.0084772
17.188,3.125,0.051776
17.188,4.6875,0.19718
17.188,6.25,0.24553
17.188,7.8125,0.23124
17.188,9.375,0.19185
17.188,10.938,0.21658
17.188,12.5,0.19486
17.188,14.063,0.17495
17.188,15.625,0.010204
17.188,17.188,-0.085718
17.188,18.75,-0.21495
17.188,20.313,-0.4345
17.188,21.875,-0.65755
17.188,23.438,-0.80236
17.188,25,-0.78845
17.188,26.563,-0.69872
17.188,28.125,-0.54968
17.188,29.688,-0.47138
17.188,31.25,-0.34841
17.188,32.813,-0.086211
17.188,34.375,0.1398
17.188,35.938,0.20703
17.188,37.5,0.080415
17.188,39.063,-0.04155
17.188,40.625,-0.23819
17.188,42.188,-0.36038
17.188,43.75,-0.4208
17.188,45.313,-0.39217
17.188,46.875,-0.31315
17.188,48.438,-0.28501
17.188,50,-0.28935
18.75,-48.438,-0.075035
18.75,-46.875,0.11619
18.75,-45.313,0.24962
18.75,-43.75,0.25275
18.75,-42.188,0.26855
18.75,-40.625,0.36466
18.75,-39.063,0.50136
18.75,-37.5,0.45411
18.75,-35.938,0.51441
18.75,-34.375,0.53215
18.75,-32.813,0.59433
18.75,-31.25,0.61895
18.75,-29.688,0.53913
18.75,-28.125,0.53085
18.75,-26.563,0.37725
18.75,-25,0.14624
18.75,-23.438,-0.067008
18.75,-21.875,-0.20406
18.75,-20.313,-0.15743
18.75,-18.75,-0.14577
18.75,-17.188,-0.27964
18.75,-15.625,-0.20948
18.75,-14.063,-0.1857
18.75,-12.5,-0.13736
18.75,-10.938,-0.13127
18.75,-9.375,-0.11013
18.75,-7.8125,0.10991
18.75,-6.25,0.34098
18.75,-4.6875,0.53095
18.75,-3.125,0.49992
18.75,-1.5625,0.33209
18.75,0,0.17357
18.75,1.5625,0.13925
18.75,3.125,0.10217
18.75,4.6875,0.17995
18.75,6.25,0.228
18.75,7.8125,0.17255
18.75,9.375,0.19989
18.75,10.938,0.28002
18.75,12.5,0.18288
18.75,14.063,-0.050214
18.75,15.625,-0.23041
18.75,17.188,-0.23744
18.75,18.75,-0.29132
18.75,20.313,-0.43391
18.75,21.875,-0.54739
18.75,23.438,-0.60381
18.75,25,-0.60142
18.75,26.563,-0.54505
18.75,28.125,-0.47657
18.75,29.688,-0.50196
18.75,31.25,-0.36777
18.75,32.813,-0.22361
18.75,34.375,-0.024003
18.75,35.938,0.11771
18.75,37.5,-0.038164
18.75,39.063,-0.20212
18.75,40.625,-0.36371
18.75,42.188,-0.47156
18.75,43.75,-0.56169
18.75,45.313,-0.58965
18.75,46.875,-0.50291
18.75,48.438,-0.37723
18.75,50,-0.1733
20.313,-48.438,0.11495
20.313,-46.875,0.31042
20.313,-45.313,0.52319
20.313,-43.75,0.5008
20.313,-42.188,0.36118
20.313,-40.625,0.5308
20.313,-39.063,0.84411
20.313,-37.5,0.78492
20.313,-35.938,0.69666
20.313,-34.375,0.77612
20.313,-32.813,0.81707
20.313,-31.25,0.73539
20.313,-29.688,0.83495
20.313,-28.125,0.70344
20.313,-26.563,0.45084
20.313,-25,0.14596
20.313,-23.438,-0.13193
20.313,-21.875,-0.16153
20.313,-20.313,-0.069374
20.313,-18.75,-0.078152
20.313,-17.188,-0.024686
20.313,-15.625,-0.011198
20.313,-14.063,-0.042937
20.313,-12.5,-0.024063
20.313,-10.938,0.073071
20.313,-9.375,0.28872
20.313,-7.8125,0.64174
20.313,-6.25,0.86663
20.313,-4.6875,0.85336
20.313,-3.125,0.6754
20.313,-1.5625,0.50223
20.313,0,0.38437
20.313,1.5625,0.28646
20.313,3.125,0.23449
20.313,4.6875,0.26376
20.313,6.25,0.2744
20.313,7.8125,0.21321
20.313,9.375,0.13743
20.313,10.938,0.15916
20.313,12.5,0.091465
20.313,14.063,-0.11511
20.313,15.625,-0.31754
20.313,17.188,-0.36615
20.313,18.75,-0.40868
20.313,20.313,-0.51681
20.313,21.875,-0.41566
20.313,23.438,-0.30888
20.313,25,-0.35402
20.313,26.563,-0.37559
20.313,28.125,-0.44015
20.313,29.688,-0.49498
20.313,31.25,-0.42988
20.313,32.813,-0.26008
20.313,34.375,-0.23538
20.313,35.938,-0.22116
20.313,37.5,-0.31306
20.313,39.063,-0.49221
20.313,40.625,-0.6555
20.313,42.188,-0.68551
20.313,43.75,-0.70381
20.313,45.313,-0.58701
20.313,46.875,-0.35097
20.313,48.438,-0.14949
20.313,50,0.042011
21.875,-48.438,0.33103
21.875,-46.875,0.54287
21.875,-45.313,0.73363
21.875,-43.75,0.67968
21.875,-42.188,0.55234
21.875,-40.625,0.67228
21.875,-39.063,0.89574
21.875,-37.5,0.87638
21.875,-35.938,0.79091
21.875,-34.375,0.84047
21.875,-32.813,0.83724
21.875,-31.25,0.79898
21.875,-29.688,0.80406
21.875,-28.125,0.68802
21.875,-26.563,0.5045
21.875,-25,0.1461
21.875,-23.438,-0.022771
21.875,-21.875,-0.021121
21.875,-20.313,-0.018695
21.875,-18.75,0.02372
21.875,-17.188,0.16675
21.875,-15.625,0.16225
21.875,-14.063,0.16703
21.875,-12.5,0.19983
21.875,-10.938,0.45098
21.875,-9.375,0.81909
21.875,-7.8125,1.1126
21.875,-6.25,1.1399
21.875,-4.6875,1.0018
21.875,-3.125,0.81786
21.875,-1.5625,0.62739
21.875,0,0.55672
21.875,1.5625,0.47234
21.875,3.125,0.42139
21.875,4.6875,0.46052
21.875,6.25,0.40096
21.875,7.8125,0.28016
21.875,9.375,0.098788
21.875,10.938,0.016584
21.875,12.5,-0.054142
21.875,14.063,-0.20769
21.875,15.625,-0.36637
21.875,17.188,-0.50471
21.875,18.75,-0.5356
21.875,20.313,-0.42016
21.875,21.875,-0.2014
21.875,23.438,-0.12105
21.875,25,-0.21546
21.875,26.563,-0.30657
21.875,28.125,-0.46627
21.875,29.688,-0.51019
21.875,31.25,-0.41113
21.875,32.813,-0.25134
21.875,34.375,-0.26461
21.875,35.938,-0.30598
21.875,37.5,-0.472
21.875,39.063,-0.57954
21.875,40.625,-0.60333
21.875,42.188,-0.54627
21.875,43.75,-0.5282
21.875,45.313,-0.40883
21.875,46.875,-0.20731
21.875,48.438,-0.059696
21.875,50,0.15663
23.438,-48.438,0.40883
23.438,-46.875,0.62308
23.438,-45.313,0.70648
23.438,-43.75,0.79481
23.438,-42.188,0.72776
23.438,-40.625,0.76606
23.438,-39.063,0.79356
23.438,-37.5,0.82055
23.438,-35.938,0.92726
23.438,-34.375,0.9359
23.438,-32.813,0.81915
23.438,-31.25,0.80168
23.438,-29.688,0.59679
23.438,-28.125,0.44806
23.438,-26.563,0.20909
23.438,-25,0.079389
23.438,-23.438,-0.0013354
23.438,-21.875,-0.021043
23.438,-20.313,-0.019746
23.438,-18.75,0.035451
23.438,-17.188,0.2203
23.438,-15.625,0.28984
23.438,-14.063,0.36399
23.438,-12.5,0.47382
23.438,-10.938,0.66263
23.438,-9.375,0.98929
23.438,-7.8125,1.1322
23.438,-6.25,1.0847
23.438,-4.6875,1.0154
23.438,-3.125,0.80771
23.438,-1.5625,0.71759
23.438,0,0.72832
23.438,1.5625,0.69264
23.438,3.125,0.65302
23.438,4.6875,0.59438
23.438,6.25,0.54276
23.438,7.8125,0.32276
23.438,9.375,0.080005
23.438,10.938,-0.079747
23.438,12.5,-0.094733
23.438,14.063,-0.21911
23.438,15.625,-0.3079
23.438,17.188,-0.52235
23.438,18.75,-0.5713
23.438,20.313,-0.3569
23.438,21.875,-0.19235
23.438,23.438,-0.19118
23.438,25,-0.25769
23.438,26.563,-0.36402
23.438,28.125,-0.45309
23.438,29.688,-0.40599
23.438,31.25,-0.40824
23.438,32.813,-0.33089
23.438,34.375,-0.27844
23.438,35.938,-0.2679
23.438,37.5,-0.26597
23.438,39.063,-0.25268
23.438,40.625,-0.28744
23.438,42.188,-0.19854
23.438,43.75,-0.20011
23.438,45.313,-0.20204
23.438,46.875,-0.21609
23.438,48.438,-0.16677
23.438,50,0.11983
25,-48.438,0.35824
25,-46.875,0.6562
25,-45.313,0.6104
25,-43.75,0.58691
25,-42.188,0.64064
25,-40.625,0.69287
25,-39.063,0.72454
25,-37.5,0.81662
25,-35.938,0.81015
25,-34.375,0.78448
25,-32.813,0.76256
25,-31.25,0.75223
25,-29.688,0.45734
25,-28.125,0.23346
25,-26.563,0.061898
25,-25,-0.010026
25,-23.438,0.0085751
25,-21.875,0.001455
25,-20.313,0.048856
25,-18.75,0.17906
25,-17.188,0.20995
25,-15.625,0.28271
25,-14.063,0.33411
25,-12.5,0.3927
25,-10.938,0.62695
25,-9.375,0.82169
25,-7.8125,0.93646
25,-6.25,0.91694
25,-4.6875,0.75254
25,-3.125,0.67156
25,-1.5625,0.76124
25,0,0.77466
25,1.5625,0.70553
25,3.125,0.74094
25,4.6875,0.77528
25,6.25,0.65875
25,7.8125,0.41214
25,9.375,0.19238
25,10.938,0.017767
25,12.5,-0.034453
25,14.063,-0.118
25,15.625,-0.2279
25,17.188,-0.39712
25,18.75,-0.45769
25,20.313,-0.3898
25,21.875,-0.28334
25,23.438,-0.17799
25,25,-0.22669
25,26.563,-0.28028
25,28.125,-0.41107
25,29.688,-0.33742
25,31.25,-0.34
25,32.813,-0.24315
25,34.375,-0.19964
25,35.938,-0.12978
25,37.5,0.0022199
25,39.063,-0.0082786
25,40.625,-0.11187
25,42.188,-0.045464
25,43.75,-0.086172
25,45.313,-0.079714
25,46.875,-0.061437
25,48.438,-0.095759
25,50,0.049732
26.563,-48.438,0.34206
26.563,-46.875,0.567
26.563,-45.313,0.69654
26.563,-43.75,0.59536
26.563,-42.188,0.60048
26.563,-40.625,0.54014
26.563,-39.063,0.51287
26.563,-37.5,0.61722
26.563,-35.938,0.64237
26.563,-34.375,0.61759
26.563,-32.813,0.57136
26.563,-31.25,0.45975
26.563,-29.688,0.23968
26.563,-28.125,0.16351
26.563,-26.563,0.024675
26.563,-25,-0.14897
26.563,-23.438,-0.12901
26.563,-21.875,-0.019505
26.563,-20.313,0.040264
26.563,-18.75,0.1221
26.563,-17.188,0.35961
26.563,-15.625,0.436
26.563,-14.063,0.36915
26.563,-12.5,0.36301
26.563,-10.938,0.39481
26.563,-9.375,0.53331
26.563,-7.8125,0.69745
26.563,-6.25,0.69542
26.563,-4.6875,0.64483
26.563,-3.125,0.50837
26.563,-1.5625,0.45098
26.563,0,0.49886
26.563,1.5625,0.5538
26.563,3.125,0.62917
26.563,4.6875,0.55625
26.563,6.25,0.43232
26.563,7.8125,0.16125
26.563,9.375,-0.032625
26.563,10.938,-0.10858
26.563,12.5,-0.19065
26.563,14.063,-0.18153
26.563,15.625,-0.19235
26.563,17.188,-0.3306
26.563,18.75,-0.43074
26.563,20.313,-0.29136
26.563,21.875,-0.19857
26.563,23.438,-0.082588
26.563,25,-0.0027056
26.563,26.563,-0.063193
26.563,28.125,-0.21749
26.563,29.688,-0.26612
26.563,31.25,-0.19642
26.563,32.813,-0.11463
26.563,34.375,-0.060564
26.563,35.938,0.061765
26.563,37.5,0.13833
26.563,39.063,0.038278
26.563,40.625,-0.11936
26.563,42.188,-0.17309
26.563,43.75,-0.11903
26.563,45.313,-0.037358
26.563,46.875,-0.043627
26.563,48.438,0.012935
26.563,50,0.15662
28.125,-48.438,0.46186
28.125,-46.875,0.57431
28.125,-45.313,0.73273
28.125,-43.75,0.69819
28.125,-42.188,0.64914
28.125,-40.625,0.46208
28.125,-39.063,0.29658
28.125,-37.5,0.23344
28.125,-35.938,0.25055
28.125,-34.375,0.28844
28.125,-32.813,0.28671
28.125,-31.25,0.19728
28.125,-29.688,0.10123
28.125,-28.125,0.071027
28.125,-26.563,-0.091229
28.125,-25,-0.22908
28.125,-23.438,-0.14069
28.125,-21.875,-0.009602
28.125,-20.313,0.093132
28.125,-18.75,0.23816
28.125,-17.188,0.37142
28.125,-15.625,0.47943
28.125,-14.063,0.4272
28.125,-12.5,0.25937
28.125,-10.938,0.27348
28.125,-9.375,0.40665
28.125,-7.8125,0.37064
28.125,-6.25,0.35189
28.125,-4.6875,0.33802
28.125,-3.125,0.25437
28.125,-1.5625,0.1931
28.125,0,0.24128
28.125,1.5625,0.31302
28.125,3.125,0.29594
28.125,4.6875,0.21955
28.125,6.25,0.082571
28.125,7.8125,-0.073437
28.125,9.375,-0.19385
28.125,10.938,-0.24413
28.125,12.5,-0.098547
28.125,14.063,-0.067361
28.125,15.625,-0.012158
28.125,17.188,-0.0096391
28.125,18.75,-0.053201
28.125,20.313,-0.045717
28.125,21.875,-0.0078935
28.125,23.438,0.038166
28.125,25,0.088587
28.125,26.563,0.009607
28.125,28.125,-0.072381
28.125,29.688,-0.11136
28.125,31.25,-0.14078
28.125,32.813,-0.030506
28.125,34.375,-0.0037286
28.125,35.938,0.077577
28.125,37.5,0.07884
28.125,39.063,-0.070469
28.125,40.625,-0.23873
28.125,42.188,-0.34532
28.125,43.75,-0.25463
28.125,45.313,-0.15399
28.125,46.875,-0.11851
28.125,48.438,-0.033869
28.125,50,0.16857
29.688,-48.438,0.38903
29.688,-46.875,0.49508
29.688,-45.313,0.53087
29.688,-43.75,0.47762
29.688,-42.188,0.35612
29.688,-40.625,0.28353
29.688,-39.063,0.027589
29.688,-37.5,-0.098486
29.688,-35.938,-0.030306
29.688,-34.375,0.0011722
29.688,-32.813,-0.023474
29.688,-31.25,0.054454
29.688,-29.688,-0.062593
29.688,-28.125,-0.14829
29.688,-26.563,-0.1498
29.688,-25,-0.023761
29.688,-23.438,-0.025935
29.688,-21.875,-0.016969
29.688,-20.313,0.25617
29.688,-18.75,0.4049
29.688,-17.188,0.44504
29.688,-15.625,0.48593
29.688,-14.063,0.37947
29.688,-12.5,0.34506
29.688,-10.938,0.42128
29.688,-9.375,0.38327
29.688,-7.8125,0.21081
29.688,-6.25,0.07006
29.688,-4.6875,0.049485
29.688,-3.125,0.035009
29.688,-1.5625,0.0023901
29.688,0,-0.010402
29.688,1.5625,0.042936
29.688,3.125,-0.039657
29.688,4.6875,-0.1492
29.688,6.25,-0.12249
29.688,7.8125,-0.089758
29.688,9.375,-0.14539
29.688,10.938,-0.16885
29.688,12.5,0.01996
29.688,14.063,0.051242
29.688,15.625,-0.0032502
29.688,17.188,0.10653
29.688,18.75,0.26717
29.688,20.313,0.28767
29.688,21.875,0.23769
29.688,23.438,0.13637
29.688,25,0.079563
29.688,26.563,-0.012545
29.688,28.125,-0.061493
29.688,29.688,-0.17179
29.688,31.25,-0.15585
29.688,32.813,-0.094918
29.688,34.375,-0.17077
29.688,35.938,-0.18117
29.688,37.5,-0.18934
29.688,39.063,-0.26077
29.688,40.625,-0.36024
29.688,42.188,-0.32105
29.688,43.75,-0.29335
29.688,45.313,-0.25935
29.688,46.875,-0.075318
29.688,48.438,0.099069
29.688,50,0.19469
31.25,-48.438,0.37357
31.25,-46.875,0.33075
31.25,-45.313,0.32384
31.25,-43.75,0.17609
31.25,-42.188,0.038554
31.25,-40.625,-0.064246
31.25,-39.063,-0.26858
31.25,-37.5,-0.34922
31.25,-35.938,-0.41306
31.25,-34.375,-0.3484
31.25,-32.813,-0.25139
31.25,-31.25,-0.13353
31.25,-29.688,0.0666
31.25,-28.125,0.032844
31.25,-26.563,0.049162
31.25,-25,0.13393
31.25,-23.438,0.13492
31.25,-21.875,0.20719
31.25,-20.313,0.32867
31.25,-18.75,0.39883
31.25,-17.188,0.45986
31.25,-15.625,0.45107
31.25,-14.063,0.38724
31.25,-12.5,0.47886
31.25,-10.938,0.4636
31.25,-9.375,0.27469
31.25,-7.8125,0.17219
31.25,-6.25,0.011934
31.25,-4.6875,-0.089297
31.25,-3.125,-0.087802
31.25,-1.5625,-0.095197
31.25,0,-0.17936
31.25,1.5625,-0.24876
31.25,3.125,-0.23368
31.25,4.6875,-0.22885
31.25,6.25,-0.068839
31.25,7.8125,-0.060618
31.25,9.375,-0.080124
31.25,10.938,-0.10619
31.25,12.5,-0.07375
31.25,14.063,-0.070296
31.25,15.625,-0.041247
31.25,17.188,0.15693
31.25,18.75,0.32924
31.25,20.313,0.41477
31.25,21.875,0.40132
31.25,23.438,0.30768
31.25,25,0.19013
31.25,26.563,0.060248
31.25,28.125,-0.043979
31.25,29.688,-0.26943
31.25,31.25,-0.24766
31.25,32.813,-0.15603
31.25,34.375,-0.22024
31.25,35.938,-0.29989
31.25,37.5,-0.37107
31.25,39.063,-0.41402
31.25,40.625,-0.42951
31.25,42.188,-0.26599
31.25,43.75,-0.16638
31.25,45.313,-0.11753
31.25,46.875,0.01962
31.25,48.438,0.097384
31.25,50,0.27401
32.813,-48.438,0.18408
32.813,-46.875,0.19551
32.813,-45.313,0.21887
32.813,-43.75,0.073633
32.813,-42.188,-0.05664
32.813,-40.625,-0.20846
32.813,-39.063,-0.23776
32.813,-37.5,-0.24491
32.813,-35.938,-0.25156
32.813,-34.375,-0.21085
32.813,-32.813,-0.21688
32.813,-31.25,-0.1052
32.813,-29.688,0.14039
32.813,-28.125,0.30598
32.813,-26.563,0.36378
32.813,-25,0.23559
32.813,-23.438,0.25733
32.813,-21.875,0.33219
32.813,-20.313,0.33134
32.813,-18.75,0.38008
32.813,-17.188,0.49328
32.813,-15.625,0.47617
32.813,-14.063,0.34575
32.813,-12.5,0.345
32.813,-10.938,0.37067
32.813,-9.375,0.16111
32.813,-7.8125,0.015558
32.813,-6.25,-0.042371
32.813,-4.6875,-0.03866
32.813,-3.125,-0.03571
32.813,-1.5625,-0.097758
32.813,0,-0.22537
32.813,1.5625,-0.36053
32.813,3.125,-0.32719
32.813,4.6875,-0.22091
32.813,6.25,-0.11623
32.813,7.8125,-0.053055
32.813,9.375,-0.10953
32.813,10.938,-0.20581
32.813,12.5,-0.14617
32.813,14.063,-0.11682
32.813,15.625,-0.046741
32.813,17.188,0.13704
32.813,18.75,0.22358
32.813,20.313,0.24613
32.813,21.875,0.25561
32.813,23.438,0.29983
32.813,25,0.11728
32.813,26.563,-0.0049047
32.813,28.125,-0.061979
32.813,29.688,-0.24451
32.813,31.25,-0.27442
32.813,32.813,-0.28389
32.813,34.375,-0.44636
32.813,35.938,-0.53041
32.813,37.5,-0.70117
32.813,39.063,-0.66877
32.813,40.625,-0.54844
32.813,42.188,-0.37306
32.813,43.75,-0.21593
32.813,45.313,-0.22755
32.813,46.875,-0.20382
32.813,48.438,-0.098228
32.813,50,0.088369
34.375,-48.438,-0.14224
34.375,-46.875,0.097932
34.375,-45.313,0.1038
34.375,-43.75,-0.0039017
34.375,-42.188,-0.17149
34.375,-40.625,-0.19488
34.375,-39.063,-0.14376
34.375,-37.5,-0.13975
34.375,-35.938,-0.054165
34.375,-34.375,0.076011
34.375,-32.813,0.11239
34.375,-31.25,0.19928
34.375,-29.688,0.33852
34.375,-28.125,0.42107
34.375,-26.563,0.51492
34.375,-25,0.50277
34.375,-23.438,0.4417
34.375,-21.875,0.43494
34.375,-20.313,0.44761
34.375,-18.75,0.43644
34.375,-17.188,0.37274
34.375,-15.625,0.34036
34.375,-14.063,0.23412
34.375,-12.5,0.16817
34.375,-10.938,0.15647
34.375,-9.375,0.12947
34.375,-7.8125,-0.024697
34.375,-6.25,-0.13926
34.375,-4.6875,-0.27153
34.375,-3.125,-0.36087
34.375,-1.5625,-0.43372
34.375,0,-0.50834
34.375,1.5625,-0.53359
34.375,3.125,-0.39754
34.375,4.6875,-0.21963
34.375,6.25,-0.037371
34.375,7.8125,0.023373
34.375,9.375,0.0089402
34.375,10.938,0.099781
34.375,12.5,0.11373
34.375,14.063,-0.033887
34.375,15.625,-0.1265
34.375,17.188,-0.1311
34.375,18.75,-0.096522
34.375,20.313,-0.08686
34.375,21.875,-0.042351
34.375,23.438,-0.010129
34.375,25,-0.12684
34.375,26.563,-0.21465
34.375,28.125,-0.14701
34.375,29.688,-0.2618
34.375,31.25,-0.38268
34.375,32.813,-0.44594
34.375,34.375,-0.51181
34.375,35.938,-0.69603
34.375,37.5,-0.73855
34.375,39.063,-0.5957
34.375,40.625,-0.48339
34.375,42.188,-0.39052
34.375,43.75,-0.34482
34.375,45.313,-0.39809
34.375,46.875,-0.36749
34.375,48.438,-0.22796
34.375,50,-0.21342
35.938,-48.438,-0.30971
35.938,-46.875,-0.13063
35.938,-45.313,-0.00037888
35.938,-43.75,-0.10073
35.938,-42.188,-0.18832
35.938,-40.625,-0.098818
35.938,-39.063,0.060162
35.938,-37.5,0.12588
35.938,-35.938,0.11797
35.938,-34.375,0.1912
35.938,-32.813,0.29783
35.938,-31.25,0.40805
35.938,-29.688,0.4675
35.938,-28.125,0.4988
35.938,-26.563,0.4947
35.938,-25,0.45611
35.938,-23.438,0.43324
35.938,-21.875,0.4626
35.938,-20.313,0.44051
35.938,-18.75,0.38115
35.938,-17.188,0.28717
35.938,-15.625,0.23517
35.938,-14.063,0.094079
35.938,-12.5,-0.069946
35.938,-10.938,-0.065068
35.938,-9.375,0.028721
35.938,-7.8125,-0.082262
35.938,-6.25,-0.34334
35.938,-4.6875,-0.47065
35.938,-3.125,-0.51409
35.938,-1.5625,-0.61718
35.938,0,-0.72813
35.938,1.5625,-0.77879
35.938,3.125,-0.66932
35.938,4.6875,-0.31079
35.938,6.25,-0.078266
35.938,7.8125,-0.031752
35.938,9.375,0.060108
35.938,10.938,0.13113
35.938,12.5,0.22199
35.938,14.063,0.027793
35.938,15.625,-0.13331
35.938,17.188,-0.22447
35.938,18.75,-0.32397
35.938,20.313,-0.27441
35.938,21.875,-0.23342
35.938,23.438,-0.28908
35.938,25,-0.39505
35.938,26.563,-0.40061
35.938,28.125,-0.30671
35.938,29.688,-0.27624
35.938,31.25,-0.33966
35.938,32.813,-0.37706
35.938,34.375,-0.41733
35.938,35.938,-0.50006
35.938,37.5,-0.52504
35.938,39.063,-0.44989
35.938,40.625,-0.39681
35.938,42.188,-0.37405
35.938,43.75,-0.33374
35.938,45.313,-0.44816
35.938,46.875,-0.50961
35.938,48.438,-0.45396
35.938,50,-0.3683
37.5,-48.438,-0.40886
37.5,-46.875,-0.21403
37.5,-45.313,-0.037618
37.5,-43.75,-0.15105
37.5,-42.188,-0.16767
37.5,-40.625,0.08907
37.5,-39.063,0.35339
37.5,-37.5,0.45837
37.5,-35.938,0.31503
37.5,-34.375,0.23919
37.5,-32.813,0.4411
37.5,-31.25,0.53084
37.5,-29.688,0.56556
37.5,-28.125,0.49885
37.5,-26.563,0.45314
37.5,-25,0.38237
37.5,-23.438,0.34436
37.5,-21.875,0.44594
37.5,-20.313,0.40186
37.5,-18.75,0.3429
37.5,-17.188,0.34808
37.5,-15.625,0.24733
37.5,-14.063,0.052394
37.5,-12.5,-0.14077
37.5,-10.938,-0.18656
37.5,-9.375,-0.088562
37.5,-7.8125,-0.13217
37.5,-6.25,-0.30496
37.5,-4.6875,-0.45153
37.5,-3.125,-0.49395
37.5,-1.5625,-0.63581
37.5,0,-0.72347
37.5,1.5625,-0.67789
37.5,3.125,-0.59459
37.5,4.6875,-0.3935
37.5,6.25,-0.22212
37.5,7.8125,-0.1548
37.5,9.375,0.14233
37.5,10.938,0.21196
37.5,12.5,0.18917
37.5,14.063,0.013937
37.5,15.625,-0.16656
37.5,17.188,-0.16422
37.5,18.75,-0.23398
37.5,20.313,-0.3358
37.5,21.875,-0.30614
37.5,23.438,-0.38227
37.5,25,-0.59994
37.5,26.563,-0.59372
37.5,28.125,-0.426
37.5,29.688,-0.18858
37.5,31.25,-0.16462
37.5,32.813,-0.2243
37.5,34.375,-0.18132
37.5,35.938,-0.27543
37.5,37.5,-0.41584
37.5,39.063,-0.42088
37.5,40.625,-0.40462
37.5,42.188,-0.44558
37.5,43.75,-0.49809
37.5,45.313,-0.70076
37.5,46.875,-0.71394
37.5,48.438,-0.62918
37.5,50,-0.48184
39.063,-48.438,-0.32536
39.063,-46.875,-0.12043
39.063,-45.313,-0.025195
39.063,-43.75,0.010357
39.063,-42.188,0.15084
39.063,-40.625,0.44388
39.063,-39.063,0.65074
39.063,-37.5,0.63844
39.063,-35.938,0.36433
39.063,-34.375,0.26101
39.063,-32.813,0.40843
39.063,-31.25,0.55073
39.063,-29.688,0.53766
39.063,-28.125,0.44844
39.063,-26.563,0.33406
39.063,-25,0.27369
39.063,-23.438,0.26376
39.063,-21.875,0.29646
39.063,-20.313,0.19372
39.063,-18.75,0.1918
39.063,-17.188,0.35082
39.063,-15.625,0.26401
39.063,-14.063,0.097155
39.063,-12.5,0.032124
39.063,-10.938,-0.059599
39.063,-9.375,-0.016343
39.063,-7.8125,-0.0081182
39.063,-6.25,-0.12727
39.063,-4.6875,-0.31388
39.063,-3.125,-0.37653
39.063,-1.5625,-0.38812
39.063,0,-0.43792
39.063,1.5625,-0.42857
39.063,3.125,-0.43446
39.063,4.6875,-0.32653
39.063,6.25,-0.11897
39.063,7.8125,0.085748
39.063,9.375,0.31519
39.063,10.938,0.36077
39.063,12.5,0.32869
39.063,14.063,0.19997
39.063,15.625,0.086883
39.063,17.188,-0.068364
39.063,18.75,-0.1237
39.063,20.313,-0.31119
39.063,21.875,-0.3703
39.063,23.438,-0.44054
39.063,25,-0.52994
39.063,26.563,-0.51123
39.063,28.125,-0.36648
39.063,29.688,-0.18305
39.063,31.25,-0.24626
39.063,32.813,-0.27439
39.063,34.375,-0.13157
39.063,35.938,-0.15096
39.063,37.5,-0.3376
39.063,39.063,-0.51411
39.063,40.625,-0.52819
39.063,42.188,-0.58068
39.063,43.75,-0.63826
39.063,45.313,-0.77133
39.063,46.875,-0.7887
39.063,48.438,-0.66484
39.063,50,-0.5833
40.625,-48.438,-0.22123
40.625,-46.875,-0.020495
40.625,-45.313,0.17979
40.625,-43.75,0.38358
40.625,-42.188,0.59553
40.625,-40.625,0.66766
40.625,-39.063,0.74737
40.625,-37.5,0.77877
40.625,-35.938,0.622
40.625,-34.375,0.52156
40.625,-32.813,0.48392
40.625,-31.25,0.55121
40.625,-29.688,0.48047
40.625,-28.125,0.36813
40.625,-26.563,0.17056
40.625,-25,-0.020458
40.625,-23.438,-0.0581
40.625,-21.875,-0.03877
40.625,-20.313,0.11161
40.625,-18.75,0.17206
40.625,-17.188,0.22955
40.625,-15.625,0.28778
40.625,-14.063,0.18032
40.625,-12.5,0.25741
40.625,-10.938,0.28338
40.625,-9.375,0.16623
40.625,-7.8125,0.17884
40.625,-6.25,0.082601
40.625,-4.6875,-0.034003
40.625,-3.125,-0.055215
40.625,-1.5625,0.010544
40.625,0,0.049142
40.625,1.5625,-0.0065921
40.625,3.125,0.066605
40.625,4.6875,0.10021
40.625,6.25,0.30013
40.625,7.8125,0.49225
40.625,9.375,0.57434
40.625,10.938,0.54922
40.625,12.5,0.34516
40.625,14.063,0.1846
40.625,15.625,0.15762
40.625,17.188,0.06851
40.625,18.75,-0.092418
40.625,20.313,-0.33104
40.625,21.875,-0.34992
40.625,23.438,-0.31392
40.625,25,-0.44359
40.625,26.563,-0.44378
40.625,28.125,-0.43414
40.625,29.688,-0.28137
40.625,31.25,-0.19471
40.625,32.813,-0.10854
40.625,34.375,-0.095584
40.625,35.938,-0.13872
40.625,37.5,-0.14176
40.625,39.063,-0.28271
40.625,40.625,-0.40354
40.625,42.188,-0.51882
40.625,43.75,-0.74406
40.625,45.313,-0.84782
40.625,46.875,-0.75341
40.625,48.438,-0.67421
40.625,50,-0.51854
42.188,-48.438,-0.1264
42.188,-46.875,0.10973
42.188,-45.313,0.3712
42.188,-43.75,0.70606
42.188,-42.188,0.74425
42.188,-40.625,0.84213
42.188,-39.063,0.84341
42.188,-37.5,0.7877
42.188,-35.938,0.71352
42.188,-34.375,0.60892
42.188,-32.813,0.56696
42.188,-31.25,0.42162
42.188,-29.688,0.28758
42.188,-28.125,0.256
42.188,-26.563,0.14939
42.188,-25,-0.065365
42.188,-23.438,-0.22467
42.188,-21.875,-0.1427
42.188,-20.313,0.017729
42.188,-18.75,0.11209
42.188,-17.188,0.26605
42.188,-15.625,0.32116
42.188,-14.063,0.25724
42.188,-12.5,0.3243
42.188,-10.938,0.38701
42.188,-9.375,0.30141
42.188,-7.8125,0.22024
42.188,-6.25,0.24466
42.188,-4.6875,0.32484
42.188,-3.125,0.39957
42.188,-1.5625,0.33058
42.188,0,0.33671
42.188,1.5625,0.3668
42.188,3.125,0.40685
42.188,4.6875,0.37539
42.188,6.25,0.54491
42.188,7.8125,0.69748
42.188,9.375,0.67695
42.188,10.938,0.59319
42.188,12.5,0.42791
42.188,14.063,0.19527
42.188,15.625,0.13282
42.188,17.188,0.12026
42.188,18.75,-0.036606
42.188,20.313,-0.21011
42.188,21.875,-0.28206
42.188,23.438,-0.18233
42.188,25,-0.25849
42.188,26.563,-0.38908
42.188,28.125,-0.35455
42.188,29.688,-0.186
42.188,31.25,0.059666
42.188,32.813,0.17913
42.188,34.375,0.13867
42.188,35.938,-0.0052087
42.188,37.5,-0.079646
42.188,39.063,-0.15905
42.188,40.625,-0.23247
42.188,42.188,-0.30863
42.188,43.75,-0.58834
42.188,45.313,-0.68002
42.188,46.875,-0.63031
42.188,48.438,-0.51058
42.188,50,-0.40304
43.75,-48.438,0.080769
43.75,-46.875,0.27921
43.75,-45.313,0.46808
43.75,-43.75,0.76521
43.75,-42.188,0.83788
43.75,-40.625,1.0007
43.75,-39.063,0.99736
43.75,-37.5,0.90455
43.75,-35.938,0.74799
43.75,-34.375,0.63778
43.75,-32.813,0.41999
43.75,-31.25,0.21709
43.75,-29.688,0.061656
43.75,-28.125,-0.02131
43.75,-26.563,0.0066115
43.75,-25,-0.030708
43.75,-23.438,-0.12877
43.75,-21.875,-0.14389
43.75,-20.313,-0.068959
43.75,-18.75,0.071616
43.75,-17.188,0.11755
43.75,-15.625,0.088423
43.75,-14.063,0.21841
43.75,-12.5,0.28421
43.75,-10.938,0.23617
43.75,-9.375,0.18746
43.75,-7.8125,0.21554
43.75,-6.25,0.35195
43.75,-4.6875,0.47636
43.75,-3.125,0.49145
43.75,-1.5625,0.41129
43.75,0,0.37926
43.75,1.5625,0.46723
43.75,3.125,0.52009
43.75,4.6875,0.46876
43.75,6.25,0.53605
43.75,7.8125,0.58065
43.75,9.375,0.56857
43.75,10.938,0.55305
43.75,12.5,0.38551
43.75,14.063,0.18454
43.75,15.625,0.098079
43.75,17.188,0.064818
43.75,18.75,-0.12759
43.75,20.313,-0.14401
43.75,21.875,-0.0046818
43.75,23.438,0.14821
43.75,25,0.18594
43.75,26.563,0.038787
43.75,28.125,-0.053826
43.75,29.688,0.020746
43.75,31.25,0.23718
43.75,32.813,0.29919
43.75,34.375,0.19862
43.75,35.938,0.067872
43.75,37.5,-0.11607
43.75,39.063,-0.19166
43.75,40.625,-0.14264
43.75,42.188,-0.18854
43.75,43.75,-0.24263
43.75,45.313,-0.36889
43.75,46.875,-0.45189
43.75,48.438,-0.32244
43.75,50,-0.12142
45.313,-48.438,0.30899
45.313,-46.875,0.47692
45.313,-45.313,0.65961
45.313,-43.75,0.82545
45.313,-42.188,0.9663
45.313,-40.625,1.0733
45.313,-39.063,1.0358
45.313,-37.5,0.9256
45.313,-35.938,0.74456
45.313,-34.375,0.54789
45.313,-32.813,0.2711
45.313,-31.25,-0.033921
45.313,-29.688,-0.22689
45.313,-28.125,-0.20814
45.313,-26.563,-0.17712
45.313,-25,-0.19661
45.313,-23.438,-0.06428
45.313,-21.875,-0.070484
45.313,-20.313,-0.015839
45.313,-18.75,-0.0031387
45.313,-17.188,-0.010701
45.313,-15.625,0.0028638
45.313,-14.063,0.27548
45.313,-12.5,0.43641
45.313,-10.938,0.36977
45.313,-9.375,0.35304
45.313,-7.8125,0.44501
45.313,-6.25,0.57809
45.313,-4.6875,0.59191
45.313,-3.125,0.51679
45.313,-1.5625,0.41387
45.313,0,0.30723
45.313,1.5625,0.27412
45.313,3.125,0.33527
45.313,4.6875,0.26882
45.313,6.25,0.23271
45.313,7.8125,0.22777
45.313,9.375,0.1521
45.313,10.938,0.092859
45.313,12.5,0.020652
45.313,14.063,0.020992
45.313,15.625,0.065533
45.313,17.188,0.032256
45.313,18.75,-0.054372
45.313,20.313,-0.076812
45.313,21.875,0.070128
45.313,23.438,0.25742
45.313,25,0.50327
45.313,26.563,0.44384
45.313,28.125,0.16403
45.313,29.688,0.15413
45.313,31.25,0.23924
45.313,32.813,0.21841
45.313,34.375,0.090963
45.313,35.938,0.056902
45.313,37.5,-0.19052
45.313,39.063,-0.21884
45.313,40.625,-0.17995
45.313,42.188,-0.17539
45.313,43.75,-0.24963
45.313,45.313,-0.28379
45.313,46.875,-0.25569
45.313,48.438,-0.19196
45.313,50,0.044679
46.875,-48.438,0.28955
46.875,-46.875,0.47048
46.875,-45.313,0.65869
46.875,-43.75,0.72115
46.875,-42.188,0.84635
46.875,-40.625,0.87563
46.875,-39.063,0.84011
46.875,-37.5,0.73922
46.875,-35.938,0.51769
46.875,-34.375,0.29298
46.875,-32.813,-0.041193
46.875,-31.25,-0.33414
46.875,-29.688,-0.47078
46.875,-28.125,-0.49807
46.875,-26.563,-0.5031
46.875,-25,-0.47628
46.875,-23.438,-0.32335
46.875,-21.875,-0.12671
46.875,-20.313,-0.13352
46.875,-18.75,-0.15562
46.875,-17.188,-0.066293
46.875,-15.625,0.032306
46.875,-14.063,0.28797
46.875,-12.5,0.56392
46.875,-10.938,0.583
46.875,-9.375,0.76405
46.875,-7.8125,0.73601
46.875,-6.25,0.70604
46.875,-4.6875,0.6781
46.875,-3.125,0.49322
46.875,-1.5625,0.33543
46.875,0,0.11955
46.875,1.5625,0.020045
46.875,3.125,0.081972
46.875,4.6875,-0.019909
46.875,6.25,-0.19735
46.875,7.8125,-0.23976
46.875,9.375,-0.24472
46.875,10.938,-0.17012
46.875,12.5,-0.19959
46.875,14.063,-0.1423
46.875,15.625,-0.1205
46.875,17.188,-0.19018
46.875,18.75,0.0062802
46.875,20.313,0.12508
46.875,21.875,0.28596
46.875,23.438,0.47109
46.875,25,0.58116
46.875,26.563,0.47969
46.875,28.125,0.37498
46.875,29.688,0.37739
46.875,31.25,0.31896
46.875,32.813,0.13734
46.875,34.375,0.034028
46.875,35.938,0.028516
46.875,37.5,-0.0064095
46.875,39.063,-0.16988
46.875,40.625,-0.18764
46.875,42.188,-0.19596
46.875,43.75,-0.26373
46.875,45.313,-0.33553
46.875,46.875,-0.35156
46.875,48.438,-0.21856
46.875,50,0.015025
48.438,-48.438,0.10239
48.438,-46.875,0.34013
48.438,-45.313,0.47551
48.438,-43.75,0.3852
48.438,-42.188,0.40358
48.438,-40.625,0.36287
48.438,-39.063,0.4254
48.438,-37.5,0.41364
48.438,-35.938,0.18398
48.438,-34.375,-0.034556
48.438,-32.813,-0.32718
48.438,-31.25,-0.50264
48.438,-29.688,-0.59655
48.438,-28.125,-0.7521
48.438,-26.563,-0.77461
48.438,-25,-0.72468
48.438,-23.438,-0.57185
48.438,-21.875,-0.40839
48.438,-20.313,-0.32907
48.438,-18.75,-0.27585
48.438,-17.188,-0.058617
48.438,-15.625,0.16767
48.438,-14.063,0.33039
48.438,-12.5,0.4765
48.438,-10.938,0.55919
48.438,-9.375,0.69582
48.438,-7.8125,0.71618
48.438,-6.25,0.53625
48.438,-4.6875,0.36257
48.438,-3.125,0.25004
48.438,-1.5625,0.093195
48.438,0,-0.012739
48.438,1.5625,-0.12104
48.438,3.125,-0.30969
48.438,4.6875,-0.33964
48.438,6.25,-0.42042
48.438,7.8125,-0.50918
48.438,9.375,-0.44496
48.438,10.938,-0.31618
48.438,12.5,-0.24575
48.438,14.063,-0.16479
48.438,15.625,-0.1782
48.438,17.188,-0.12282
48.438,18.75,0.1561
48.438,20.313,0.30091
48.438,21.875,0.54261
48.438,23.438,0.66407
48.438,25,0.63049
48.438,26.563,0.53071
48.438,28.125,0.5012
48.438,29.688,0.49674
48.438,31.25,0.36879
48.438,32.813,0.20942
48.438,34.375,0.10179
48.438,35.938,0.1045
48.438,37.5,0.14278
48.438,39.063,-0.0035929
48.438,40.625,-0.14699
48.438,42.188,-0.23561
48.438,43.75,-0.38768
48.438,45.313,-0.38115
48.438,46.875,-0.36727
48.438,48.438,-0.2932
48.438,50,-0.16575
50,-48.438,-0.093983
50,-46.875,0.14335
50,-45.313,0.30431
50,-43.75,0.1976
50,-42.188,0.11115
50,-40.625,-0.057606
50,-39.063,-0.10692
50,-37.5,-0.14183
50,-35.938,-0.27999
50,-34.375,-0.3903
50,-32.813,-0.50829
50,-31.25,-0.5644
50,-29.688,-0.68016
50,-28.125,-0.80703
50,-26.563,-0.81338
50,-25,-0.81845
50,-23.438,-0.63965
50,-21.875,-0.44369
50,-20.313,-0.32997
50,-18.75,-0.27199
50,-17.188,-0.12724
50,-15.625,0.11898
50,-14.063,0.24359
50,-12.5,0.26425
50,-10.938,0.27329
50,-9.375,0.31417
50,-7.8125,0.1703
50,-6.25,-0.028108
50,-4.6875,-0.07746
50,-3.125,-0.091426
50,-1.5625,-0.080191
50,0,-0.30101
50,1.5625,-0.40103
50,3.125,-0.44912
50,4.6875,-0.40532
50,6.25,-0.47801
50,7.8125,-0.45276
50,9.375,-0.34843
50,10.938,-0.2513
50,12.5,-0.19918
50,14.063,-0.084597
50,15.625,0.0047284
50,17.188,0.22875
50,18.75,0.41899
50,20.313,0.45041
50,21.875,0.52951
50,23.438,0.60541
50,25,0.55697
50,26.563,0.53968
50,28.125,0.56335
50,29.688,0.48555
50,31.25,0.37047
50,32.813,0.19213
50,34.375,0.13842
50,35.938,0.092034
50,37.5,0.12458
50,39.063,0.09559
50,40.625,0.038093
50,42.188,0.036827
50,43.75,-0.10853
50,45.313,-0.16916
50,46.875,-0.31083
50,48.438,-0.30727
50,50,-0.22388
