-24.219 -24.219 0.19876
-24.219 -23.438 0.24383
-24.219 -22.656 0.12589
-24.219 -21.875 -0.050118
-24.219 -21.094 -0.25517
-24.219 -20.313 -0.35375
-24.219 -19.531 -0.29335
-24.219 -18.75 -0.25173
-24.219 -17.969 -0.18461
-24.219 -17.188 -0.10933
-24.219 -16.406 0.025696
-24.219 -15.625 0.04074
-24.219 -14.844 0.13612
-24.219 -14.063 0.15713
-24.219 -13.281 0.17294
-24.219 -12.5 0.12686
-24.219 -11.719 0.025681
-24.219 -10.938 -0.17867
-24.219 -10.156 -0.29974
-24.219 -9.375 -0.36685
-24.219 -8.5938 -0.33812
-24.219 -7.8125 -0.34262
-24.219 -7.0313 -0.25509
-24.219 -6.25 -0.19536
-24.219 -5.4688 -0.081401
-24.219 -4.6875 -0.065349
-24.219 -3.9063 -0.09906
-24.219 -3.125 -0.10553
-24.219 -2.3438 -0.17482
-24.219 -1.5625 -0.19082
-24.219 -0.78125 -0.18171
-24.219 0 -0.15487
-24.219 0.78125 -0.17233
-24.219 1.5625 -0.17396
-24.219 2.3438 -0.11508
-24.219 3.125 -0.12282
-24.219 3.9063 -0.064632
-24.219 4.6875 -0.023089
-24.219 5.4688 0.013592
-24.219 6.25 -0.017438
-24.219 7.0313 -0.10078
-24.219 7.8125 -0.18868
-24.219 8.5938 -0.15832
-24.219 9.375 -0.15178
-24.219 10.156 -0.13228
-24.219 10.938 -0.18983
-24.219 11.719 -0.16321
-24.219 12.5 -0.052124
-24.219 13.281 0.0088798
-24.219 14.063 0.060564
-24.219 14.844 0.066713
-24.219 15.625 0.072806
-24.219 16.406 -0.0066108
-24.219 17.188 -0.081428
-24.219 17.969 -0.037766
-24.219 18.75 0.0045865
-24.219 19.531 -0.044109
-24.219 20.313 -0.14356
-24.219 21.094 -0.17223
-24.219 21.875 -0.11875
-24.219 22.656 -0.021802
-24.219 23.438 0.018598
-24.219 24.219 0.14053
-24.219 25 0.18871
-23.438 -24.219 0.11569
-23.438 -23.438 0.10945
-23.438 -22.656 0.043941
-23.438 -21.875 -0.04165
-23.438 -21.094 -0.1085
-23.438 -20.313 -0.21373
-23.438 -19.531 -0.24141
-23.438 -18.75 -0.24841
-23.438 -17.969 -0.21956
-23.438 -17.188 -0.12379
-23.438 -16.406 -0.038564
-23.438 -15.625 -0.044356
-23.438 -14.844 0.10245
-23.438 -14.063 0.12775
-23.438 -13.281 0.067161
-23.438 -12.5 0.0016235
-23.438 -11.719 -0.075766
-23.438 -10.938 -0.22048
-23.438 -10.156 -0.25302
-23.438 -9.375 -0.2929
-23.438 -8.5938 -0.29257
-23.438 -7.8125 -0.28052
-23.438 -7.0313 -0.21904
-23.438 -6.25 -0.20418
-23.438 -5.4688 -0.15565
-23.438 -4.6875 -0.12855
-23.438 -3.9063 -0.20952
-23.438 -3.125 -0.2146
-23.438 -2.3438 -0.21181
-23.438 -1.5625 -0.24303
-23.438 -0.78125 -0.2091
-23.438 0 -0.18223
-23.438 0.78125 -0.24956
-23.438 1.5625 -0.2613
-23.438 2.3438 -0.19658
-23.438 3.125 -0.11791
-23.438 3.9063 -0.040781
-23.438 4.6875 0.013755
-23.438 5.4688 -0.0042725
-23.438 6.25 -0.047992
-23.438 7.0313 -0.12921
-23.438 7.8125 -0.18556
-23.438 8.5938 -0.16487
-23.438 9.375 -0.15496
-23.438 10.156 -0.19378
-23.438 10.938 -0.18651
-23.438 11.719 -0.080637
-23.438 12.5 -0.03585
-23.438 13.281 0.037204
-23.438 14.063 0.08038
-23.438 14.844 0.15185
-23.438 15.625 0.16035
-23.438 16.406 0.0038688
-23.438 17.188 -0.056406
-23.438 17.969 -0.071435
-23.438 18.75 -0.059031
-23.438 19.531 -0.08638
-23.438 20.313 -0.17768
-23.438 21.094 -0.21629
-23.438 21.875 -0.096265
-23.438 22.656 0.073536
-23.438 23.438 0.10825
-23.438 24.219 0.14275
-23.438 25 0.18092
-22.656 -24.219 0.077106
-22.656 -23.438 0.037982
-22.656 -22.656 -0.0059573
-22.656 -21.875 -0.087432
-22.656 -21.094 -0.099113
-22.656 -20.313 -0.093333
-22.656 -19.531 -0.18437
-22.656 -18.75 -0.26687
-22.656 -17.969 -0.22316
-22.656 -17.188 -0.18764
-22.656 -16.406 -0.074817
-22.656 -15.625 -0.03618
-22.656 -14.844 0.044334
-22.656 -14.063 0.10912
-22.656 -13.281 0.0044328
-22.656 -12.5 -0.081636
-22.656 -11.719 -0.15256
-22.656 -10.938 -0.26982
-22.656 -10.156 -0.22256
-22.656 -9.375 -0.22302
-22.656 -8.5938 -0.27696
-22.656 -7.8125 -0.25296
-22.656 -7.0313 -0.18075
-22.656 -6.25 -0.16655
-22.656 -5.4688 -0.17854
-22.656 -4.6875 -0.21375
-22.656 -3.9063 -0.22074
-22.656 -3.125 -0.24256
-22.656 -2.3438 -0.2445
-22.656 -1.5625 -0.21445
-22.656 -0.78125 -0.18756
-22.656 0 -0.23945
-22.656 0.78125 -0.28867
-22.656 1.5625 -0.31871
-22.656 2.3438 -0.24562
-22.656 3.125 -0.16506
-22.656 3.9063 -0.039055
-22.656 4.6875 -0.0027846
-22.656 5.4688 -0.061751
-22.656 6.25 -0.1274
-22.656 7.0313 -0.13947
-22.656 7.8125 -0.1865
-22.656 8.5938 -0.23847
-22.656 9.375 -0.26086
-22.656 10.156 -0.21482
-22.656 10.938 -0.16699
-22.656 11.719 -0.10605
-22.656 12.5 -0.033896
-22.656 13.281 0.056432
-22.656 14.063 0.095518
-22.656 14.844 0.17553
-22.656 15.625 0.13638
-22.656 16.406 0.0053025
-22.656 17.188 -0.025523
-22.656 17.969 -0.099336
-22.656 18.75 -0.08184
-22.656 19.531 -0.16204
-22.656 20.313 -0.19291
-22.656 21.094 -0.22295
-22.656 21.875 -0.058858
-22.656 22.656 0.12152
-22.656 23.438 0.12644
-22.656 24.219 0.16083
-22.656 25 0.13206
-21.875 -24.219 0.1453
-21.875 -23.438 0.060452
-21.875 -22.656 -0.067282
-21.875 -21.875 -0.14597
-21.875 -21.094 -0.18885
-21.875 -20.313 -0.16613
-21.875 -19.531 -0.13823
-21.875 -18.75 -0.19815
-21.875 -17.969 -0.16765
-21.875 -17.188 -0.11483
-21.875 -16.406 -0.043986
-21.875 -15.625 -0.0032903
-21.875 -14.844 0.05583
-21.875 -14.063 0.020621
-21.875 -13.281 -0.040536
-21.875 -12.5 -0.11658
-21.875 -11.719 -0.22589
-21.875 -10.938 -0.33016
-21.875 -10.156 -0.28279
-21.875 -9.375 -0.24576
-21.875 -8.5938 -0.21458
-21.875 -7.8125 -0.1502
-21.875 -7.0313 -0.10563
-21.875 -6.25 -0.13171
-21.875 -5.4688 -0.16756
-21.875 -4.6875 -0.16957
-21.875 -3.9063 -0.17354
-21.875 -3.125 -0.21259
-21.875 -2.3438 -0.21842
-21.875 -1.5625 -0.1731
-21.875 -0.78125 -0.16847
-21.875 0 -0.29993
-21.875 0.78125 -0.29937
-21.875 1.5625 -0.22141
-21.875 2.3438 -0.19026
-21.875 3.125 -0.1339
-21.875 3.9063 -0.096438
-21.875 4.6875 -0.061207
-21.875 5.4688 -0.096354
-21.875 6.25 -0.15994
-21.875 7.0313 -0.11322
-21.875 7.8125 -0.19052
-21.875 8.5938 -0.28737
-21.875 9.375 -0.3125
-21.875 10.156 -0.26283
-21.875 10.938 -0.13265
-21.875 11.719 -0.10385
-21.875 12.5 0.027566
-21.875 13.281 0.1097
-21.875 14.063 0.088381
-21.875 14.844 0.16527
-21.875 15.625 0.057348
-21.875 16.406 0.0038054
-21.875 17.188 -0.020338
-21.875 17.969 -0.027216
-21.875 18.75 -0.0443
-21.875 19.531 -0.1292
-21.875 20.313 -0.20399
-21.875 21.094 -0.16938
-21.875 21.875 -0.053114
-21.875 22.656 0.10127
-21.875 23.438 0.13817
-21.875 24.219 0.1806
-21.875 25 0.15261
-21.094 -24.219 0.10771
-21.094 -23.438 -0.0054513
-21.094 -22.656 -0.11677
-21.094 -21.875 -0.19298
-21.094 -21.094 -0.24839
-21.094 -20.313 -0.19086
-21.094 -19.531 -0.13838
-21.094 -18.75 -0.14934
-21.094 -17.969 -0.095797
-21.094 -17.188 -0.028067
-21.094 -16.406 0.025118
-21.094 -15.625 0.012623
-21.094 -14.844 0.046742
-21.094 -14.063 -0.073875
-21.094 -13.281 -0.12612
-21.094 -12.5 -0.18024
-21.094 -11.719 -0.25146
-21.094 -10.938 -0.31748
-21.094 -10.156 -0.27692
-21.094 -9.375 -0.22938
-21.094 -8.5938 -0.16608
-21.094 -7.8125 -0.078114
-21.094 -7.0313 -0.054588
-21.094 -6.25 -0.19031
-21.094 -5.4688 -0.20616
-21.094 -4.6875 -0.092122
-21.094 -3.9063 -0.085766
-21.094 -3.125 -0.17184
-21.094 -2.3438 -0.16722
-21.094 -1.5625 -0.076779
-21.094 -0.78125 -0.11926
-21.094 0 -0.24294
-21.094 0.78125 -0.28166
-21.094 1.5625 -0.1711
-21.094 2.3438 -0.13995
-21.094 3.125 -0.10342
-21.094 3.9063 -0.17111
-21.094 4.6875 -0.18642
-21.094 5.4688 -0.1746
-21.094 6.25 -0.12306
-21.094 7.0313 -0.070616
-21.094 7.8125 -0.14989
-21.094 8.5938 -0.23326
-21.094 9.375 -0.29928
-21.094 10.156 -0.32133
-21.094 10.938 -0.17071
-21.094 11.719 -0.06323
-21.094 12.5 0.034193
-21.094 13.281 0.10271
-21.094 14.063 0.1021
-21.094 14.844 0.11145
-21.094 15.625 0.035783
-21.094 16.406 -0.06509
-21.094 17.188 -0.061353
-21.094 17.969 -0.02679
-21.094 18.75 -0.05657
-21.094 19.531 -0.14496
-21.094 20.313 -0.2182
-21.094 21.094 -0.14292
-21.094 21.875 -0.080391
-21.094 22.656 0.077814
-21.094 23.438 0.1052
-21.094 24.219 0.11629
-21.094 25 0.11583
-20.313 -24.219 0.0058909
-20.313 -23.438 -0.071517
-20.313 -22.656 -0.15859
-20.313 -21.875 -0.2119
-20.313 -21.094 -0.1794
-20.313 -20.313 -0.13972
-20.313 -19.531 -0.11522
-20.313 -18.75 -0.090574
-20.313 -17.969 -0.033223
-20.313 -17.188 0.04577
-20.313 -16.406 0.084458
-20.313 -15.625 0.02266
-20.313 -14.844 0.02758
-20.313 -14.063 -0.11072
-20.313 -13.281 -0.17686
-20.313 -12.5 -0.16741
-20.313 -11.719 -0.25019
-20.313 -10.938 -0.30101
-20.313 -10.156 -0.23709
-20.313 -9.375 -0.15194
-20.313 -8.5938 -0.12628
-20.313 -7.8125 -0.04496
-20.313 -7.0313 -0.088547
-20.313 -6.25 -0.23147
-20.313 -5.4688 -0.22481
-20.313 -4.6875 -0.12685
-20.313 -3.9063 -0.10431
-20.313 -3.125 -0.15401
-20.313 -2.3438 -0.11637
-20.313 -1.5625 -0.023516
-20.313 -0.78125 -0.027287
-20.313 0 -0.17191
-20.313 0.78125 -0.25907
-20.313 1.5625 -0.23169
-20.313 2.3438 -0.17947
-20.313 3.125 -0.1519
-20.313 3.9063 -0.20781
-20.313 4.6875 -0.21241
-20.313 5.4688 -0.15066
-20.313 6.25 -0.099197
-20.313 7.0313 -0.096785
-20.313 7.8125 -0.14591
-20.313 8.5938 -0.22423
-20.313 9.375 -0.28422
-20.313 10.156 -0.3047
-20.313 10.938 -0.20905
-20.313 11.719 -0.096552
-20.313 12.5 -0.02858
-20.313 13.281 0.092314
-20.313 14.063 0.1425
-20.313 14.844 0.11633
-20.313 15.625 0.01752
-20.313 16.406 -0.072666
-20.313 17.188 -0.095903
-20.313 17.969 -0.13986
-20.313 18.75 -0.11038
-20.313 19.531 -0.19192
-20.313 20.313 -0.20779
-20.313 21.094 -0.18378
-20.313 21.875 -0.11923
-20.313 22.656 -0.0015216
-20.313 23.438 0.07958
-20.313 24.219 0.097527
-20.313 25 0.075636
-19.531 -24.219 -0.086292
-19.531 -23.438 -0.18914
-19.531 -22.656 -0.22315
-19.531 -21.875 -0.19604
-19.531 -21.094 -0.16331
-19.531 -20.313 -0.13671
-19.531 -19.531 -0.13604
-19.531 -18.75 -0.044834
-19.531 -17.969 0.06564
-19.531 -17.188 0.12655
-19.531 -16.406 0.11672
-19.531 -15.625 0.047541
-19.531 -14.844 0.060102
-19.531 -14.063 -0.030861
-19.531 -13.281 -0.16383
-19.531 -12.5 -0.14408
-19.531 -11.719 -0.21784
-19.531 -10.938 -0.27727
-19.531 -10.156 -0.16504
-19.531 -9.375 -0.048222
-19.531 -8.5938 -0.073647
-19.531 -7.8125 -0.12226
-19.531 -7.0313 -0.15781
-19.531 -6.25 -0.24255
-19.531 -5.4688 -0.24883
-19.531 -4.6875 -0.15825
-19.531 -3.9063 -0.11807
-19.531 -3.125 -0.14853
-19.531 -2.3438 -0.078932
-19.531 -1.5625 0.027268
-19.531 -0.78125 0.024039
-19.531 0 -0.12901
-19.531 0.78125 -0.22263
-19.531 1.5625 -0.26276
-19.531 2.3438 -0.23192
-19.531 3.125 -0.20123
-19.531 3.9063 -0.2221
-19.531 4.6875 -0.17614
-19.531 5.4688 -0.12187
-19.531 6.25 -0.12502
-19.531 7.0313 -0.056482
-19.531 7.8125 -0.11732
-19.531 8.5938 -0.21801
-19.531 9.375 -0.31336
-19.531 10.156 -0.34643
-19.531 10.938 -0.24509
-19.531 11.719 -0.12956
-19.531 12.5 0.013745
-19.531 13.281 0.1155
-19.531 14.063 0.1274
-19.531 14.844 0.058231
-19.531 15.625 -0.033895
-19.531 16.406 -0.13562
-19.531 17.188 -0.17271
-19.531 17.969 -0.18172
-19.531 18.75 -0.1762
-19.531 19.531 -0.22765
-19.531 20.313 -0.2469
-19.531 21.094 -0.23889
-19.531 21.875 -0.20106
-19.531 22.656 -0.07175
-19.531 23.438 0.066692
-19.531 24.219 0.097895
-19.531 25 0.0036786
-18.75 -24.219 -0.1526
-18.75 -23.438 -0.24746
-18.75 -22.656 -0.25357
-18.75 -21.875 -0.20551
-18.75 -21.094 -0.17592
-18.75 -20.313 -0.1465
-18.75 -19.531 -0.097338
-18.75 -18.75 -0.040533
-18.75 -17.969 0.064257
-18.75 -17.188 0.14229
-18.75 -16.406 0.13232
-18.75 -15.625 0.12482
-18.75 -14.844 0.086502
-18.75 -14.063 0.025127
-18.75 -13.281 -0.098514
-18.75 -12.5 -0.16973
-18.75 -11.719 -0.24417
-18.75 -10.938 -0.21752
-18.75 -10.156 -0.12539
-18.75 -9.375 -0.022818
-18.75 -8.5938 -0.013102
-18.75 -7.8125 -0.084018
-18.75 -7.0313 -0.14007
-18.75 -6.25 -0.24565
-18.75 -5.4688 -0.25129
-18.75 -4.6875 -0.15268
-18.75 -3.9063 -0.13497
-18.75 -3.125 -0.12841
-18.75 -2.3438 -0.073807
-18.75 -1.5625 0.015832
-18.75 -0.78125 0.016067
-18.75 0 -0.098756
-18.75 0.78125 -0.16205
-18.75 1.5625 -0.17098
-18.75 2.3438 -0.22194
-18.75 3.125 -0.23959
-18.75 3.9063 -0.24917
-18.75 4.6875 -0.17812
-18.75 5.4688 -0.12202
-18.75 6.25 -0.11489
-18.75 7.0313 -0.095321
-18.75 7.8125 -0.10891
-18.75 8.5938 -0.1633
-18.75 9.375 -0.29078
-18.75 10.156 -0.31606
-18.75 10.938 -0.18477
-18.75 11.719 -0.036348
-18.75 12.5 0.061717
-18.75 13.281 0.059125
-18.75 14.063 0.035239
-18.75 14.844 0.00016226
-18.75 15.625 -0.042423
-18.75 16.406 -0.12653
-18.75 17.188 -0.20071
-18.75 17.969 -0.18227
-18.75 18.75 -0.20346
-18.75 19.531 -0.30114
-18.75 20.313 -0.31895
-18.75 21.094 -0.23005
-18.75 21.875 -0.1608
-18.75 22.656 -0.12208
-18.75 23.438 0.0058892
-18.75 24.219 0.022152
-18.75 25 -0.075656
-17.969 -24.219 -0.22491
-17.969 -23.438 -0.27624
-17.969 -22.656 -0.27273
-17.969 -21.875 -0.27741
-17.969 -21.094 -0.25775
-17.969 -20.313 -0.18341
-17.969 -19.531 -0.13402
-17.969 -18.75 -0.0016421
-17.969 -17.969 0.15501
-17.969 -17.188 0.18434
-17.969 -16.406 0.19579
-17.969 -15.625 0.22112
-17.969 -14.844 0.1735
-17.969 -14.063 0.044311
-17.969 -13.281 -0.058892
-17.969 -12.5 -0.14442
-17.969 -11.719 -0.23392
-17.969 -10.938 -0.19526
-17.969 -10.156 -0.10737
-17.969 -9.375 -0.044845
-17.969 -8.5938 -0.0078256
-17.969 -7.8125 -0.0098788
-17.969 -7.0313 -0.082356
-17.969 -6.25 -0.1736
-17.969 -5.4688 -0.16781
-17.969 -4.6875 -0.059544
-17.969 -3.9063 -0.033999
-17.969 -3.125 -0.052021
-17.969 -2.3438 -0.030907
-17.969 -1.5625 0.039822
-17.969 -0.78125 0.082473
-17.969 0 0.0008101
-17.969 0.78125 -0.076789
-17.969 1.5625 -0.078047
-17.969 2.3438 -0.13391
-17.969 3.125 -0.21768
-17.969 3.9063 -0.18852
-17.969 4.6875 -0.12867
-17.969 5.4688 -0.092951
-17.969 6.25 -0.099558
-17.969 7.0313 -0.12561
-17.969 7.8125 -0.14362
-17.969 8.5938 -0.16801
-17.969 9.375 -0.19375
-17.969 10.156 -0.12666
-17.969 10.938 -0.054706
-17.969 11.719 0.030661
-17.969 12.5 0.039927
-17.969 13.281 -0.026014
-17.969 14.063 -0.05891
-17.969 14.844 -0.11397
-17.969 15.625 -0.13681
-17.969 16.406 -0.11516
-17.969 17.188 -0.15556
-17.969 17.969 -0.18969
-17.969 18.75 -0.24818
-17.969 19.531 -0.26529
-17.969 20.313 -0.2522
-17.969 21.094 -0.21675
-17.969 21.875 -0.13945
-17.969 22.656 -0.12983
-17.969 23.438 -0.069142
-17.969 24.219 -0.037055
-17.969 25 -0.093675
-17.188 -24.219 -0.22326
-17.188 -23.438 -0.25907
-17.188 -22.656 -0.24602
-17.188 -21.875 -0.32144
-17.188 -21.094 -0.32887
-17.188 -20.313 -0.23355
-17.188 -19.531 -0.083618
-17.188 -18.75 0.090461
-17.188 -17.969 0.21869
-17.188 -17.188 0.26808
-17.188 -16.406 0.25287
-17.188 -15.625 0.28572
-17.188 -14.844 0.24401
-17.188 -14.063 0.045311
-17.188 -13.281 -0.063728
-17.188 -12.5 -0.11439
-17.188 -11.719 -0.22071
-17.188 -10.938 -0.14946
-17.188 -10.156 -0.06893
-17.188 -9.375 -0.089294
-17.188 -8.5938 -0.045372
-17.188 -7.8125 0.028405
-17.188 -7.0313 -0.030055
-17.188 -6.25 -0.17386
-17.188 -5.4688 -0.14588
-17.188 -4.6875 0.021488
-17.188 -3.9063 0.059315
-17.188 -3.125 0.041393
-17.188 -2.3438 0.051641
-17.188 -1.5625 0.085087
-17.188 -0.78125 0.076737
-17.188 0 0.012448
-17.188 0.78125 -0.0090883
-17.188 1.5625 -0.044502
-17.188 2.3438 -0.094943
-17.188 3.125 -0.14618
-17.188 3.9063 -0.12752
-17.188 4.6875 -0.17457
-17.188 5.4688 -0.16288
-17.188 6.25 -0.060608
-17.188 7.0313 -0.056329
-17.188 7.8125 -0.11361
-17.188 8.5938 -0.11627
-17.188 9.375 -0.075248
-17.188 10.156 -0.047894
-17.188 10.938 -0.0078071
-17.188 11.719 0.024366
-17.188 12.5 0.010964
-17.188 13.281 -0.061489
-17.188 14.063 -0.082832
-17.188 14.844 -0.13841
-17.188 15.625 -0.11805
-17.188 16.406 -0.17443
-17.188 17.188 -0.16626
-17.188 17.969 -0.21993
-17.188 18.75 -0.27196
-17.188 19.531 -0.25535
-17.188 20.313 -0.19349
-17.188 21.094 -0.12784
-17.188 21.875 -0.035674
-17.188 22.656 -0.021203
-17.188 23.438 -0.024223
-17.188 24.219 -0.014271
-17.188 25 -0.087564
-16.406 -24.219 -0.20211
-16.406 -23.438 -0.23186
-16.406 -22.656 -0.28048
-16.406 -21.875 -0.34676
-16.406 -21.094 -0.28476
-16.406 -20.313 -0.18095
-16.406 -19.531 0.015187
-16.406 -18.75 0.11609
-16.406 -17.969 0.23002
-16.406 -17.188 0.3452
-16.406 -16.406 0.34808
-16.406 -15.625 0.2955
-16.406 -14.844 0.20271
-16.406 -14.063 0.093274
-16.406 -13.281 -0.010895
-16.406 -12.5 -0.058944
-16.406 -11.719 -0.14796
-16.406 -10.938 -0.10788
-16.406 -10.156 -0.014549
-16.406 -9.375 -0.01319
-16.406 -8.5938 0.050451
-16.406 -7.8125 0.10057
-16.406 -7.0313 -0.018802
-16.406 -6.25 -0.12696
-16.406 -5.4688 -0.095726
-16.406 -4.6875 0.025094
-16.406 -3.9063 0.14462
-16.406 -3.125 0.16783
-16.406 -2.3438 0.089847
-16.406 -1.5625 0.013667
-16.406 -0.78125 0.031321
-16.406 0 0.016458
-16.406 0.78125 0.024009
-16.406 1.5625 0.013892
-16.406 2.3438 -0.03128
-16.406 3.125 -0.070372
-16.406 3.9063 -0.081421
-16.406 4.6875 -0.17469
-16.406 5.4688 -0.15013
-16.406 6.25 -0.048521
-16.406 7.0313 -0.027527
-16.406 7.8125 -0.10771
-16.406 8.5938 -0.080021
-16.406 9.375 -0.00084567
-16.406 10.156 -0.032976
-16.406 10.938 0.031928
-16.406 11.719 0.0055247
-16.406 12.5 -0.026052
-16.406 13.281 -0.036325
-16.406 14.063 -0.028845
-16.406 14.844 -0.076027
-16.406 15.625 -0.1241
-16.406 16.406 -0.19924
-16.406 17.188 -0.22318
-16.406 17.969 -0.25406
-16.406 18.75 -0.25327
-16.406 19.531 -0.20776
-16.406 20.313 -0.13883
-16.406 21.094 -0.01432
-16.406 21.875 0.1078
-16.406 22.656 0.075694
-16.406 23.438 0.091983
-16.406 24.219 0.084005
-16.406 25 -0.028573
-15.625 -24.219 -0.10553
-15.625 -23.438 -0.2473
-15.625 -22.656 -0.28393
-15.625 -21.875 -0.31791
-15.625 -21.094 -0.16838
-15.625 -20.313 -0.047207
-15.625 -19.531 0.080069
-15.625 -18.75 0.14374
-15.625 -17.969 0.27344
-15.625 -17.188 0.41002
-15.625 -16.406 0.41845
-15.625 -15.625 0.34601
-15.625 -14.844 0.23161
-15.625 -14.063 0.12172
-15.625 -13.281 0.050299
-15.625 -12.5 0.014231
-15.625 -11.719 -0.064785
-15.625 -10.938 -0.099734
-15.625 -10.156 -0.02573
-15.625 -9.375 0.037073
-15.625 -8.5938 0.1529
-15.625 -7.8125 0.20752
-15.625 -7.0313 0.101
-15.625 -6.25 0.0037658
-15.625 -5.4688 -0.042519
-15.625 -4.6875 0.065358
-15.625 -3.9063 0.18235
-15.625 -3.125 0.22867
-15.625 -2.3438 0.17451
-15.625 -1.5625 0.050211
-15.625 -0.78125 0.022864
-15.625 0 0.079941
-15.625 0.78125 0.032312
-15.625 1.5625 0.032223
-15.625 2.3438 0.060469
-15.625 3.125 0.016425
-15.625 3.9063 -0.02695
-15.625 4.6875 -0.10336
-15.625 5.4688 -0.074632
-15.625 6.25 -0.011734
-15.625 7.0313 0.0030111
-15.625 7.8125 -0.090556
-15.625 8.5938 -0.067076
-15.625 9.375 0.032395
-15.625 10.156 0.050936
-15.625 10.938 0.083241
-15.625 11.719 0.0077756
-15.625 12.5 -0.012819
-15.625 13.281 0.028933
-15.625 14.063 -0.05706
-15.625 14.844 -0.086544
-15.625 15.625 -0.1396
-15.625 16.406 -0.20895
-15.625 17.188 -0.22156
-15.625 17.969 -0.22963
-15.625 18.75 -0.20212
-15.625 19.531 -0.073219
-15.625 20.313 -0.061046
-15.625 21.094 0.04665
-15.625 21.875 0.16885
-15.625 22.656 0.19796
-15.625 23.438 0.25208
-15.625 24.219 0.21184
-15.625 25 0.067346
-14.844 -24.219 -0.02903
-14.844 -23.438 -0.1399
-14.844 -22.656 -0.24529
-14.844 -21.875 -0.22095
-14.844 -21.094 -0.055732
-14.844 -20.313 0.039773
-14.844 -19.531 0.14247
-14.844 -18.75 0.24412
-14.844 -17.969 0.33082
-14.844 -17.188 0.39707
-14.844 -16.406 0.45055
-14.844 -15.625 0.4367
-14.844 -14.844 0.29024
-14.844 -14.063 0.14542
-14.844 -13.281 0.057804
-14.844 -12.5 0.012717
-14.844 -11.719 -0.074929
-14.844 -10.938 -0.11661
-14.844 -10.156 -0.14374
-14.844 -9.375 0.0059938
-14.844 -8.5938 0.18807
-14.844 -7.8125 0.24806
-14.844 -7.0313 0.20618
-14.844 -6.25 0.057276
-14.844 -5.4688 -0.055456
-14.844 -4.6875 -0.0079784
-14.844 -3.9063 0.094608
-14.844 -3.125 0.15351
-14.844 -2.3438 0.12478
-14.844 -1.5625 0.04453
-14.844 -0.78125 0.039754
-14.844 0 0.098639
-14.844 0.78125 0.053302
-14.844 1.5625 0.07552
-14.844 2.3438 0.047378
-14.844 3.125 -0.031933
-14.844 3.9063 -0.052119
-14.844 4.6875 -0.09457
-14.844 5.4688 -0.03682
-14.844 6.25 0.007752
-14.844 7.0313 -0.0028576
-14.844 7.8125 -0.071902
-14.844 8.5938 -0.019794
-14.844 9.375 0.07321
-14.844 10.156 0.1039
-14.844 10.938 0.13159
-14.844 11.719 0.063219
-14.844 12.5 0.093043
-14.844 13.281 0.11379
-14.844 14.063 -0.0029753
-14.844 14.844 -0.11733
-14.844 15.625 -0.18202
-14.844 16.406 -0.20863
-14.844 17.188 -0.18531
-14.844 17.969 -0.2326
-14.844 18.75 -0.17121
-14.844 19.531 -0.04836
-14.844 20.313 0.031964
-14.844 21.094 0.1665
-14.844 21.875 0.30512
-14.844 22.656 0.35197
-14.844 23.438 0.34789
-14.844 24.219 0.29744
-14.844 25 0.13819
-14.063 -24.219 0.020221
-14.063 -23.438 -0.055016
-14.063 -22.656 -0.14657
-14.063 -21.875 -0.15641
-14.063 -21.094 -0.010396
-14.063 -20.313 0.090787
-14.063 -19.531 0.17929
-14.063 -18.75 0.36726
-14.063 -17.969 0.38862
-14.063 -17.188 0.37677
-14.063 -16.406 0.417
-14.063 -15.625 0.43534
-14.063 -14.844 0.29149
-14.063 -14.063 0.15548
-14.063 -13.281 0.11153
-14.063 -12.5 -0.074986
-14.063 -11.719 -0.16936
-14.063 -10.938 -0.17672
-14.063 -10.156 -0.13968
-14.063 -9.375 0.096535
-14.063 -8.5938 0.28292
-14.063 -7.8125 0.29721
-14.063 -7.0313 0.23249
-14.063 -6.25 0.061742
-14.063 -5.4688 -0.03568
-14.063 -4.6875 -0.008594
-14.063 -3.9063 0.071461
-14.063 -3.125 0.089576
-14.063 -2.3438 0.03981
-14.063 -1.5625 0.024944
-14.063 -0.78125 0.055614
-14.063 0 0.099113
-14.063 0.78125 0.11548
-14.063 1.5625 0.15598
-14.063 2.3438 0.077365
-14.063 3.125 -0.058407
-14.063 3.9063 -0.070567
-14.063 4.6875 -0.087416
-14.063 5.4688 -0.036832
-14.063 6.25 -0.010845
-14.063 7.0313 -0.028801
-14.063 7.8125 -0.053807
-14.063 8.5938 0.042723
-14.063 9.375 0.09073
-14.063 10.156 0.10015
-14.063 10.938 0.1009
-14.063 11.719 0.10691
-14.063 12.5 0.22704
-14.063 13.281 0.1622
-14.063 14.063 -0.0036923
-14.063 14.844 -0.16278
-14.063 15.625 -0.24035
-14.063 16.406 -0.19233
-14.063 17.188 -0.1799
-14.063 17.969 -0.19324
-14.063 18.75 -0.11577
-14.063 19.531 0.016315
-14.063 20.313 0.16141
-14.063 21.094 0.27006
-14.063 21.875 0.37092
-14.063 22.656 0.41576
-14.063 23.438 0.3992
-14.063 24.219 0.24072
-14.063 25 0.031283
-13.281 -24.219 0.021049
-13.281 -23.438 -0.061733
-13.281 -22.656 -0.14645
-13.281 -21.875 -0.10633
-13.281 -21.094 0.077201
-13.281 -20.313 0.18495
-13.281 -19.531 0.24196
-13.281 -18.75 0.36117
-13.281 -17.969 0.40373
-13.281 -17.188 0.34747
-13.281 -16.406 0.38658
-13.281 -15.625 0.46292
-13.281 -14.844 0.30298
-13.281 -14.063 0.17391
-13.281 -13.281 0.080595
-13.281 -12.5 -0.16062
-13.281 -11.719 -0.23233
-13.281 -10.938 -0.18646
-13.281 -10.156 -0.079415
-13.281 -9.375 0.17937
-13.281 -8.5938 0.29242
-13.281 -7.8125 0.36156
-13.281 -7.0313 0.32565
-13.281 -6.25 0.1201
-13.281 -5.4688 0.010559
-13.281 -4.6875 0.0073994
-13.281 -3.9063 0.040512
-13.281 -3.125 0.050909
-13.281 -2.3438 0.099328
-13.281 -1.5625 0.10562
-13.281 -0.78125 0.13925
-13.281 0 0.11596
-13.281 0.78125 0.12935
-13.281 1.5625 0.17491
-13.281 2.3438 0.10821
-13.281 3.125 -0.011127
-13.281 3.9063 -0.062933
-13.281 4.6875 -0.038999
-13.281 5.4688 -0.024544
-13.281 6.25 -0.025444
-13.281 7.0313 -0.02781
-13.281 7.8125 0.020776
-13.281 8.5938 0.077859
-13.281 9.375 0.1268
-13.281 10.156 0.14688
-13.281 10.938 0.16281
-13.281 11.719 0.16253
-13.281 12.5 0.24807
-13.281 13.281 0.22639
-13.281 14.063 0.019406
-13.281 14.844 -0.1966
-13.281 15.625 -0.23561
-13.281 16.406 -0.19841
-13.281 17.188 -0.20903
-13.281 17.969 -0.17081
-13.281 18.75 -0.065763
-13.281 19.531 0.08677
-13.281 20.313 0.1928
-13.281 21.094 0.30819
-13.281 21.875 0.47904
-13.281 22.656 0.51145
-13.281 23.438 0.42896
-13.281 24.219 0.20817
-13.281 25 0.038051
-12.5 -24.219 -0.0087687
-12.5 -23.438 -0.10451
-12.5 -22.656 -0.11717
-12.5 -21.875 -0.041151
-12.5 -21.094 0.10026
-12.5 -20.313 0.19552
-12.5 -19.531 0.25431
-12.5 -18.75 0.33794
-12.5 -17.969 0.36807
-12.5 -17.188 0.29126
-12.5 -16.406 0.37362
-12.5 -15.625 0.41884
-12.5 -14.844 0.31934
-12.5 -14.063 0.21925
-12.5 -13.281 0.025324
-12.5 -12.5 -0.1802
-12.5 -11.719 -0.22145
-12.5 -10.938 -0.14431
-12.5 -10.156 -0.047807
-12.5 -9.375 0.16989
-12.5 -8.5938 0.28964
-12.5 -7.8125 0.3503
-12.5 -7.0313 0.29235
-12.5 -6.25 0.09926
-12.5 -5.4688 0.026983
-12.5 -4.6875 0.0080453
-12.5 -3.9063 0.022574
-12.5 -3.125 0.043221
-12.5 -2.3438 0.12439
-12.5 -1.5625 0.16458
-12.5 -0.78125 0.23174
-12.5 0 0.15953
-12.5 0.78125 0.15107
-12.5 1.5625 0.20319
-12.5 2.3438 0.11301
-12.5 3.125 -0.00887
-12.5 3.9063 -0.024672
-12.5 4.6875 0.0090065
-12.5 5.4688 -0.046216
-12.5 6.25 -0.076982
-12.5 7.0313 -0.04305
-12.5 7.8125 0.022295
-12.5 8.5938 0.098646
-12.5 9.375 0.15466
-12.5 10.156 0.20826
-12.5 10.938 0.1813
-12.5 11.719 0.18078
-12.5 12.5 0.22722
-12.5 13.281 0.22833
-12.5 14.063 0.046883
-12.5 14.844 -0.16944
-12.5 15.625 -0.20579
-12.5 16.406 -0.21689
-12.5 17.188 -0.23801
-12.5 17.969 -0.16358
-12.5 18.75 -0.071354
-12.5 19.531 0.067817
-12.5 20.313 0.25172
-12.5 21.094 0.37788
-12.5 21.875 0.5138
-12.5 22.656 0.50757
-12.5 23.438 0.31084
-12.5 24.219 0.074404
-12.5 25 -0.0020792
-11.719 -24.219 -0.034776
-11.719 -23.438 -0.087955
-11.719 -22.656 -0.05013
-11.719 -21.875 0.028298
-11.719 -21.094 0.1131
-11.719 -20.313 0.20724
-11.719 -19.531 0.24043
-11.719 -18.75 0.32534
-11.719 -17.969 0.33791
-11.719 -17.188 0.29374
-11.719 -16.406 0.35811
-11.719 -15.625 0.39551
-11.719 -14.844 0.37317
-11.719 -14.063 0.28934
-11.719 -13.281 0.044751
-11.719 -12.5 -0.14453
-11.719 -11.719 -0.2193
-11.719 -10.938 -0.17967
-11.719 -10.156 -0.030715
-11.719 -9.375 0.19492
-11.719 -8.5938 0.30746
-11.719 -7.8125 0.32014
-11.719 -7.0313 0.21404
-11.719 -6.25 0.037317
-11.719 -5.4688 -0.080245
-11.719 -4.6875 -0.03884
-11.719 -3.9063 0.031151
-11.719 -3.125 0.049617
-11.719 -2.3438 0.14641
-11.719 -1.5625 0.24917
-11.719 -0.78125 0.22493
-11.719 0 0.18011
-11.719 0.78125 0.14148
-11.719 1.5625 0.16241
-11.719 2.3438 0.084352
-11.719 3.125 -0.016039
-11.719 3.9063 -0.053768
-11.719 4.6875 0.010081
-11.719 5.4688 -0.022004
-11.719 6.25 -0.081013
-11.719 7.0313 -0.12226
-11.719 7.8125 -0.036641
-11.719 8.5938 0.083691
-11.719 9.375 0.11043
-11.719 10.156 0.24545
-11.719 10.938 0.22244
-11.719 11.719 0.14875
-11.719 12.5 0.2131
-11.719 13.281 0.15509
-11.719 14.063 -0.0054105
-11.719 14.844 -0.21672
-11.719 15.625 -0.26205
-11.719 16.406 -0.1721
-11.719 17.188 -0.18108
-11.719 17.969 -0.083014
-11.719 18.75 -0.048362
-11.719 19.531 0.093336
-11.719 20.313 0.28481
-11.719 21.094 0.40904
-11.719 21.875 0.46471
-11.719 22.656 0.44394
-11.719 23.438 0.22308
-11.719 24.219 0.077652
-11.719 25 -0.00047975
-10.938 -24.219 -0.071863
-10.938 -23.438 -0.047878
-10.938 -22.656 0.048357
-10.938 -21.875 0.17418
-10.938 -21.094 0.22329
-10.938 -20.313 0.19395
-10.938 -19.531 0.17498
-10.938 -18.75 0.30642
-10.938 -17.969 0.32538
-10.938 -17.188 0.25585
-10.938 -16.406 0.33909
-10.938 -15.625 0.40044
-10.938 -14.844 0.37945
-10.938 -14.063 0.26179
-10.938 -13.281 0.013435
-10.938 -12.5 -0.14679
-10.938 -11.719 -0.15266
-10.938 -10.938 -0.088977
-10.938 -10.156 0.03027
-10.938 -9.375 0.20253
-10.938 -8.5938 0.3591
-10.938 -7.8125 0.32023
-10.938 -7.0313 0.15398
-10.938 -6.25 0.0011798
-10.938 -5.4688 -0.18353
-10.938 -4.6875 -0.19389
-10.938 -3.9063 -0.10168
-10.938 -3.125 0.030404
-10.938 -2.3438 0.18557
-10.938 -1.5625 0.2754
-10.938 -0.78125 0.23001
-10.938 0 0.20147
-10.938 0.78125 0.18299
-10.938 1.5625 0.16261
-10.938 2.3438 0.070179
-10.938 3.125 -0.031115
-10.938 3.9063 -0.073791
-10.938 4.6875 0.0075266
-10.938 5.4688 0.028504
-10.938 6.25 -0.050395
-10.938 7.0313 -0.12756
-10.938 7.8125 -0.057894
-10.938 8.5938 0.036144
-10.938 9.375 0.090528
-10.938 10.156 0.23599
-10.938 10.938 0.23808
-10.938 11.719 0.1454
-10.938 12.5 0.2012
-10.938 13.281 0.085961
-10.938 14.063 -0.048952
-10.938 14.844 -0.18489
-10.938 15.625 -0.21438
-10.938 16.406 -0.1497
-10.938 17.188 -0.077187
-10.938 17.969 0.04546
-10.938 18.75 0.079551
-10.938 19.531 0.14939
-10.938 20.313 0.25455
-10.938 21.094 0.35372
-10.938 21.875 0.3838
-10.938 22.656 0.38509
-10.938 23.438 0.22431
-10.938 24.219 0.078504
-10.938 25 -0.0032477
-10.156 -24.219 -0.059218
-10.156 -23.438 0.01193
-10.156 -22.656 0.095027
-10.156 -21.875 0.22415
-10.156 -21.094 0.23414
-10.156 -20.313 0.18308
-10.156 -19.531 0.14877
-10.156 -18.75 0.21445
-10.156 -17.969 0.23441
-10.156 -17.188 0.25162
-10.156 -16.406 0.31048
-10.156 -15.625 0.36781
-10.156 -14.844 0.30033
-10.156 -14.063 0.11592
-10.156 -13.281 -0.09791
-10.156 -12.5 -0.17661
-10.156 -11.719 -0.12556
-10.156 -10.938 0.022321
-10.156 -10.156 0.13705
-10.156 -9.375 0.23825
-10.156 -8.5938 0.318
-10.156 -7.8125 0.2563
-10.156 -7.0313 0.095606
-10.156 -6.25 -0.11422
-10.156 -5.4688 -0.28198
-10.156 -4.6875 -0.28127
-10.156 -3.9063 -0.17628
-10.156 -3.125 0.014756
-10.156 -2.3438 0.19432
-10.156 -1.5625 0.25278
-10.156 -0.78125 0.308
-10.156 0 0.27665
-10.156 0.78125 0.22716
-10.156 1.5625 0.18899
-10.156 2.3438 0.054986
-10.156 3.125 -0.052105
-10.156 3.9063 -0.079327
-10.156 4.6875 -0.022855
-10.156 5.4688 -0.0035266
-10.156 6.25 0.0062322
-10.156 7.0313 -0.12687
-10.156 7.8125 -0.077746
-10.156 8.5938 0.0058447
-10.156 9.375 0.043701
-10.156 10.156 0.15983
-10.156 10.938 0.20188
-10.156 11.719 0.12691
-10.156 12.5 0.095479
-10.156 13.281 -0.034837
-10.156 14.063 -0.11061
-10.156 14.844 -0.19336
-10.156 15.625 -0.14766
-10.156 16.406 -0.10816
-10.156 17.188 0.0072903
-10.156 17.969 0.097473
-10.156 18.75 0.13985
-10.156 19.531 0.15587
-10.156 20.313 0.20606
-10.156 21.094 0.27256
-10.156 21.875 0.27522
-10.156 22.656 0.26711
-10.156 23.438 0.13455
-10.156 24.219 -0.0062236
-10.156 25 -0.049291
-9.375 -24.219 -0.0026427
-9.375 -23.438 0.088688
-9.375 -22.656 0.12841
-9.375 -21.875 0.18719
-9.375 -21.094 0.13819
-9.375 -20.313 0.15948
-9.375 -19.531 0.16165
-9.375 -18.75 0.088859
-9.375 -17.969 0.10466
-9.375 -17.188 0.19892
-9.375 -16.406 0.24952
-9.375 -15.625 0.27026
-9.375 -14.844 0.17251
-9.375 -14.063 -0.045489
-9.375 -13.281 -0.18787
-9.375 -12.5 -0.1604
-9.375 -11.719 -0.0048704
-9.375 -10.938 0.1687
-9.375 -10.156 0.22348
-9.375 -9.375 0.24044
-9.375 -8.5938 0.17037
-9.375 -7.8125 0.11147
-9.375 -7.0313 -0.03509
-9.375 -6.25 -0.21466
-9.375 -5.4688 -0.3843
-9.375 -4.6875 -0.39317
-9.375 -3.9063 -0.22427
-9.375 -3.125 0.0023139
-9.375 -2.3438 0.18403
-9.375 -1.5625 0.28439
-9.375 -0.78125 0.34503
-9.375 0 0.25344
-9.375 0.78125 0.11045
-9.375 1.5625 0.062355
-9.375 2.3438 -0.034855
-9.375 3.125 -0.15047
-9.375 3.9063 -0.12957
-9.375 4.6875 -0.048079
-9.375 5.4688 -0.04875
-9.375 6.25 -0.013565
-9.375 7.0313 -0.14018
-9.375 7.8125 -0.054227
-9.375 8.5938 0.044068
-9.375 9.375 0.045909
-9.375 10.156 0.069712
-9.375 10.938 0.14155
-9.375 11.719 0.073778
-9.375 12.5 -0.019044
-9.375 13.281 -0.096931
-9.375 14.063 -0.15205
-9.375 14.844 -0.24324
-9.375 15.625 -0.16834
-9.375 16.406 -0.053355
-9.375 17.188 0.11562
-9.375 17.969 0.16833
-9.375 18.75 0.15862
-9.375 19.531 0.10335
-9.375 20.313 0.14591
-9.375 21.094 0.18968
-9.375 21.875 0.14146
-9.375 22.656 0.10879
-9.375 23.438 0.076651
-9.375 24.219 -0.02722
-9.375 25 -0.091139
-8.5938 -24.219 0.069947
-8.5938 -23.438 0.16988
-8.5938 -22.656 0.17513
-8.5938 -21.875 0.1234
-8.5938 -21.094 0.09561
-8.5938 -20.313 0.1134
-8.5938 -19.531 0.072759
-8.5938 -18.75 0.04874
-8.5938 -17.969 0.056309
-8.5938 -17.188 0.072523
-8.5938 -16.406 0.11883
-8.5938 -15.625 0.1009
-8.5938 -14.844 -0.010619
-8.5938 -14.063 -0.12662
-8.5938 -13.281 -0.18164
-8.5938 -12.5 -0.17605
-8.5938 -11.719 0.018711
-8.5938 -10.938 0.20479
-8.5938 -10.156 0.2526
-8.5938 -9.375 0.14204
-8.5938 -8.5938 0.060234
-8.5938 -7.8125 -0.019608
-8.5938 -7.0313 -0.11117
-8.5938 -6.25 -0.22324
-8.5938 -5.4688 -0.44402
-8.5938 -4.6875 -0.49246
-8.5938 -3.9063 -0.27836
-8.5938 -3.125 -0.079696
-8.5938 -2.3438 0.12233
-8.5938 -1.5625 0.17938
-8.5938 -0.78125 0.26854
-8.5938 0 0.15576
-8.5938 0.78125 0.019424
-8.5938 1.5625 -0.074502
-8.5938 2.3438 -0.059598
-8.5938 3.125 -0.10799
-8.5938 3.9063 -0.1396
-8.5938 4.6875 -0.10759
-8.5938 5.4688 -0.044049
-8.5938 6.25 -0.10264
-8.5938 7.0313 -0.17436
-8.5938 7.8125 -0.099654
-8.5938 8.5938 0.018691
-8.5938 9.375 0.076884
-8.5938 10.156 0.052146
-8.5938 10.938 0.055502
-8.5938 11.719 0.043443
-8.5938 12.5 0.009746
-8.5938 13.281 -0.037769
-8.5938 14.063 -0.11727
-8.5938 14.844 -0.1577
-8.5938 15.625 -0.060048
-8.5938 16.406 0.042489
-8.5938 17.188 0.13007
-8.5938 17.969 0.17859
-8.5938 18.75 0.16799
-8.5938 19.531 0.12033
-8.5938 20.313 0.18041
-8.5938 21.094 0.16595
-8.5938 21.875 0.028519
-8.5938 22.656 0.052195
-8.5938 23.438 0.08454
-8.5938 24.219 -0.050235
-8.5938 25 -0.042873
-7.8125 -24.219 0.14183
-7.8125 -23.438 0.19908
-7.8125 -22.656 0.17777
-7.8125 -21.875 0.067221
-7.8125 -21.094 -0.014254
-7.8125 -20.313 0.034579
-7.8125 -19.531 -0.017351
-7.8125 -18.75 -0.042233
-7.8125 -17.969 0.023096
-7.8125 -17.188 0.0095347
-7.8125 -16.406 0.0070998
-7.8125 -15.625 0.016922
-7.8125 -14.844 -0.075046
-7.8125 -14.063 -0.14913
-7.8125 -13.281 -0.19008
-7.8125 -12.5 -0.18192
-7.8125 -11.719 0.021426
-7.8125 -10.938 0.23539
-7.8125 -10.156 0.25728
-7.8125 -9.375 0.064633
-7.8125 -8.5938 -0.027689
-7.8125 -7.8125 -0.10293
-7.8125 -7.0313 -0.11463
-7.8125 -6.25 -0.23497
-7.8125 -5.4688 -0.45764
-7.8125 -4.6875 -0.48154
-7.8125 -3.9063 -0.30011
-7.8125 -3.125 -0.10955
-7.8125 -2.3438 0.021153
-7.8125 -1.5625 0.12231
-7.8125 -0.78125 0.15188
-7.8125 0 0.1159
-7.8125 0.78125 0.0046594
-7.8125 1.5625 -0.085136
-7.8125 2.3438 -0.065592
-7.8125 3.125 -0.13579
-7.8125 3.9063 -0.14983
-7.8125 4.6875 -0.087852
-7.8125 5.4688 -0.071329
-7.8125 6.25 -0.081232
-7.8125 7.0313 -0.13473
-7.8125 7.8125 -0.084669
-7.8125 8.5938 0.045299
-7.8125 9.375 0.10807
-7.8125 10.156 0.075802
-7.8125 10.938 -0.0030178
-7.8125 11.719 -0.015971
-7.8125 12.5 0.021692
-7.8125 13.281 -0.019756
-7.8125 14.063 -0.050176
-7.8125 14.844 -0.068601
-7.8125 15.625 0.0018333
-7.8125 16.406 0.10447
-7.8125 17.188 0.14256
-7.8125 17.969 0.14398
-7.8125 18.75 0.12186
-7.8125 19.531 0.12158
-7.8125 20.313 0.16244
-7.8125 21.094 0.13498
-7.8125 21.875 -0.027856
-7.8125 22.656 -0.025222
-7.8125 23.438 0.0030924
-7.8125 24.219 -0.025794
-7.8125 25 0.035356
-7.0313 -24.219 0.087572
-7.0313 -23.438 0.1141
-7.0313 -22.656 0.10696
-7.0313 -21.875 -0.023173
-7.0313 -21.094 -0.074202
-7.0313 -20.313 -0.049543
-7.0313 -19.531 -0.024462
-7.0313 -18.75 -0.06333
-7.0313 -17.969 -0.063139
-7.0313 -17.188 -0.076879
-7.0313 -16.406 -0.049105
-7.0313 -15.625 -0.015541
-7.0313 -14.844 -0.10128
-7.0313 -14.063 -0.20866
-7.0313 -13.281 -0.23186
-7.0313 -12.5 -0.15894
-7.0313 -11.719 0.077667
-7.0313 -10.938 0.23172
-7.0313 -10.156 0.22799
-7.0313 -9.375 0.023574
-7.0313 -8.5938 -0.083045
-7.0313 -7.8125 -0.14757
-7.0313 -7.0313 -0.20941
-7.0313 -6.25 -0.29822
-7.0313 -5.4688 -0.3736
-7.0313 -4.6875 -0.36497
-7.0313 -3.9063 -0.23491
-7.0313 -3.125 -0.10256
-7.0313 -2.3438 0.011958
-7.0313 -1.5625 0.07475
-7.0313 -0.78125 0.08799
-7.0313 0 0.043218
-7.0313 0.78125 -0.099496
-7.0313 1.5625 -0.17865
-7.0313 2.3438 -0.122
-7.0313 3.125 -0.15328
-7.0313 3.9063 -0.14921
-7.0313 4.6875 -0.020509
-7.0313 5.4688 -0.031849
-7.0313 6.25 -0.10405
-7.0313 7.0313 -0.12387
-7.0313 7.8125 -0.093433
-7.0313 8.5938 0.02651
-7.0313 9.375 0.098372
-7.0313 10.156 0.075213
-7.0313 10.938 -0.034271
-7.0313 11.719 -0.058195
-7.0313 12.5 -0.0019448
-7.0313 13.281 -0.023596
-7.0313 14.063 -0.075045
-7.0313 14.844 -0.01651
-7.0313 15.625 0.070761
-7.0313 16.406 0.09237
-7.0313 17.188 0.10903
-7.0313 17.969 0.082805
-7.0313 18.75 0.072529
-7.0313 19.531 0.1059
-7.0313 20.313 0.11809
-7.0313 21.094 0.047067
-7.0313 21.875 -0.094292
-7.0313 22.656 -0.077812
-7.0313 23.438 -0.0087945
-7.0313 24.219 0.031604
-7.0313 25 0.073532
-6.25 -24.219 0.011746
-6.25 -23.438 0.012744
-6.25 -22.656 -0.0045241
-6.25 -21.875 -0.072893
-6.25 -21.094 -0.11435
-6.25 -20.313 -0.097466
-6.25 -19.531 -0.038489
-6.25 -18.75 -0.046284
-6.25 -17.969 -0.053008
-6.25 -17.188 -0.10402
-6.25 -16.406 -0.10623
-6.25 -15.625 -0.10157
-6.25 -14.844 -0.11744
-6.25 -14.063 -0.17332
-6.25 -13.281 -0.16487
-6.25 -12.5 -0.061916
-6.25 -11.719 0.09621
-6.25 -10.938 0.15336
-6.25 -10.156 0.10438
-6.25 -9.375 -0.046636
-6.25 -8.5938 -0.12174
-6.25 -7.8125 -0.19437
-6.25 -7.0313 -0.26939
-6.25 -6.25 -0.27022
-6.25 -5.4688 -0.22995
-6.25 -4.6875 -0.21468
-6.25 -3.9063 -0.15513
-6.25 -3.125 -0.086435
-6.25 -2.3438 0.034997
-6.25 -1.5625 0.06718
-6.25 -0.78125 0.05768
-6.25 0 -0.033183
-6.25 0.78125 -0.24237
-6.25 1.5625 -0.27544
-6.25 2.3438 -0.10053
-6.25 3.125 -0.10424
-6.25 3.9063 -0.11808
-6.25 4.6875 -0.0025467
-6.25 5.4688 0.018919
-6.25 6.25 -0.097974
-6.25 7.0313 -0.1513
-6.25 7.8125 -0.14846
-6.25 8.5938 -0.02308
-6.25 9.375 0.017266
-6.25 10.156 -0.00029312
-6.25 10.938 -0.047666
-6.25 11.719 -0.013679
-6.25 12.5 0.043933
-6.25 13.281 0.00064877
-6.25 14.063 -0.029094
-6.25 14.844 0.020986
-6.25 15.625 0.14788
-6.25 16.406 0.10909
-6.25 17.188 0.055912
-6.25 17.969 0.056444
-6.25 18.75 0.024331
-6.25 19.531 -0.0098113
-6.25 20.313 0.038305
-6.25 21.094 -0.039215
-6.25 21.875 -0.077177
-6.25 22.656 0.0096535
-6.25 23.438 0.060207
-6.25 24.219 0.042627
-6.25 25 0.057778
-5.4688 -24.219 3.8275e-05
-5.4688 -23.438 -0.011341
-5.4688 -22.656 -0.056644
-5.4688 -21.875 -0.092224
-5.4688 -21.094 -0.12093
-5.4688 -20.313 -0.12445
-5.4688 -19.531 -0.14139
-5.4688 -18.75 -0.065146
-5.4688 -17.969 -0.014032
-5.4688 -17.188 -0.048906
-5.4688 -16.406 -0.11559
-5.4688 -15.625 -0.098769
-5.4688 -14.844 -0.065796
-5.4688 -14.063 -0.085111
-5.4688 -13.281 -0.018654
-5.4688 -12.5 0.067012
-5.4688 -11.719 0.16531
-5.4688 -10.938 0.097965
-5.4688 -10.156 -0.056517
-5.4688 -9.375 -0.17461
-5.4688 -8.5938 -0.22572
-5.4688 -7.8125 -0.27699
-5.4688 -7.0313 -0.30666
-5.4688 -6.25 -0.20897
-5.4688 -5.4688 -0.10409
-5.4688 -4.6875 -0.048128
-5.4688 -3.9063 -0.027982
-5.4688 -3.125 0.0057654
-5.4688 -2.3438 0.075564
-5.4688 -1.5625 0.046427
-5.4688 -0.78125 -0.017853
-5.4688 0 -0.13124
-5.4688 0.78125 -0.33119
-5.4688 1.5625 -0.35392
-5.4688 2.3438 -0.19399
-5.4688 3.125 -0.094216
-5.4688 3.9063 -0.026817
-5.4688 4.6875 0.055335
-5.4688 5.4688 0.078874
-5.4688 6.25 -0.1074
-5.4688 7.0313 -0.17065
-5.4688 7.8125 -0.14759
-5.4688 8.5938 -0.057749
-5.4688 9.375 -0.0073936
-5.4688 10.156 -0.035279
-5.4688 10.938 -0.087772
-5.4688 11.719 0.033701
-5.4688 12.5 0.067517
-5.4688 13.281 0.023093
-5.4688 14.063 0.032987
-5.4688 14.844 0.0799
-5.4688 15.625 0.13344
-5.4688 16.406 0.03961
-5.4688 17.188 -0.0076027
-5.4688 17.969 0.043292
-5.4688 18.75 0.022277
-5.4688 19.531 -0.0062301
-5.4688 20.313 -0.026266
-5.4688 21.094 -0.061584
-5.4688 21.875 -0.057666
-5.4688 22.656 0.058599
-5.4688 23.438 0.038063
-5.4688 24.219 0.058167
-5.4688 25 0.089783
-4.6875 -24.219 -0.026356
-4.6875 -23.438 -0.025704
-4.6875 -22.656 -0.084229
-4.6875 -21.875 -0.084263
-4.6875 -21.094 -0.059241
-4.6875 -20.313 -0.10877
-4.6875 -19.531 -0.17483
-4.6875 -18.75 -0.11619
-4.6875 -17.969 -0.09142
-4.6875 -17.188 -0.066026
-4.6875 -16.406 -0.13041
-4.6875 -15.625 -0.11275
-4.6875 -14.844 -0.07273
-4.6875 -14.063 -0.038116
-4.6875 -13.281 0.0080943
-4.6875 -12.5 0.049911
-4.6875 -11.719 0.07112
-4.6875 -10.938 -0.0032798
-4.6875 -10.156 -0.11614
-4.6875 -9.375 -0.21838
-4.6875 -8.5938 -0.27929
-4.6875 -7.8125 -0.3336
-4.6875 -7.0313 -0.32487
-4.6875 -6.25 -0.18807
-4.6875 -5.4688 -0.045715
-4.6875 -4.6875 0.062295
-4.6875 -3.9063 0.075656
-4.6875 -3.125 0.080285
-4.6875 -2.3438 0.023946
-4.6875 -1.5625 -0.0035225
-4.6875 -0.78125 -0.095704
-4.6875 0 -0.19934
-4.6875 0.78125 -0.37717
-4.6875 1.5625 -0.38204
-4.6875 2.3438 -0.25492
-4.6875 3.125 -0.079246
-4.6875 3.9063 0.06655
-4.6875 4.6875 0.12924
-4.6875 5.4688 0.10708
-4.6875 6.25 -0.089599
-4.6875 7.0313 -0.19926
-4.6875 7.8125 -0.14135
-4.6875 8.5938 -0.14468
-4.6875 9.375 -0.097192
-4.6875 10.156 -0.088338
-4.6875 10.938 -0.11166
-4.6875 11.719 -0.012343
-4.6875 12.5 -0.023884
-4.6875 13.281 -0.051219
-4.6875 14.063 -0.028852
-4.6875 14.844 0.096332
-4.6875 15.625 0.099829
-4.6875 16.406 0.0061054
-4.6875 17.188 0.010226
-4.6875 17.969 0.0084821
-4.6875 18.75 0.01185
-4.6875 19.531 -0.015592
-4.6875 20.313 -0.062367
-4.6875 21.094 -0.078845
-4.6875 21.875 -0.064266
-4.6875 22.656 -0.020489
-4.6875 23.438 -0.016033
-4.6875 24.219 0.022925
-4.6875 25 0.02995
-3.9063 -24.219 -0.02512
-3.9063 -23.438 -0.033491
-3.9063 -22.656 -0.068225
-3.9063 -21.875 -0.069015
-3.9063 -21.094 -0.027759
-3.9063 -20.313 -0.11454
-3.9063 -19.531 -0.2132
-3.9063 -18.75 -0.17706
-3.9063 -17.969 -0.16653
-3.9063 -17.188 -0.14652
-3.9063 -16.406 -0.16197
-3.9063 -15.625 -0.13304
-3.9063 -14.844 -0.039927
-3.9063 -14.063 0.00072094
-3.9063 -13.281 0.013465
-3.9063 -12.5 0.030804
-3.9063 -11.719 -0.032182
-3.9063 -10.938 -0.10785
-3.9063 -10.156 -0.12806
-3.9063 -9.375 -0.26323
-3.9063 -8.5938 -0.31337
-3.9063 -7.8125 -0.32029
-3.9063 -7.0313 -0.31926
-3.9063 -6.25 -0.1672
-3.9063 -5.4688 0.016224
-3.9063 -4.6875 0.10062
-3.9063 -3.9063 0.11383
-3.9063 -3.125 0.1061
-3.9063 -2.3438 0.051899
-3.9063 -1.5625 0.013684
-3.9063 -0.78125 -0.10094
-3.9063 0 -0.25704
-3.9063 0.78125 -0.39434
-3.9063 1.5625 -0.37615
-3.9063 2.3438 -0.22346
-3.9063 3.125 -0.044437
-3.9063 3.9063 0.12777
-3.9063 4.6875 0.17338
-3.9063 5.4688 0.11445
-3.9063 6.25 -0.042395
-3.9063 7.0313 -0.17356
-3.9063 7.8125 -0.16501
-3.9063 8.5938 -0.15368
-3.9063 9.375 -0.17575
-3.9063 10.156 -0.13299
-3.9063 10.938 -0.10936
-3.9063 11.719 -0.14237
-3.9063 12.5 -0.11581
-3.9063 13.281 -0.13745
-3.9063 14.063 -0.063927
-3.9063 14.844 0.057222
-3.9063 15.625 0.046778
-3.9063 16.406 -0.00094085
-3.9063 17.188 0.0030379
-3.9063 17.969 0.02097
-3.9063 18.75 -0.040622
-3.9063 19.531 -0.10703
-3.9063 20.313 -0.084264
-3.9063 21.094 -0.14724
-3.9063 21.875 -0.11062
-3.9063 22.656 -0.039743
-3.9063 23.438 -0.026567
-3.9063 24.219 -0.062798
-3.9063 25 -0.016187
-3.125 -24.219 -0.014144
-3.125 -23.438 -0.066904
-3.125 -22.656 -0.070313
-3.125 -21.875 -0.080352
-3.125 -21.094 -0.089542
-3.125 -20.313 -0.17506
-3.125 -19.531 -0.19041
-3.125 -18.75 -0.17859
-3.125 -17.969 -0.1799
-3.125 -17.188 -0.17113
-3.125 -16.406 -0.17145
-3.125 -15.625 -0.1051
-3.125 -14.844 -0.012377
-3.125 -14.063 0.061545
-3.125 -13.281 0.089941
-3.125 -12.5 0.0033217
-3.125 -11.719 -0.082494
-3.125 -10.938 -0.1714
-3.125 -10.156 -0.20534
-3.125 -9.375 -0.23824
-3.125 -8.5938 -0.27787
-3.125 -7.8125 -0.26508
-3.125 -7.0313 -0.26984
-3.125 -6.25 -0.11851
-3.125 -5.4688 0.010324
-3.125 -4.6875 0.08846
-3.125 -3.9063 0.13142
-3.125 -3.125 0.10882
-3.125 -2.3438 0.069054
-3.125 -1.5625 0.05798
-3.125 -0.78125 -0.073311
-3.125 0 -0.21418
-3.125 0.78125 -0.34767
-3.125 1.5625 -0.34886
-3.125 2.3438 -0.1771
-3.125 3.125 -0.014738
-3.125 3.9063 0.12992
-3.125 4.6875 0.16807
-3.125 5.4688 0.13565
-3.125 6.25 0.010297
-3.125 7.0313 -0.15106
-3.125 7.8125 -0.21505
-3.125 8.5938 -0.14774
-3.125 9.375 -0.16803
-3.125 10.156 -0.11316
-3.125 10.938 -0.11639
-3.125 11.719 -0.21598
-3.125 12.5 -0.20258
-3.125 13.281 -0.23499
-3.125 14.063 -0.16585
-3.125 14.844 -0.029444
-3.125 15.625 0.014218
-3.125 16.406 0.013649
-3.125 17.188 0.029596
-3.125 17.969 -0.042284
-3.125 18.75 -0.14008
-3.125 19.531 -0.16319
-3.125 20.313 -0.14178
-3.125 21.094 -0.1744
-3.125 21.875 -0.11414
-3.125 22.656 -0.053156
-3.125 23.438 -0.030211
-3.125 24.219 -0.035383
-3.125 25 -0.010626
-2.3438 -24.219 0.011737
-2.3438 -23.438 -0.044052
-2.3438 -22.656 -0.077927
-2.3438 -21.875 -0.1567
-2.3438 -21.094 -0.18836
-2.3438 -20.313 -0.19867
-2.3438 -19.531 -0.19667
-2.3438 -18.75 -0.1842
-2.3438 -17.969 -0.17146
-2.3438 -17.188 -0.091478
-2.3438 -16.406 -0.099354
-2.3438 -15.625 -0.092918
-2.3438 -14.844 -0.039759
-2.3438 -14.063 0.084731
-2.3438 -13.281 0.15277
-2.3438 -12.5 0.044448
-2.3438 -11.719 -0.051139
-2.3438 -10.938 -0.18527
-2.3438 -10.156 -0.23871
-2.3438 -9.375 -0.22091
-2.3438 -8.5938 -0.27841
-2.3438 -7.8125 -0.29301
-2.3438 -7.0313 -0.24232
-2.3438 -6.25 -0.10192
-2.3438 -5.4688 -0.0051971
-2.3438 -4.6875 0.065962
-2.3438 -3.9063 0.079636
-2.3438 -3.125 0.058904
-2.3438 -2.3438 0.10493
-2.3438 -1.5625 0.11672
-2.3438 -0.78125 0.010142
-2.3438 0 -0.18076
-2.3438 0.78125 -0.34559
-2.3438 1.5625 -0.25646
-2.3438 2.3438 -0.09641
-2.3438 3.125 0.038629
-2.3438 3.9063 0.12211
-2.3438 4.6875 0.1158
-2.3438 5.4688 0.10055
-2.3438 6.25 0.023862
-2.3438 7.0313 -0.12875
-2.3438 7.8125 -0.1645
-2.3438 8.5938 -0.11829
-2.3438 9.375 -0.12539
-2.3438 10.156 -0.034257
-2.3438 10.938 -0.034301
-2.3438 11.719 -0.092644
-2.3438 12.5 -0.22421
-2.3438 13.281 -0.31649
-2.3438 14.063 -0.22763
-2.3438 14.844 -0.083194
-2.3438 15.625 -0.034814
-2.3438 16.406 -0.0010143
-2.3438 17.188 -0.0063977
-2.3438 17.969 -0.096536
-2.3438 18.75 -0.17213
-2.3438 19.531 -0.19703
-2.3438 20.313 -0.18899
-2.3438 21.094 -0.15579
-2.3438 21.875 -0.084213
-2.3438 22.656 -0.047486
-2.3438 23.438 -0.020755
-2.3438 24.219 -0.0075535
-2.3438 25 0.020283
-1.5625 -24.219 0.015332
-1.5625 -23.438 -0.041107
-1.5625 -22.656 -0.096677
-1.5625 -21.875 -0.20843
-1.5625 -21.094 -0.19334
-1.5625 -20.313 -0.25228
-1.5625 -19.531 -0.23375
-1.5625 -18.75 -0.20664
-1.5625 -17.969 -0.17378
-1.5625 -17.188 -0.11352
-1.5625 -16.406 -0.079058
-1.5625 -15.625 -0.030359
-1.5625 -14.844 -0.019782
-1.5625 -14.063 0.058961
-1.5625 -13.281 0.094401
-1.5625 -12.5 0.07943
-1.5625 -11.719 -0.050098
-1.5625 -10.938 -0.17268
-1.5625 -10.156 -0.23044
-1.5625 -9.375 -0.2634
-1.5625 -8.5938 -0.29802
-1.5625 -7.8125 -0.31192
-1.5625 -7.0313 -0.26362
-1.5625 -6.25 -0.11104
-1.5625 -5.4688 0.010148
-1.5625 -4.6875 -0.0043694
-1.5625 -3.9063 0.044402
-1.5625 -3.125 0.07572
-1.5625 -2.3438 0.13114
-1.5625 -1.5625 0.13952
-1.5625 -0.78125 0.026847
-1.5625 0 -0.1639
-1.5625 0.78125 -0.2562
-1.5625 1.5625 -0.11919
-1.5625 2.3438 -0.013142
-1.5625 3.125 0.018278
-1.5625 3.9063 0.12396
-1.5625 4.6875 0.088785
-1.5625 5.4688 0.059015
-1.5625 6.25 -0.016958
-1.5625 7.0313 -0.075931
-1.5625 7.8125 -0.087559
-1.5625 8.5938 -0.028461
-1.5625 9.375 0.013369
-1.5625 10.156 0.024288
-1.5625 10.938 0.020704
-1.5625 11.719 0.0014389
-1.5625 12.5 -0.21974
-1.5625 13.281 -0.25693
-1.5625 14.063 -0.20329
-1.5625 14.844 -0.10269
-1.5625 15.625 -0.055045
-1.5625 16.406 -0.023453
-1.5625 17.188 -0.038909
-1.5625 17.969 -0.098043
-1.5625 18.75 -0.13591
-1.5625 19.531 -0.15996
-1.5625 20.313 -0.17117
-1.5625 21.094 -0.18724
-1.5625 21.875 -0.10827
-1.5625 22.656 -0.014231
-1.5625 23.438 0.0080235
-1.5625 24.219 0.019138
-1.5625 25 0.04712
-0.78125 -24.219 0.072482
-0.78125 -23.438 0.0058863
-0.78125 -22.656 -0.076656
-0.78125 -21.875 -0.18575
-0.78125 -21.094 -0.18728
-0.78125 -20.313 -0.19199
-0.78125 -19.531 -0.26763
-0.78125 -18.75 -0.26189
-0.78125 -17.969 -0.14938
-0.78125 -17.188 -0.090976
-0.78125 -16.406 0.03278
-0.78125 -15.625 0.091801
-0.78125 -14.844 0.11516
-0.78125 -14.063 0.10781
-0.78125 -13.281 0.066158
-0.78125 -12.5 0.029368
-0.78125 -11.719 -0.055714
-0.78125 -10.938 -0.13244
-0.78125 -10.156 -0.18581
-0.78125 -9.375 -0.26273
-0.78125 -8.5938 -0.32965
-0.78125 -7.8125 -0.31881
-0.78125 -7.0313 -0.23306
-0.78125 -6.25 -0.088337
-0.78125 -5.4688 0.05148
-0.78125 -4.6875 0.041414
-0.78125 -3.9063 0.097738
-0.78125 -3.125 0.13389
-0.78125 -2.3438 0.12196
-0.78125 -1.5625 0.081324
-0.78125 -0.78125 0.00070351
-0.78125 0 -0.11785
-0.78125 0.78125 -0.10367
-0.78125 1.5625 -0.0087044
-0.78125 2.3438 0.0074989
-0.78125 3.125 0.0013147
-0.78125 3.9063 0.062017
-0.78125 4.6875 0.11545
-0.78125 5.4688 0.098948
-0.78125 6.25 0.0065731
-0.78125 7.0313 -0.0058503
-0.78125 7.8125 0.053472
-0.78125 8.5938 0.06848
-0.78125 9.375 0.068526
-0.78125 10.156 0.037477
-0.78125 10.938 0.018349
-0.78125 11.719 -0.041183
-0.78125 12.5 -0.18848
-0.78125 13.281 -0.22792
-0.78125 14.063 -0.13549
-0.78125 14.844 -0.0385
-0.78125 15.625 -0.03917
-0.78125 16.406 -0.03885
-0.78125 17.188 -0.028276
-0.78125 17.969 -0.089284
-0.78125 18.75 -0.12926
-0.78125 19.531 -0.1331
-0.78125 20.313 -0.15674
-0.78125 21.094 -0.17576
-0.78125 21.875 -0.070782
-0.78125 22.656 0.033701
-0.78125 23.438 0.066558
-0.78125 24.219 0.090023
-0.78125 25 0.081126
0 -24.219 0.10799
0 -23.438 0.040442
0 -22.656 -0.042147
0 -21.875 -0.14349
0 -21.094 -0.16427
0 -20.313 -0.19862
0 -19.531 -0.23039
0 -18.75 -0.23045
0 -17.969 -0.13552
0 -17.188 -0.017106
0 -16.406 0.1026
0 -15.625 0.1619
0 -14.844 0.18228
0 -14.063 0.14041
0 -13.281 0.051115
0 -12.5 -0.0071464
0 -11.719 -0.020344
0 -10.938 -0.035392
0 -10.156 -0.10838
0 -9.375 -0.22065
0 -8.5938 -0.28301
0 -7.8125 -0.28205
0 -7.0313 -0.1812
0 -6.25 -0.071197
0 -5.4688 0.067524
0 -4.6875 0.057759
0 -3.9063 0.10552
0 -3.125 0.099822
0 -2.3438 0.064843
0 -1.5625 0.060719
0 -0.78125 0.007886
0 0 -0.040165
0 0.78125 -0.019837
0 1.5625 0.079653
0 2.3438 0.061172
0 3.125 0.066299
0 3.9063 0.11057
0 4.6875 0.11499
0 5.4688 0.071794
0 6.25 0.029047
0 7.0313 0.022024
0 7.8125 0.13204
0 8.5938 0.11396
0 9.375 0.063869
0 10.156 0.083252
0 10.938 0.039378
0 11.719 -0.048772
0 12.5 -0.16073
0 13.281 -0.20603
0 14.063 -0.073739
0 14.844 0.022555
0 15.625 -0.0040235
0 16.406 -0.039209
0 17.188 -0.0020548
0 17.969 -0.060952
0 18.75 -0.1039
0 19.531 -0.13323
0 20.313 -0.17054
0 21.094 -0.095008
0 21.875 -0.021921
0 22.656 0.035095
0 23.438 0.041334
0 24.219 0.11255
0 25 0.17061
0.78125 -24.219 0.14997
0.78125 -23.438 0.082458
0.78125 -22.656 -0.045561
0.78125 -21.875 -0.17943
0.78125 -21.094 -0.21471
0.78125 -20.313 -0.19849
0.78125 -19.531 -0.20671
0.78125 -18.75 -0.27279
0.78125 -17.969 -0.18097
0.78125 -17.188 -0.0023267
0.78125 -16.406 0.13706
0.78125 -15.625 0.19349
0.78125 -14.844 0.2248
0.78125 -14.063 0.186
0.78125 -13.281 0.0025307
0.78125 -12.5 -0.11651
0.78125 -11.719 -0.068187
0.78125 -10.938 -0.040349
0.78125 -10.156 -0.10472
0.78125 -9.375 -0.16764
0.78125 -8.5938 -0.21016
0.78125 -7.8125 -0.22387
0.78125 -7.0313 -0.17043
0.78125 -6.25 -0.064331
0.78125 -5.4688 0.033134
0.78125 -4.6875 0.072258
0.78125 -3.9063 0.068679
0.78125 -3.125 0.028796
0.78125 -2.3438 0.0075143
0.78125 -1.5625 0.0023329
0.78125 -0.78125 -0.0076721
0.78125 0 0.035109
0.78125 0.78125 0.031108
0.78125 1.5625 0.050801
0.78125 2.3438 0.10724
0.78125 3.125 0.13665
0.78125 3.9063 0.19151
0.78125 4.6875 0.17851
0.78125 5.4688 0.068227
0.78125 6.25 0.012137
0.78125 7.0313 0.016681
0.78125 7.8125 0.1688
0.78125 8.5938 0.15698
0.78125 9.375 0.058348
0.78125 10.156 0.11064
0.78125 10.938 0.060577
0.78125 11.719 -0.046965
0.78125 12.5 -0.10523
0.78125 13.281 -0.092327
0.78125 14.063 -0.038654
0.78125 14.844 -0.0083545
0.78125 15.625 -0.022253
0.78125 16.406 0.0025078
0.78125 17.188 0.0059907
0.78125 17.969 -0.011417
0.78125 18.75 -0.0957
0.78125 19.531 -0.15138
0.78125 20.313 -0.18193
0.78125 21.094 -0.10866
0.78125 21.875 -0.065956
0.78125 22.656 -0.046725
0.78125 23.438 0.03748
0.78125 24.219 0.15363
0.78125 25 0.20802
1.5625 -24.219 0.21169
1.5625 -23.438 0.087398
1.5625 -22.656 -0.040027
1.5625 -21.875 -0.15895
1.5625 -21.094 -0.14747
1.5625 -20.313 -0.17624
1.5625 -19.531 -0.22348
1.5625 -18.75 -0.21507
1.5625 -17.969 -0.11439
1.5625 -17.188 0.051599
1.5625 -16.406 0.17955
1.5625 -15.625 0.21336
1.5625 -14.844 0.20119
1.5625 -14.063 0.15122
1.5625 -13.281 -0.013429
1.5625 -12.5 -0.15277
1.5625 -11.719 -0.13018
1.5625 -10.938 -0.084482
1.5625 -10.156 -0.13975
1.5625 -9.375 -0.15031
1.5625 -8.5938 -0.16436
1.5625 -7.8125 -0.10753
1.5625 -7.0313 -0.085908
1.5625 -6.25 -0.045919
1.5625 -5.4688 0.0075038
1.5625 -4.6875 0.0028276
1.5625 -3.9063 -0.035811
1.5625 -3.125 -0.018138
1.5625 -2.3438 -0.045182
1.5625 -1.5625 -0.052305
1.5625 -0.78125 -0.017921
1.5625 0 0.01887
1.5625 0.78125 0.010341
1.5625 1.5625 0.055609
1.5625 2.3438 0.13069
1.5625 3.125 0.22298
1.5625 3.9063 0.23863
1.5625 4.6875 0.16481
1.5625 5.4688 0.055823
1.5625 6.25 -0.026395
1.5625 7.0313 0.069973
1.5625 7.8125 0.15567
1.5625 8.5938 0.19816
1.5625 9.375 0.13749
1.5625 10.156 0.07023
1.5625 10.938 0.00013432
1.5625 11.719 -0.052961
1.5625 12.5 -0.047113
1.5625 13.281 -0.042115
1.5625 14.063 -0.019733
1.5625 14.844 0.01332
1.5625 15.625 0.017347
1.5625 16.406 0.035931
1.5625 17.188 0.083186
1.5625 17.969 0.060022
1.5625 18.75 -0.054008
1.5625 19.531 -0.17599
1.5625 20.313 -0.21096
1.5625 21.094 -0.13412
1.5625 21.875 -0.11718
1.5625 22.656 -0.044537
1.5625 23.438 0.06114
1.5625 24.219 0.16766
1.5625 25 0.21788
2.3438 -24.219 0.19354
2.3438 -23.438 0.064925
2.3438 -22.656 -0.027054
2.3438 -21.875 -0.065386
2.3438 -21.094 -0.11497
2.3438 -20.313 -0.18445
2.3438 -19.531 -0.22171
2.3438 -18.75 -0.18748
2.3438 -17.969 -0.042078
2.3438 -17.188 0.097552
2.3438 -16.406 0.20925
2.3438 -15.625 0.27084
2.3438 -14.844 0.19106
2.3438 -14.063 0.094908
2.3438 -13.281 0.022061
2.3438 -12.5 -0.1131
2.3438 -11.719 -0.19222
2.3438 -10.938 -0.094978
2.3438 -10.156 -0.12123
2.3438 -9.375 -0.10194
2.3438 -8.5938 -0.063231
2.3438 -7.8125 0.011304
2.3438 -7.0313 0.011175
2.3438 -6.25 0.0039727
2.3438 -5.4688 -0.06549
2.3438 -4.6875 -0.10593
2.3438 -3.9063 -0.09115
2.3438 -3.125 -0.064659
2.3438 -2.3438 -0.12787
2.3438 -1.5625 -0.13426
2.3438 -0.78125 -0.06627
2.3438 0 0.031517
2.3438 0.78125 0.07783
2.3438 1.5625 0.13542
2.3438 2.3438 0.19623
2.3438 3.125 0.20472
2.3438 3.9063 0.17062
2.3438 4.6875 0.11432
2.3438 5.4688 0.024602
2.3438 6.25 -0.069881
2.3438 7.0313 0.023102
2.3438 7.8125 0.082849
2.3438 8.5938 0.13062
2.3438 9.375 0.1158
2.3438 10.156 0.069117
2.3438 10.938 -0.020757
2.3438 11.719 -0.080947
2.3438 12.5 -0.05437
2.3438 13.281 -0.063491
2.3438 14.063 0.011026
2.3438 14.844 0.061564
2.3438 15.625 0.0030375
2.3438 16.406 0.0027066
2.3438 17.188 0.036703
2.3438 17.969 -0.017074
2.3438 18.75 -0.10557
2.3438 19.531 -0.20568
2.3438 20.313 -0.22562
2.3438 21.094 -0.19749
2.3438 21.875 -0.11574
2.3438 22.656 0.034492
2.3438 23.438 0.10604
2.3438 24.219 0.13333
2.3438 25 0.22678
3.125 -24.219 0.15077
3.125 -23.438 0.017275
3.125 -22.656 -0.040135
3.125 -21.875 -0.019169
3.125 -21.094 -0.090583
3.125 -20.313 -0.18814
3.125 -19.531 -0.16363
3.125 -18.75 -0.11373
3.125 -17.969 0.0079596
3.125 -17.188 0.11308
3.125 -16.406 0.14231
3.125 -15.625 0.19597
3.125 -14.844 0.18154
3.125 -14.063 0.09502
3.125 -13.281 0.06646
3.125 -12.5 -0.11368
3.125 -11.719 -0.21622
3.125 -10.938 -0.14685
3.125 -10.156 -0.10659
3.125 -9.375 -0.0094844
3.125 -8.5938 0.10909
3.125 -7.8125 0.13089
3.125 -7.0313 0.091318
3.125 -6.25 0.027307
3.125 -5.4688 -0.11797
3.125 -4.6875 -0.1356
3.125 -3.9063 -0.088112
3.125 -3.125 -0.083714
3.125 -2.3438 -0.11394
3.125 -1.5625 -0.1063
3.125 -0.78125 -0.077675
3.125 0 0.029974
3.125 0.78125 0.11033
3.125 1.5625 0.18542
3.125 2.3438 0.25548
3.125 3.125 0.23711
3.125 3.9063 0.15934
3.125 4.6875 0.13032
3.125 5.4688 -0.023896
3.125 6.25 -0.062509
3.125 7.0313 -0.042048
3.125 7.8125 0.059012
3.125 8.5938 0.096305
3.125 9.375 0.069519
3.125 10.156 0.064755
3.125 10.938 0.037347
3.125 11.719 -0.0027189
3.125 12.5 -0.027412
3.125 13.281 -0.077704
3.125 14.063 -0.0055239
3.125 14.844 0.029333
3.125 15.625 0.02764
3.125 16.406 0.067955
3.125 17.188 -0.010826
3.125 17.969 -0.12081
3.125 18.75 -0.21596
3.125 19.531 -0.24595
3.125 20.313 -0.23716
3.125 21.094 -0.18821
3.125 21.875 -0.10137
3.125 22.656 0.007127
3.125 23.438 0.1196
3.125 24.219 0.14363
3.125 25 0.21412
3.9063 -24.219 0.096536
3.9063 -23.438 -0.059255
3.9063 -22.656 -0.064946
3.9063 -21.875 -0.10475
3.9063 -21.094 -0.10497
3.9063 -20.313 -0.13126
3.9063 -19.531 -0.13274
3.9063 -18.75 -0.02818
3.9063 -17.969 0.11617
3.9063 -17.188 0.1593
3.9063 -16.406 0.1042
3.9063 -15.625 0.13723
3.9063 -14.844 0.1545
3.9063 -14.063 0.12893
3.9063 -13.281 0.026286
3.9063 -12.5 -0.17268
3.9063 -11.719 -0.20718
3.9063 -10.938 -0.21237
3.9063 -10.156 -0.10752
3.9063 -9.375 0.036191
3.9063 -8.5938 0.12736
3.9063 -7.8125 0.16273
3.9063 -7.0313 0.14243
3.9063 -6.25 0.074225
3.9063 -5.4688 -0.067188
3.9063 -4.6875 -0.12575
3.9063 -3.9063 -0.081232
3.9063 -3.125 -0.10541
3.9063 -2.3438 -0.12459
3.9063 -1.5625 -0.14887
3.9063 -0.78125 -0.10208
3.9063 0 0.060776
3.9063 0.78125 0.10608
3.9063 1.5625 0.20839
3.9063 2.3438 0.27527
3.9063 3.125 0.26726
3.9063 3.9063 0.18963
3.9063 4.6875 0.077716
3.9063 5.4688 -0.042587
3.9063 6.25 -0.09253
3.9063 7.0313 -0.035203
3.9063 7.8125 0.064928
3.9063 8.5938 0.073767
3.9063 9.375 0.059965
3.9063 10.156 0.033008
3.9063 10.938 0.045894
3.9063 11.719 0.093884
3.9063 12.5 0.086686
3.9063 13.281 -0.0035284
3.9063 14.063 0.035095
3.9063 14.844 0.065315
3.9063 15.625 0.090303
3.9063 16.406 0.080673
3.9063 17.188 -0.063813
3.9063 17.969 -0.1719
3.9063 18.75 -0.2641
3.9063 19.531 -0.28657
3.9063 20.313 -0.22213
3.9063 21.094 -0.11365
3.9063 21.875 0.011827
3.9063 22.656 0.11382
3.9063 23.438 0.19018
3.9063 24.219 0.19241
3.9063 25 0.19074
4.6875 -24.219 -0.005592
4.6875 -23.438 -0.089204
4.6875 -22.656 -0.1661
4.6875 -21.875 -0.19002
4.6875 -21.094 -0.15763
4.6875 -20.313 -0.089061
4.6875 -19.531 -0.0208
4.6875 -18.75 0.069984
4.6875 -17.969 0.17457
4.6875 -17.188 0.14108
4.6875 -16.406 0.079672
4.6875 -15.625 0.11244
4.6875 -14.844 0.14155
4.6875 -14.063 0.077782
4.6875 -13.281 -0.076106
4.6875 -12.5 -0.19968
4.6875 -11.719 -0.16365
4.6875 -10.938 -0.17531
4.6875 -10.156 -0.038769
4.6875 -9.375 0.066161
4.6875 -8.5938 0.14429
4.6875 -7.8125 0.17758
4.6875 -7.0313 0.1111
4.6875 -6.25 0.075755
4.6875 -5.4688 -0.014853
4.6875 -4.6875 -0.086006
4.6875 -3.9063 -0.074327
4.6875 -3.125 -0.075162
4.6875 -2.3438 -0.11148
4.6875 -1.5625 -0.11305
4.6875 -0.78125 -0.053787
4.6875 0 0.019924
4.6875 0.78125 0.098796
4.6875 1.5625 0.20432
4.6875 2.3438 0.2707
4.6875 3.125 0.26942
4.6875 3.9063 0.17903
4.6875 4.6875 0.027713
4.6875 5.4688 -0.061283
4.6875 6.25 -0.072558
4.6875 7.0313 -0.033298
4.6875 7.8125 0.0083356
4.6875 8.5938 0.041677
4.6875 9.375 0.12474
4.6875 10.156 0.12371
4.6875 10.938 0.060956
4.6875 11.719 0.034208
4.6875 12.5 0.051996
4.6875 13.281 0.0266
4.6875 14.063 0.034625
4.6875 14.844 0.069027
4.6875 15.625 0.080456
4.6875 16.406 0.10971
4.6875 17.188 -0.021958
4.6875 17.969 -0.19095
4.6875 18.75 -0.28475
4.6875 19.531 -0.26965
4.6875 20.313 -0.14691
4.6875 21.094 0.0037651
4.6875 21.875 0.1224
4.6875 22.656 0.26468
4.6875 23.438 0.27174
4.6875 24.219 0.17611
4.6875 25 0.097991
5.4688 -24.219 -0.039471
5.4688 -23.438 -0.15268
5.4688 -22.656 -0.22764
5.4688 -21.875 -0.29876
5.4688 -21.094 -0.24281
5.4688 -20.313 -0.074879
5.4688 -19.531 0.0094969
5.4688 -18.75 0.097128
5.4688 -17.969 0.14067
5.4688 -17.188 0.10245
5.4688 -16.406 0.047926
5.4688 -15.625 0.063783
5.4688 -14.844 0.1031
5.4688 -14.063 0.014038
5.4688 -13.281 -0.12132
5.4688 -12.5 -0.1827
5.4688 -11.719 -0.12877
5.4688 -10.938 -0.068581
5.4688 -10.156 0.021064
5.4688 -9.375 0.12943
5.4688 -8.5938 0.15515
5.4688 -7.8125 0.13607
5.4688 -7.0313 0.086967
5.4688 -6.25 0.013919
5.4688 -5.4688 -0.049941
5.4688 -4.6875 -0.061432
5.4688 -3.9063 -0.059482
5.4688 -3.125 -0.080475
5.4688 -2.3438 -0.1198
5.4688 -1.5625 -0.058424
5.4688 -0.78125 -0.041282
5.4688 0 0.00764
5.4688 0.78125 0.061408
5.4688 1.5625 0.20974
5.4688 2.3438 0.25925
5.4688 3.125 0.19882
5.4688 3.9063 0.077278
5.4688 4.6875 0.010139
5.4688 5.4688 -0.01364
5.4688 6.25 -0.048817
5.4688 7.0313 -0.019721
5.4688 7.8125 -0.00084873
5.4688 8.5938 0.065616
5.4688 9.375 0.19956
5.4688 10.156 0.21679
5.4688 10.938 0.087611
5.4688 11.719 -0.042374
5.4688 12.5 -0.049119
5.4688 13.281 -0.015155
5.4688 14.063 0.063295
5.4688 14.844 0.10256
5.4688 15.625 0.11795
5.4688 16.406 0.1136
5.4688 17.188 -0.031535
5.4688 17.969 -0.22155
5.4688 18.75 -0.28089
5.4688 19.531 -0.17371
5.4688 20.313 -0.078555
5.4688 21.094 0.094302
5.4688 21.875 0.2343
5.4688 22.656 0.30825
5.4688 23.438 0.27172
5.4688 24.219 0.15993
5.4688 25 0.071355
6.25 -24.219 0.03574
6.25 -23.438 -0.13618
6.25 -22.656 -0.24034
6.25 -21.875 -0.28435
6.25 -21.094 -0.20106
6.25 -20.313 -0.062127
6.25 -19.531 0.030642
6.25 -18.75 0.080635
6.25 -17.969 0.096824
6.25 -17.188 0.11606
6.25 -16.406 0.014323
6.25 -15.625 0.028878
6.25 -14.844 0.075843
6.25 -14.063 0.019677
6.25 -13.281 -0.065537
6.25 -12.5 -0.10558
6.25 -11.719 -0.057865
6.25 -10.938 -0.014965
6.25 -10.156 0.073495
6.25 -9.375 0.12797
6.25 -8.5938 0.11842
6.25 -7.8125 0.11289
6.25 -7.0313 0.098988
6.25 -6.25 0.008977
6.25 -5.4688 -0.15516
6.25 -4.6875 -0.17286
6.25 -3.9063 -0.10422
6.25 -3.125 -0.11398
6.25 -2.3438 -0.16971
6.25 -1.5625 -0.15818
6.25 -0.78125 -0.039529
6.25 0 -0.00042653
6.25 0.78125 0.076382
6.25 1.5625 0.21546
6.25 2.3438 0.20166
6.25 3.125 0.090134
6.25 3.9063 -0.021981
6.25 4.6875 -0.04358
6.25 5.4688 -0.014232
6.25 6.25 -0.073919
6.25 7.0313 -0.070985
6.25 7.8125 0.014326
6.25 8.5938 0.13158
6.25 9.375 0.23745
6.25 10.156 0.24442
6.25 10.938 0.0263
6.25 11.719 -0.094486
6.25 12.5 -0.11235
6.25 13.281 -0.0097469
6.25 14.063 0.13497
6.25 14.844 0.20867
6.25 15.625 0.14466
6.25 16.406 0.023234
6.25 17.188 -0.10605
6.25 17.969 -0.25939
6.25 18.75 -0.27034
6.25 19.531 -0.1228
6.25 20.313 -0.01232
6.25 21.094 0.13071
6.25 21.875 0.26509
6.25 22.656 0.29023
6.25 23.438 0.25863
6.25 24.219 0.19494
6.25 25 0.13421
7.0313 -24.219 0.034435
7.0313 -23.438 -0.074868
7.0313 -22.656 -0.18189
7.0313 -21.875 -0.20679
7.0313 -21.094 -0.11553
7.0313 -20.313 -0.073141
7.0313 -19.531 0.019889
7.0313 -18.75 0.10541
7.0313 -17.969 0.13732
7.0313 -17.188 0.10601
7.0313 -16.406 0.005669
7.0313 -15.625 0.01092
7.0313 -14.844 0.01516
7.0313 -14.063 -0.040404
7.0313 -13.281 -0.061489
7.0313 -12.5 -0.042194
7.0313 -11.719 0.0057112
7.0313 -10.938 0.051923
7.0313 -10.156 0.08262
7.0313 -9.375 0.12592
7.0313 -8.5938 0.09928
7.0313 -7.8125 0.11514
7.0313 -7.0313 0.088993
7.0313 -6.25 0.013317
7.0313 -5.4688 -0.20582
7.0313 -4.6875 -0.28348
7.0313 -3.9063 -0.22216
7.0313 -3.125 -0.1637
7.0313 -2.3438 -0.19646
7.0313 -1.5625 -0.15767
7.0313 -0.78125 -0.034048
7.0313 0 -0.0049376
7.0313 0.78125 0.093524
7.0313 1.5625 0.16906
7.0313 2.3438 0.092656
7.0313 3.125 -0.0027207
7.0313 3.9063 -0.072363
7.0313 4.6875 -0.042128
7.0313 5.4688 -0.015688
7.0313 6.25 -0.075085
7.0313 7.0313 -0.13248
7.0313 7.8125 0.016871
7.0313 8.5938 0.15698
7.0313 9.375 0.24483
7.0313 10.156 0.2095
7.0313 10.938 -0.0097717
7.0313 11.719 -0.066625
7.0313 12.5 -0.072397
7.0313 13.281 0.031642
7.0313 14.063 0.21124
7.0313 14.844 0.26668
7.0313 15.625 0.19145
7.0313 16.406 0.027484
7.0313 17.188 -0.15688
7.0313 17.969 -0.23097
7.0313 18.75 -0.2599
7.0313 19.531 -0.11246
7.0313 20.313 0.025882
7.0313 21.094 0.16834
7.0313 21.875 0.2179
7.0313 22.656 0.23609
7.0313 23.438 0.20828
7.0313 24.219 0.21782
7.0313 25 0.16869
7.8125 -24.219 -0.01285
7.8125 -23.438 -0.10106
7.8125 -22.656 -0.14585
7.8125 -21.875 -0.12031
7.8125 -21.094 -0.07826
7.8125 -20.313 -0.041555
7.8125 -19.531 0.11356
7.8125 -18.75 0.181
7.8125 -17.969 0.186
7.8125 -17.188 0.17613
7.8125 -16.406 0.079062
7.8125 -15.625 -0.034689
7.8125 -14.844 -0.075523
7.8125 -14.063 -0.10922
7.8125 -13.281 -0.0795
7.8125 -12.5 -0.029361
7.8125 -11.719 0.049518
7.8125 -10.938 0.097517
7.8125 -10.156 0.16008
7.8125 -9.375 0.12074
7.8125 -8.5938 0.10333
7.8125 -7.8125 0.12429
7.8125 -7.0313 0.06545
7.8125 -6.25 -0.027243
7.8125 -5.4688 -0.25302
7.8125 -4.6875 -0.31295
7.8125 -3.9063 -0.24402
7.8125 -3.125 -0.16953
7.8125 -2.3438 -0.15716
7.8125 -1.5625 -0.14089
7.8125 -0.78125 -0.065358
7.8125 0 -0.0010516
7.8125 0.78125 0.096064
7.8125 1.5625 0.051261
7.8125 2.3438 0.0028021
7.8125 3.125 -0.085905
7.8125 3.9063 -0.16133
7.8125 4.6875 -0.085169
7.8125 5.4688 -0.063445
7.8125 6.25 -0.12145
7.8125 7.0313 -0.079269
7.8125 7.8125 0.075355
7.8125 8.5938 0.21182
7.8125 9.375 0.23417
7.8125 10.156 0.12639
7.8125 10.938 0.01552
7.8125 11.719 0.0062623
7.8125 12.5 0.0024263
7.8125 13.281 0.098242
7.8125 14.063 0.20859
7.8125 14.844 0.26831
7.8125 15.625 0.16142
7.8125 16.406 0.048134
7.8125 17.188 -0.10267
7.8125 17.969 -0.17598
7.8125 18.75 -0.17608
7.8125 19.531 -0.04752
7.8125 20.313 0.11642
7.8125 21.094 0.18179
7.8125 21.875 0.20043
7.8125 22.656 0.23223
7.8125 23.438 0.22583
7.8125 24.219 0.20469
7.8125 25 0.15811
8.5938 -24.219 -0.052219
8.5938 -23.438 -0.13577
8.5938 -22.656 -0.17158
8.5938 -21.875 -0.16721
8.5938 -21.094 -0.089186
8.5938 -20.313 0.066753
8.5938 -19.531 0.21915
8.5938 -18.75 0.32332
8.5938 -17.969 0.27203
8.5938 -17.188 0.19505
8.5938 -16.406 0.051924
8.5938 -15.625 -0.041816
8.5938 -14.844 -0.090684
8.5938 -14.063 -0.10192
8.5938 -13.281 -0.078005
8.5938 -12.5 -0.048002
8.5938 -11.719 0.088569
8.5938 -10.938 0.11829
8.5938 -10.156 0.23534
8.5938 -9.375 0.13191
8.5938 -8.5938 0.1291
8.5938 -7.8125 0.13347
8.5938 -7.0313 0.037502
8.5938 -6.25 -0.098204
8.5938 -5.4688 -0.25147
8.5938 -4.6875 -0.27984
8.5938 -3.9063 -0.14818
8.5938 -3.125 -0.091878
8.5938 -2.3438 -0.13032
8.5938 -1.5625 -0.13411
8.5938 -0.78125 -0.063877
8.5938 0 0.054435
8.5938 0.78125 0.056885
8.5938 1.5625 -0.026337
8.5938 2.3438 -0.11368
8.5938 3.125 -0.16445
8.5938 3.9063 -0.16796
8.5938 4.6875 -0.10103
8.5938 5.4688 -0.078362
8.5938 6.25 -0.10022
8.5938 7.0313 -0.0045322
8.5938 7.8125 0.12981
8.5938 8.5938 0.208
8.5938 9.375 0.20214
8.5938 10.156 0.10094
8.5938 10.938 0.0512
8.5938 11.719 0.097574
8.5938 12.5 0.065361
8.5938 13.281 0.091808
8.5938 14.063 0.20112
8.5938 14.844 0.21685
8.5938 15.625 0.1367
8.5938 16.406 0.050245
8.5938 17.188 -0.088339
8.5938 17.969 -0.15204
8.5938 18.75 -0.15721
8.5938 19.531 -0.019116
8.5938 20.313 0.17216
8.5938 21.094 0.27226
8.5938 21.875 0.26047
8.5938 22.656 0.23309
8.5938 23.438 0.2381
8.5938 24.219 0.21229
8.5938 25 0.13801
9.375 -24.219 -0.033335
9.375 -23.438 -0.13265
9.375 -22.656 -0.15533
9.375 -21.875 -0.17352
9.375 -21.094 -0.080475
9.375 -20.313 0.11696
9.375 -19.531 0.28981
9.375 -18.75 0.44145
9.375 -17.969 0.31736
9.375 -17.188 0.23459
9.375 -16.406 0.074976
9.375 -15.625 -0.0183
9.375 -14.844 -0.10257
9.375 -14.063 -0.16005
9.375 -13.281 -0.11354
9.375 -12.5 -0.063272
9.375 -11.719 0.088216
9.375 -10.938 0.17284
9.375 -10.156 0.25568
9.375 -9.375 0.2089
9.375 -8.5938 0.12927
9.375 -7.8125 0.11635
9.375 -7.0313 0.003135
9.375 -6.25 -0.16435
9.375 -5.4688 -0.17447
9.375 -4.6875 -0.13223
9.375 -3.9063 -0.13045
9.375 -3.125 -0.069175
9.375 -2.3438 -0.10351
9.375 -1.5625 -0.1412
9.375 -0.78125 -0.053089
9.375 0 0.099389
9.375 0.78125 0.064247
9.375 1.5625 -0.051332
9.375 2.3438 -0.17446
9.375 3.125 -0.20429
9.375 3.9063 -0.17038
9.375 4.6875 -0.064742
9.375 5.4688 -0.0089794
9.375 6.25 -0.023861
9.375 7.0313 0.093971
9.375 7.8125 0.16819
9.375 8.5938 0.16952
9.375 9.375 0.20173
9.375 10.156 0.12518
9.375 10.938 0.10292
9.375 11.719 0.13922
9.375 12.5 0.11095
9.375 13.281 0.088077
9.375 14.063 0.20673
9.375 14.844 0.17048
9.375 15.625 0.10415
9.375 16.406 0.018572
9.375 17.188 -0.069931
9.375 17.969 -0.14298
9.375 18.75 -0.08152
9.375 19.531 0.10388
9.375 20.313 0.23707
9.375 21.094 0.34248
9.375 21.875 0.36322
9.375 22.656 0.28644
9.375 23.438 0.21408
9.375 24.219 0.24364
9.375 25 0.099756
10.156 -24.219 0.021937
10.156 -23.438 -0.10878
10.156 -22.656 -0.16191
10.156 -21.875 -0.10695
10.156 -21.094 -0.0031859
10.156 -20.313 0.18711
10.156 -19.531 0.40436
10.156 -18.75 0.47275
10.156 -17.969 0.33951
10.156 -17.188 0.23945
10.156 -16.406 0.11067
10.156 -15.625 -0.026444
10.156 -14.844 -0.10375
10.156 -14.063 -0.19607
10.156 -13.281 -0.14345
10.156 -12.5 -0.030244
10.156 -11.719 0.0827
10.156 -10.938 0.12808
10.156 -10.156 0.23204
10.156 -9.375 0.24162
10.156 -8.5938 0.14573
10.156 -7.8125 0.10036
10.156 -7.0313 -0.01716
10.156 -6.25 -0.11601
10.156 -5.4688 -0.11178
10.156 -4.6875 -0.13873
10.156 -3.9063 -0.15142
10.156 -3.125 -0.12064
10.156 -2.3438 -0.12622
10.156 -1.5625 -0.13547
10.156 -0.78125 -0.0037835
10.156 0 0.10847
10.156 0.78125 0.119
10.156 1.5625 -0.056124
10.156 2.3438 -0.21366
10.156 3.125 -0.20663
10.156 3.9063 -0.1885
10.156 4.6875 -0.092097
10.156 5.4688 0.0065904
10.156 6.25 0.025349
10.156 7.0313 0.12548
10.156 7.8125 0.2001
10.156 8.5938 0.19837
10.156 9.375 0.24314
10.156 10.156 0.18915
10.156 10.938 0.12849
10.156 11.719 0.13913
10.156 12.5 0.18404
10.156 13.281 0.19825
10.156 14.063 0.24192
10.156 14.844 0.18848
10.156 15.625 0.078446
10.156 16.406 0.0054316
10.156 17.188 -0.057232
10.156 17.969 -0.074895
10.156 18.75 -0.016333
10.156 19.531 0.13657
10.156 20.313 0.33798
10.156 21.094 0.4217
10.156 21.875 0.40341
10.156 22.656 0.33224
10.156 23.438 0.23575
10.156 24.219 0.22948
10.156 25 0.15528
10.938 -24.219 -0.030638
10.938 -23.438 -0.1614
10.938 -22.656 -0.18891
10.938 -21.875 -0.12056
10.938 -21.094 0.038421
10.938 -20.313 0.23985
10.938 -19.531 0.42996
10.938 -18.75 0.5239
10.938 -17.969 0.44858
10.938 -17.188 0.30243
10.938 -16.406 0.11576
10.938 -15.625 -0.044549
10.938 -14.844 -0.12408
10.938 -14.063 -0.20333
10.938 -13.281 -0.12944
10.938 -12.5 -0.025048
10.938 -11.719 0.066585
10.938 -10.938 0.14112
10.938 -10.156 0.23664
10.938 -9.375 0.25284
10.938 -8.5938 0.15685
10.938 -7.8125 0.10317
10.938 -7.0313 0.023949
10.938 -6.25 -0.023418
10.938 -5.4688 -0.10899
10.938 -4.6875 -0.14405
10.938 -3.9063 -0.20053
10.938 -3.125 -0.17309
10.938 -2.3438 -0.13564
10.938 -1.5625 -0.10898
10.938 -0.78125 0.015045
10.938 0 0.11836
10.938 0.78125 0.07181
10.938 1.5625 -0.10016
10.938 2.3438 -0.1965
10.938 3.125 -0.16868
10.938 3.9063 -0.19536
10.938 4.6875 -0.12982
10.938 5.4688 -0.024438
10.938 6.25 0.0064058
10.938 7.0313 0.056237
10.938 7.8125 0.16444
10.938 8.5938 0.2131
10.938 9.375 0.26495
10.938 10.156 0.30179
10.938 10.938 0.2572
10.938 11.719 0.1943
10.938 12.5 0.23892
10.938 13.281 0.20127
10.938 14.063 0.22136
10.938 14.844 0.14684
10.938 15.625 0.042292
10.938 16.406 -0.027302
10.938 17.188 -0.063107
10.938 17.969 -0.049532
10.938 18.75 0.044247
10.938 19.531 0.23316
10.938 20.313 0.43061
10.938 21.094 0.48398
10.938 21.875 0.44094
10.938 22.656 0.32301
10.938 23.438 0.24551
10.938 24.219 0.13996
10.938 25 0.083877
11.719 -24.219 -0.10798
11.719 -23.438 -0.23843
11.719 -22.656 -0.17929
11.719 -21.875 -0.0011044
11.719 -21.094 0.14874
11.719 -20.313 0.29789
11.719 -19.531 0.45003
11.719 -18.75 0.47642
11.719 -17.969 0.50617
11.719 -17.188 0.38566
11.719 -16.406 0.11753
11.719 -15.625 -0.077187
11.719 -14.844 -0.10479
11.719 -14.063 -0.19201
11.719 -13.281 -0.12076
11.719 -12.5 -0.057218
11.719 -11.719 0.084646
11.719 -10.938 0.17541
11.719 -10.156 0.23714
11.719 -9.375 0.26033
11.719 -8.5938 0.20593
11.719 -7.8125 0.16392
11.719 -7.0313 0.079116
11.719 -6.25 -0.017331
11.719 -5.4688 -0.12045
11.719 -4.6875 -0.18943
11.719 -3.9063 -0.18547
11.719 -3.125 -0.17886
11.719 -2.3438 -0.11454
11.719 -1.5625 -0.057036
11.719 -0.78125 0.036051
11.719 0 0.094852
11.719 0.78125 0.034862
11.719 1.5625 -0.09758
11.719 2.3438 -0.16434
11.719 3.125 -0.13409
11.719 3.9063 -0.18503
11.719 4.6875 -0.15442
11.719 5.4688 -0.042114
11.719 6.25 -0.010879
11.719 7.0313 -0.0036346
11.719 7.8125 0.097912
11.719 8.5938 0.20008
11.719 9.375 0.34015
11.719 10.156 0.37871
11.719 10.938 0.3281
11.719 11.719 0.22544
11.719 12.5 0.19153
11.719 13.281 0.14143
11.719 14.063 0.13799
11.719 14.844 0.15195
11.719 15.625 0.078638
11.719 16.406 -0.021265
11.719 17.188 -0.092312
11.719 17.969 0.01492
11.719 18.75 0.10173
11.719 19.531 0.24327
11.719 20.313 0.40531
11.719 21.094 0.42049
11.719 21.875 0.36804
11.719 22.656 0.25464
11.719 23.438 0.20114
11.719 24.219 0.12237
11.719 25 0.0084093
12.5 -24.219 -0.15614
12.5 -23.438 -0.22544
12.5 -22.656 -0.11459
12.5 -21.875 0.11376
12.5 -21.094 0.25448
12.5 -20.313 0.33641
12.5 -19.531 0.42988
12.5 -18.75 0.41427
12.5 -17.969 0.44937
12.5 -17.188 0.39316
12.5 -16.406 0.12679
12.5 -15.625 -0.050626
12.5 -14.844 -0.10343
12.5 -14.063 -0.12994
12.5 -13.281 -0.055588
12.5 -12.5 -0.05503
12.5 -11.719 0.12399
12.5 -10.938 0.18136
12.5 -10.156 0.28652
12.5 -9.375 0.28806
12.5 -8.5938 0.26871
12.5 -7.8125 0.20786
12.5 -7.0313 0.096342
12.5 -6.25 -0.099373
12.5 -5.4688 -0.16806
12.5 -4.6875 -0.21831
12.5 -3.9063 -0.20393
12.5 -3.125 -0.12094
12.5 -2.3438 -0.01951
12.5 -1.5625 0.09048
12.5 -0.78125 0.16268
12.5 0 0.15552
12.5 0.78125 0.043902
12.5 1.5625 -0.034594
12.5 2.3438 -0.16341
12.5 3.125 -0.19187
12.5 3.9063 -0.18493
12.5 4.6875 -0.17224
12.5 5.4688 -0.086806
12.5 6.25 0.0031803
12.5 7.0313 0.044298
12.5 7.8125 0.12652
12.5 8.5938 0.19504
12.5 9.375 0.37849
12.5 10.156 0.39667
12.5 10.938 0.29321
12.5 11.719 0.1881
12.5 12.5 0.10812
12.5 13.281 0.069484
12.5 14.063 0.14001
12.5 14.844 0.18383
12.5 15.625 0.071881
12.5 16.406 -0.054861
12.5 17.188 -0.087038
12.5 17.969 -0.053547
12.5 18.75 0.036367
12.5 19.531 0.15115
12.5 20.313 0.30468
12.5 21.094 0.34292
12.5 21.875 0.28029
12.5 22.656 0.19653
12.5 23.438 0.10463
12.5 24.219 0.034065
12.5 25 -0.065541
13.281 -24.219 -0.10229
13.281 -23.438 -0.17957
13.281 -22.656 -0.11957
13.281 -21.875 0.090754
13.281 -21.094 0.24606
13.281 -20.313 0.3599
13.281 -19.531 0.39282
13.281 -18.75 0.39526
13.281 -17.969 0.398
13.281 -17.188 0.37003
13.281 -16.406 0.18919
13.281 -15.625 0.007959
13.281 -14.844 -0.036651
13.281 -14.063 -0.0022959
13.281 -13.281 0.092237
13.281 -12.5 0.1236
13.281 -11.719 0.22746
13.281 -10.938 0.30096
13.281 -10.156 0.3047
13.281 -9.375 0.27432
13.281 -8.5938 0.30769
13.281 -7.8125 0.22882
13.281 -7.0313 0.051793
13.281 -6.25 -0.12421
13.281 -5.4688 -0.17751
13.281 -4.6875 -0.1604
13.281 -3.9063 -0.10805
13.281 -3.125 -0.055214
13.281 -2.3438 0.090791
13.281 -1.5625 0.23895
13.281 -0.78125 0.28173
13.281 0 0.16834
13.281 0.78125 0.082939
13.281 1.5625 0.015687
13.281 2.3438 -0.12459
13.281 3.125 -0.20534
13.281 3.9063 -0.17221
13.281 4.6875 -0.20003
13.281 5.4688 -0.11786
13.281 6.25 -0.035613
13.281 7.0313 0.06223
13.281 7.8125 0.14476
13.281 8.5938 0.24323
13.281 9.375 0.37912
13.281 10.156 0.3752
13.281 10.938 0.31396
13.281 11.719 0.18434
13.281 12.5 0.016824
13.281 13.281 0.042735
13.281 14.063 0.1403
13.281 14.844 0.12594
13.281 15.625 0.002066
13.281 16.406 -0.036723
13.281 17.188 -0.067977
13.281 17.969 -0.10015
13.281 18.75 -0.060117
13.281 19.531 0.05681
13.281 20.313 0.19402
13.281 21.094 0.25374
13.281 21.875 0.19513
13.281 22.656 0.17662
13.281 23.438 0.096199
13.281 24.219 0.029834
13.281 25 -0.085346
14.063 -24.219 -0.15522
14.063 -23.438 -0.10784
14.063 -22.656 -0.063011
14.063 -21.875 0.063088
14.063 -21.094 0.22135
14.063 -20.313 0.32985
14.063 -19.531 0.35617
14.063 -18.75 0.37963
14.063 -17.969 0.38429
14.063 -17.188 0.32429
14.063 -16.406 0.14986
14.063 -15.625 -0.0092522
14.063 -14.844 0.0051052
14.063 -14.063 0.059232
14.063 -13.281 0.22102
14.063 -12.5 0.30237
14.063 -11.719 0.33735
14.063 -10.938 0.40734
14.063 -10.156 0.36243
14.063 -9.375 0.30115
14.063 -8.5938 0.32368
14.063 -7.8125 0.15188
14.063 -7.0313 -0.026612
14.063 -6.25 -0.075191
14.063 -5.4688 -0.12125
14.063 -4.6875 -0.13048
14.063 -3.9063 -0.04515
14.063 -3.125 0.059879
14.063 -2.3438 0.18831
14.063 -1.5625 0.29205
14.063 -0.78125 0.27628
14.063 0 0.1947
14.063 0.78125 0.1301
14.063 1.5625 0.0044667
14.063 2.3438 -0.11252
14.063 3.125 -0.18948
14.063 3.9063 -0.14817
14.063 4.6875 -0.14479
14.063 5.4688 -0.094336
14.063 6.25 0.010576
14.063 7.0313 0.089495
14.063 7.8125 0.19932
14.063 8.5938 0.24836
14.063 9.375 0.32935
14.063 10.156 0.40448
14.063 10.938 0.38055
14.063 11.719 0.23618
14.063 12.5 0.058673
14.063 13.281 0.0058495
14.063 14.063 0.075429
14.063 14.844 0.066484
14.063 15.625 0.043897
14.063 16.406 0.027062
14.063 17.188 -0.021623
14.063 17.969 -0.042007
14.063 18.75 -0.049654
14.063 19.531 -0.019213
14.063 20.313 0.076899
14.063 21.094 0.104
14.063 21.875 0.088764
14.063 22.656 0.075629
14.063 23.438 0.012033
14.063 24.219 -0.054816
14.063 25 -0.17207
14.844 -24.219 -0.18168
14.844 -23.438 -0.044311
14.844 -22.656 0.0003969
14.844 -21.875 0.028542
14.844 -21.094 0.15613
14.844 -20.313 0.25637
14.844 -19.531 0.30069
14.844 -18.75 0.34108
14.844 -17.969 0.35768
14.844 -17.188 0.27352
14.844 -16.406 0.078349
14.844 -15.625 -0.052221
14.844 -14.844 0.0068182
14.844 -14.063 0.13503
14.844 -13.281 0.32978
14.844 -12.5 0.42044
14.844 -11.719 0.47387
14.844 -10.938 0.45505
14.844 -10.156 0.41533
14.844 -9.375 0.33845
14.844 -8.5938 0.2438
14.844 -7.8125 0.10903
14.844 -7.0313 0.036481
14.844 -6.25 -0.0091733
14.844 -5.4688 -0.056594
14.844 -4.6875 -0.046975
14.844 -3.9063 0.02766
14.844 -3.125 0.14345
14.844 -2.3438 0.26781
14.844 -1.5625 0.35016
14.844 -0.78125 0.35322
14.844 0 0.24187
14.844 0.78125 0.12966
14.844 1.5625 -0.072979
14.844 2.3438 -0.1724
14.844 3.125 -0.17185
14.844 3.9063 -0.12882
14.844 4.6875 -0.088505
14.844 5.4688 -0.082427
14.844 6.25 0.0038207
14.844 7.0313 0.10901
14.844 7.8125 0.21865
14.844 8.5938 0.26209
14.844 9.375 0.28134
14.844 10.156 0.43226
14.844 10.938 0.46372
14.844 11.719 0.25788
14.844 12.5 0.071267
14.844 13.281 -0.001183
14.844 14.063 0.039616
14.844 14.844 0.012502
14.844 15.625 0.038356
14.844 16.406 0.013693
14.844 17.188 -0.010615
14.844 17.969 -0.023746
14.844 18.75 -0.054533
14.844 19.531 -0.066083
14.844 20.313 0.029526
14.844 21.094 0.069008
14.844 21.875 0.094472
14.844 22.656 0.043374
14.844 23.438 -0.030007
14.844 24.219 -0.15543
14.844 25 -0.22645
15.625 -24.219 -0.19089
15.625 -23.438 -0.050878
15.625 -22.656 0.028682
15.625 -21.875 0.081736
15.625 -21.094 0.13419
15.625 -20.313 0.22223
15.625 -19.531 0.2647
15.625 -18.75 0.29446
15.625 -17.969 0.24406
15.625 -17.188 0.14941
15.625 -16.406 0.036382
15.625 -15.625 -0.060764
15.625 -14.844 -0.019647
15.625 -14.063 0.16287
15.625 -13.281 0.32319
15.625 -12.5 0.43257
15.625 -11.719 0.44263
15.625 -10.938 0.45991
15.625 -10.156 0.41153
15.625 -9.375 0.29872
15.625 -8.5938 0.14467
15.625 -7.8125 0.071587
15.625 -7.0313 0.038056
15.625 -6.25 -0.009917
15.625 -5.4688 -0.056206
15.625 -4.6875 -0.069228
15.625 -3.9063 0.081377
15.625 -3.125 0.17664
15.625 -2.3438 0.30785
15.625 -1.5625 0.38203
15.625 -0.78125 0.42083
15.625 0 0.26479
15.625 0.78125 0.14019
15.625 1.5625 -0.087342
15.625 2.3438 -0.21898
15.625 3.125 -0.20916
15.625 3.9063 -0.20363
15.625 4.6875 -0.14007
15.625 5.4688 -0.09136
15.625 6.25 -0.0036366
15.625 7.0313 0.17868
15.625 7.8125 0.22643
15.625 8.5938 0.2396
15.625 9.375 0.27538
15.625 10.156 0.44487
15.625 10.938 0.42124
15.625 11.719 0.232
15.625 12.5 0.039009
15.625 13.281 -0.032003
15.625 14.063 0.00991
15.625 14.844 0.017191
15.625 15.625 0.031885
15.625 16.406 0.026921
15.625 17.188 -0.035581
15.625 17.969 -0.06348
15.625 18.75 -0.052108
15.625 19.531 -0.056768
15.625 20.313 -0.018303
15.625 21.094 0.058871
15.625 21.875 0.075077
15.625 22.656 0.067626
15.625 23.438 -0.0054092
15.625 24.219 -0.14168
15.625 25 -0.21253
16.406 -24.219 -0.16468
16.406 -23.438 -0.047674
16.406 -22.656 0.064904
16.406 -21.875 0.10308
16.406 -21.094 0.15391
16.406 -20.313 0.2049
16.406 -19.531 0.25562
16.406 -18.75 0.2095
16.406 -17.969 0.1667
16.406 -17.188 0.04739
16.406 -16.406 -0.063932
16.406 -15.625 -0.05508
16.406 -14.844 0.019121
16.406 -14.063 0.17673
16.406 -13.281 0.31204
16.406 -12.5 0.39093
16.406 -11.719 0.40701
16.406 -10.938 0.40649
16.406 -10.156 0.34871
16.406 -9.375 0.25881
16.406 -8.5938 0.12236
16.406 -7.8125 0.064301
16.406 -7.0313 -0.020292
16.406 -6.25 -0.060086
16.406 -5.4688 -0.07508
16.406 -4.6875 -0.010352
16.406 -3.9063 0.11724
16.406 -3.125 0.25601
16.406 -2.3438 0.36908
16.406 -1.5625 0.44158
16.406 -0.78125 0.4167
16.406 0 0.28179
16.406 0.78125 0.12356
16.406 1.5625 -0.14322
16.406 2.3438 -0.30127
16.406 3.125 -0.31072
16.406 3.9063 -0.28705
16.406 4.6875 -0.2108
16.406 5.4688 -0.071446
16.406 6.25 0.094264
16.406 7.0313 0.27087
16.406 7.8125 0.25367
16.406 8.5938 0.17933
16.406 9.375 0.23259
16.406 10.156 0.35163
16.406 10.938 0.3544
16.406 11.719 0.17916
16.406 12.5 -0.012387
16.406 13.281 -0.064853
16.406 14.063 -0.0077381
16.406 14.844 0.045045
16.406 15.625 0.055346
16.406 16.406 0.072463
16.406 17.188 -0.015724
16.406 17.969 -0.03378
16.406 18.75 -0.057348
16.406 19.531 -0.06093
16.406 20.313 -0.0089012
16.406 21.094 0.045403
16.406 21.875 0.099479
16.406 22.656 0.089372
16.406 23.438 -0.037442
16.406 24.219 -0.16977
16.406 25 -0.21824
17.188 -24.219 -0.18309
17.188 -23.438 -0.034486
17.188 -22.656 0.071299
17.188 -21.875 0.10688
17.188 -21.094 0.18314
17.188 -20.313 0.22462
17.188 -19.531 0.2656
17.188 -18.75 0.24269
17.188 -17.969 0.053368
17.188 -17.188 -0.04154
17.188 -16.406 -0.13132
17.188 -15.625 -0.092918
17.188 -14.844 0.063184
17.188 -14.063 0.22845
17.188 -13.281 0.28737
17.188 -12.5 0.34064
17.188 -11.719 0.40781
17.188 -10.938 0.35871
17.188 -10.156 0.27378
17.188 -9.375 0.15082
17.188 -8.5938 0.067164
17.188 -7.8125 0.058332
17.188 -7.0313 0.042483
17.188 -6.25 0.0055775
17.188 -5.4688 -0.0040893
17.188 -4.6875 0.003089
17.188 -3.9063 0.12701
17.188 -3.125 0.28713
17.188 -2.3438 0.37281
17.188 -1.5625 0.45529
17.188 -0.78125 0.41245
17.188 0 0.28814
17.188 0.78125 0.095564
17.188 1.5625 -0.092115
17.188 2.3438 -0.26154
17.188 3.125 -0.35471
17.188 3.9063 -0.28555
17.188 4.6875 -0.18048
17.188 5.4688 0.0072297
17.188 6.25 0.15322
17.188 7.0313 0.26567
17.188 7.8125 0.24791
17.188 8.5938 0.16167
17.188 9.375 0.19301
17.188 10.156 0.25245
17.188 10.938 0.24506
17.188 11.719 0.078276
17.188 12.5 -0.035608
17.188 13.281 -0.04694
17.188 14.063 0.022866
17.188 14.844 0.084576
17.188 15.625 0.13133
17.188 16.406 0.078918
17.188 17.188 0.023137
17.188 17.969 -0.034468
17.188 18.75 -0.065963
17.188 19.531 -0.056891
17.188 20.313 0.0028326
17.188 21.094 0.086045
17.188 21.875 0.10995
17.188 22.656 0.025519
17.188 23.438 -0.12627
17.188 24.219 -0.24959
17.188 25 -0.26357
17.969 -24.219 -0.17926
17.969 -23.438 0.02298
17.969 -22.656 0.10987
17.969 -21.875 0.17373
17.969 -21.094 0.2945
17.969 -20.313 0.29198
17.969 -19.531 0.2538
17.969 -18.75 0.19007
17.969 -17.969 -0.0067626
17.969 -17.188 -0.065584
17.969 -16.406 -0.10858
17.969 -15.625 -0.054333
17.969 -14.844 0.070011
17.969 -14.063 0.20533
17.969 -13.281 0.30688
17.969 -12.5 0.37324
17.969 -11.719 0.37837
17.969 -10.938 0.29786
17.969 -10.156 0.18562
17.969 -9.375 0.091356
17.969 -8.5938 -0.025377
17.969 -7.8125 -0.015761
17.969 -7.0313 0.029042
17.969 -6.25 0.015137
17.969 -5.4688 -0.037123
17.969 -4.6875 -0.060163
17.969 -3.9063 0.054541
17.969 -3.125 0.24675
17.969 -2.3438 0.35519
17.969 -1.5625 0.4128
17.969 -0.78125 0.41932
17.969 0 0.23577
17.969 0.78125 0.052335
17.969 1.5625 -0.14265
17.969 2.3438 -0.28725
17.969 3.125 -0.35578
17.969 3.9063 -0.26364
17.969 4.6875 -0.10635
17.969 5.4688 0.1174
17.969 6.25 0.19867
17.969 7.0313 0.24463
17.969 7.8125 0.21278
17.969 8.5938 0.13993
17.969 9.375 0.14791
17.969 10.156 0.14546
17.969 10.938 0.11106
17.969 11.719 0.0037904
17.969 12.5 -0.067434
17.969 13.281 -0.04743
17.969 14.063 -0.0126
17.969 14.844 0.032459
17.969 15.625 0.074355
17.969 16.406 0.072254
17.969 17.188 0.022751
17.969 17.969 -0.034107
17.969 18.75 -0.056827
17.969 19.531 -0.072839
17.969 20.313 0.026208
17.969 21.094 0.12106
17.969 21.875 0.069776
17.969 22.656 -0.12293
17.969 23.438 -0.27807
17.969 24.219 -0.32852
17.969 25 -0.29432
18.75 -24.219 -0.081123
18.75 -23.438 0.13292
18.75 -22.656 0.21529
18.75 -21.875 0.25072
18.75 -21.094 0.34918
18.75 -20.313 0.36166
18.75 -19.531 0.27046
18.75 -18.75 0.055516
18.75 -17.969 -0.048878
18.75 -17.188 -0.076954
18.75 -16.406 -0.1051
18.75 -15.625 -0.064573
18.75 -14.844 0.05099
18.75 -14.063 0.24285
18.75 -13.281 0.37536
18.75 -12.5 0.36555
18.75 -11.719 0.28999
18.75 -10.938 0.246
18.75 -10.156 0.15113
18.75 -9.375 0.0049852
18.75 -8.5938 -0.10438
18.75 -7.8125 -0.13932
18.75 -7.0313 -0.071851
18.75 -6.25 -0.027646
18.75 -5.4688 -0.071934
18.75 -4.6875 -0.089245
18.75 -3.9063 0.011971
18.75 -3.125 0.21821
18.75 -2.3438 0.33609
18.75 -1.5625 0.35846
18.75 -0.78125 0.32996
18.75 0 0.17932
18.75 0.78125 -0.006623
18.75 1.5625 -0.23108
18.75 2.3438 -0.35198
18.75 3.125 -0.36772
18.75 3.9063 -0.26195
18.75 4.6875 -0.090781
18.75 5.4688 0.10934
18.75 6.25 0.19431
18.75 7.0313 0.16182
18.75 7.8125 0.15439
18.75 8.5938 0.11181
18.75 9.375 0.11535
18.75 10.156 0.088187
18.75 10.938 -0.020015
18.75 11.719 -0.09315
18.75 12.5 -0.1016
18.75 13.281 -0.05957
18.75 14.063 -0.011929
18.75 14.844 -0.02405
18.75 15.625 0.027227
18.75 16.406 0.037539
18.75 17.188 0.047641
18.75 17.969 0.0089984
18.75 18.75 -0.057606
18.75 19.531 -0.082283
18.75 20.313 -0.053873
18.75 21.094 0.074752
18.75 21.875 0.0077597
18.75 22.656 -0.18941
18.75 23.438 -0.27345
18.75 24.219 -0.27496
18.75 25 -0.22189
19.531 -24.219 0.023577
19.531 -23.438 0.1543
19.531 -22.656 0.26206
19.531 -21.875 0.32578
19.531 -21.094 0.38398
19.531 -20.313 0.36391
19.531 -19.531 0.18611
19.531 -18.75 -0.0053155
19.531 -17.969 -0.14428
19.531 -17.188 -0.17256
19.531 -16.406 -0.10055
19.531 -15.625 -0.039905
19.531 -14.844 0.14437
19.531 -14.063 0.32749
19.531 -13.281 0.37673
19.531 -12.5 0.35225
19.531 -11.719 0.28248
19.531 -10.938 0.18653
19.531 -10.156 0.032961
19.531 -9.375 -0.10578
19.531 -8.5938 -0.17256
19.531 -7.8125 -0.16592
19.531 -7.0313 -0.1564
19.531 -6.25 -0.092993
19.531 -5.4688 -0.080777
19.531 -4.6875 -0.035002
19.531 -3.9063 0.068551
19.531 -3.125 0.1829
19.531 -2.3438 0.26617
19.531 -1.5625 0.31193
19.531 -0.78125 0.2313
19.531 0 0.080808
19.531 0.78125 -0.088189
19.531 1.5625 -0.30905
19.531 2.3438 -0.36427
19.531 3.125 -0.33017
19.531 3.9063 -0.2387
19.531 4.6875 -0.051182
19.531 5.4688 0.13497
19.531 6.25 0.20546
19.531 7.0313 0.1824
19.531 7.8125 0.16726
19.531 8.5938 0.19354
19.531 9.375 0.089985
19.531 10.156 -0.014134
19.531 10.938 -0.12824
19.531 11.719 -0.16757
19.531 12.5 -0.09908
19.531 13.281 -0.036432
19.531 14.063 -0.010117
19.531 14.844 -0.043825
19.531 15.625 0.035169
19.531 16.406 0.046702
19.531 17.188 0.054362
19.531 17.969 0.0012872
19.531 18.75 -0.070678
19.531 19.531 -0.090173
19.531 20.313 -0.048938
19.531 21.094 0.038308
19.531 21.875 -0.04236
19.531 22.656 -0.22587
19.531 23.438 -0.31132
19.531 24.219 -0.2477
19.531 25 -0.13313
20.313 -24.219 0.056722
20.313 -23.438 0.20451
20.313 -22.656 0.29495
20.313 -21.875 0.3272
20.313 -21.094 0.36465
20.313 -20.313 0.32875
20.313 -19.531 0.15587
20.313 -18.75 -0.079484
20.313 -17.969 -0.20339
20.313 -17.188 -0.20854
20.313 -16.406 -0.063748
20.313 -15.625 0.075268
20.313 -14.844 0.21741
20.313 -14.063 0.4026
20.313 -13.281 0.36349
20.313 -12.5 0.30165
20.313 -11.719 0.21435
20.313 -10.938 0.095758
20.313 -10.156 -0.027613
20.313 -9.375 -0.13831
20.313 -8.5938 -0.18011
20.313 -7.8125 -0.20007
20.313 -7.0313 -0.22137
20.313 -6.25 -0.14552
20.313 -5.4688 -0.062929
20.313 -4.6875 0.0010582
20.313 -3.9063 0.1415
20.313 -3.125 0.20339
20.313 -2.3438 0.17718
20.313 -1.5625 0.2247
20.313 -0.78125 0.1358
20.313 0 -0.030705
20.313 0.78125 -0.15122
20.313 1.5625 -0.30141
20.313 2.3438 -0.33381
20.313 3.125 -0.33637
20.313 3.9063 -0.21784
20.313 4.6875 -0.0031021
20.313 5.4688 0.16488
20.313 6.25 0.22656
20.313 7.0313 0.18525
20.313 7.8125 0.14206
20.313 8.5938 0.13694
20.313 9.375 -0.0074098
20.313 10.156 -0.11523
20.313 10.938 -0.21983
20.313 11.719 -0.24061
20.313 12.5 -0.12876
20.313 13.281 0.0017401
20.313 14.063 -0.0084713
20.313 14.844 -0.0018202
20.313 15.625 0.044567
20.313 16.406 0.086225
20.313 17.188 0.037232
20.313 17.969 0.013694
20.313 18.75 -0.026178
20.313 19.531 -0.030246
20.313 20.313 0.042243
20.313 21.094 0.058597
20.313 21.875 -0.10159
20.313 22.656 -0.25543
20.313 23.438 -0.35645
20.313 24.219 -0.24072
20.313 25 -0.085955
21.094 -24.219 0.086779
21.094 -23.438 0.20931
21.094 -22.656 0.28885
21.094 -21.875 0.3286
21.094 -21.094 0.34278
21.094 -20.313 0.27972
21.094 -19.531 0.11761
21.094 -18.75 -0.12182
21.094 -17.969 -0.19627
21.094 -17.188 -0.19067
21.094 -16.406 -0.058504
21.094 -15.625 0.11678
21.094 -14.844 0.26218
21.094 -14.063 0.40042
21.094 -13.281 0.36228
21.094 -12.5 0.26215
21.094 -11.719 0.12096
21.094 -10.938 0.010802
21.094 -10.156 -0.1173
21.094 -9.375 -0.18196
21.094 -8.5938 -0.22164
21.094 -7.8125 -0.25731
21.094 -7.0313 -0.27714
21.094 -6.25 -0.1861
21.094 -5.4688 -0.067815
21.094 -4.6875 -0.020623
21.094 -3.9063 0.10743
21.094 -3.125 0.19558
21.094 -2.3438 0.18582
21.094 -1.5625 0.13591
21.094 -0.78125 0.076053
21.094 0 -0.080201
21.094 0.78125 -0.20055
21.094 1.5625 -0.27269
21.094 2.3438 -0.28377
21.094 3.125 -0.21617
21.094 3.9063 -0.13606
21.094 4.6875 0.0204
21.094 5.4688 0.18445
21.094 6.25 0.22745
21.094 7.0313 0.1685
21.094 7.8125 0.10848
21.094 8.5938 0.0096593
21.094 9.375 -0.13988
21.094 10.156 -0.18617
21.094 10.938 -0.25573
21.094 11.719 -0.19527
21.094 12.5 -0.091576
21.094 13.281 0.012247
21.094 14.063 0.027156
21.094 14.844 0.039025
21.094 15.625 0.043325
21.094 16.406 0.027097
21.094 17.188 -0.014238
21.094 17.969 0.028
21.094 18.75 0.031897
21.094 19.531 0.082896
21.094 20.313 0.083575
21.094 21.094 -0.0040556
21.094 21.875 -0.18923
21.094 22.656 -0.30723
21.094 23.438 -0.29507
21.094 24.219 -0.19018
21.094 25 -0.049092
21.875 -24.219 0.12397
21.875 -23.438 0.17342
21.875 -22.656 0.19279
21.875 -21.875 0.23537
21.875 -21.094 0.26907
21.875 -20.313 0.22033
21.875 -19.531 0.074081
21.875 -18.75 -0.091083
21.875 -17.969 -0.19361
21.875 -17.188 -0.22919
21.875 -16.406 -0.083867
21.875 -15.625 0.15324
21.875 -14.844 0.27518
21.875 -14.063 0.3143
21.875 -13.281 0.29276
21.875 -12.5 0.21363
21.875 -11.719 0.080262
21.875 -10.938 -0.05433
21.875 -10.156 -0.14149
21.875 -9.375 -0.21979
21.875 -8.5938 -0.29581
21.875 -7.8125 -0.33843
21.875 -7.0313 -0.30622
21.875 -6.25 -0.25217
21.875 -5.4688 -0.14257
21.875 -4.6875 -0.059786
21.875 -3.9063 0.068681
21.875 -3.125 0.14654
21.875 -2.3438 0.1383
21.875 -1.5625 -0.028878
21.875 -0.78125 -0.05063
21.875 0 -0.13199
21.875 0.78125 -0.25151
21.875 1.5625 -0.27208
21.875 2.3438 -0.22398
21.875 3.125 -0.15998
21.875 3.9063 -0.045252
21.875 4.6875 0.089815
21.875 5.4688 0.1737
21.875 6.25 0.22248
21.875 7.0313 0.14251
21.875 7.8125 0.025534
21.875 8.5938 -0.055663
21.875 9.375 -0.17331
21.875 10.156 -0.25196
21.875 10.938 -0.20717
21.875 11.719 -0.10539
21.875 12.5 -0.04847
21.875 13.281 0.01019
21.875 14.063 0.033796
21.875 14.844 0.014878
21.875 15.625 -0.023206
21.875 16.406 -0.027897
21.875 17.188 0.051723
21.875 17.969 0.14027
21.875 18.75 0.12706
21.875 19.531 0.14172
21.875 20.313 0.10392
21.875 21.094 -0.038183
21.875 21.875 -0.2297
21.875 22.656 -0.29885
21.875 23.438 -0.25215
21.875 24.219 -0.15033
21.875 25 -0.017944
22.656 -24.219 0.16232
22.656 -23.438 0.14383
22.656 -22.656 0.10959
22.656 -21.875 0.14948
22.656 -21.094 0.17546
22.656 -20.313 0.15055
22.656 -19.531 -0.025166
22.656 -18.75 -0.16977
22.656 -17.969 -0.21194
22.656 -17.188 -0.16503
22.656 -16.406 -0.0276
22.656 -15.625 0.11238
22.656 -14.844 0.24681
22.656 -14.063 0.34305
22.656 -13.281 0.25342
22.656 -12.5 0.19217
22.656 -11.719 0.049533
22.656 -10.938 -0.07602
22.656 -10.156 -0.14562
22.656 -9.375 -0.22659
22.656 -8.5938 -0.31654
22.656 -7.8125 -0.36191
22.656 -7.0313 -0.32391
22.656 -6.25 -0.25998
22.656 -5.4688 -0.16003
22.656 -4.6875 -0.09765
22.656 -3.9063 -0.015358
22.656 -3.125 0.043357
22.656 -2.3438 0.025625
22.656 -1.5625 -0.11611
22.656 -0.78125 -0.18523
22.656 0 -0.21773
22.656 0.78125 -0.23797
22.656 1.5625 -0.23984
22.656 2.3438 -0.2108
22.656 3.125 -0.1638
22.656 3.9063 0.01895
22.656 4.6875 0.10154
22.656 5.4688 0.12825
22.656 6.25 0.17025
22.656 7.0313 0.076702
22.656 7.8125 -0.027925
22.656 8.5938 -0.092106
22.656 9.375 -0.19658
22.656 10.156 -0.26714
22.656 10.938 -0.2165
22.656 11.719 -0.10679
22.656 12.5 -0.0072825
22.656 13.281 -0.022243
22.656 14.063 -0.063149
22.656 14.844 -0.10499
22.656 15.625 -0.065911
22.656 16.406 -0.069253
22.656 17.188 0.076036
22.656 17.969 0.17708
22.656 18.75 0.16339
22.656 19.531 0.1295
22.656 20.313 0.056136
22.656 21.094 -0.092059
22.656 21.875 -0.23336
22.656 22.656 -0.26639
22.656 23.438 -0.19871
22.656 24.219 -0.092942
22.656 25 0.0015981
23.438 -24.219 0.13642
23.438 -23.438 0.14514
23.438 -22.656 0.14159
23.438 -21.875 0.14255
23.438 -21.094 0.068406
23.438 -20.313 -0.0032194
23.438 -19.531 -0.14914
23.438 -18.75 -0.23299
23.438 -17.969 -0.20665
23.438 -17.188 -0.093389
23.438 -16.406 0.015888
23.438 -15.625 0.086808
23.438 -14.844 0.25982
23.438 -14.063 0.38556
23.438 -13.281 0.31365
23.438 -12.5 0.2098
23.438 -11.719 0.093213
23.438 -10.938 -0.036446
23.438 -10.156 -0.13223
23.438 -9.375 -0.19798
23.438 -8.5938 -0.30203
23.438 -7.8125 -0.31626
23.438 -7.0313 -0.28855
23.438 -6.25 -0.22411
23.438 -5.4688 -0.15999
23.438 -4.6875 -0.094725
23.438 -3.9063 -0.0057348
23.438 -3.125 0.013619
23.438 -2.3438 -0.060632
23.438 -1.5625 -0.1384
23.438 -0.78125 -0.2038
23.438 0 -0.23636
23.438 0.78125 -0.18658
23.438 1.5625 -0.15984
23.438 2.3438 -0.21242
23.438 3.125 -0.14617
23.438 3.9063 0.017617
23.438 4.6875 0.087842
23.438 5.4688 0.11754
23.438 6.25 0.10836
23.438 7.0313 0.022866
23.438 7.8125 -0.050601
23.438 8.5938 -0.12944
23.438 9.375 -0.25585
23.438 10.156 -0.29292
23.438 10.938 -0.23233
23.438 11.719 -0.095972
23.438 12.5 -0.036497
23.438 13.281 -0.074024
23.438 14.063 -0.09551
23.438 14.844 -0.088502
23.438 15.625 -0.071856
23.438 16.406 -0.082827
23.438 17.188 0.016238
23.438 17.969 0.10545
23.438 18.75 0.12339
23.438 19.531 0.068575
23.438 20.313 -0.021109
23.438 21.094 -0.13476
23.438 21.875 -0.24324
23.438 22.656 -0.21512
23.438 23.438 -0.05591
23.438 24.219 -0.067574
23.438 25 0.0012991
24.219 -24.219 0.14076
24.219 -23.438 0.15431
24.219 -22.656 0.14994
24.219 -21.875 0.078785
24.219 -21.094 -0.059768
24.219 -20.313 -0.15151
24.219 -19.531 -0.21782
24.219 -18.75 -0.29007
24.219 -17.969 -0.20867
24.219 -17.188 -0.050952
24.219 -16.406 0.013764
24.219 -15.625 0.092051
24.219 -14.844 0.20849
24.219 -14.063 0.33441
24.219 -13.281 0.33489
24.219 -12.5 0.23874
24.219 -11.719 0.16227
24.219 -10.938 -0.029514
24.219 -10.156 -0.15946
24.219 -9.375 -0.21364
24.219 -8.5938 -0.35391
24.219 -7.8125 -0.3523
24.219 -7.0313 -0.26998
24.219 -6.25 -0.17793
24.219 -5.4688 -0.1099
24.219 -4.6875 -0.072157
24.219 -3.9063 -0.044611
24.219 -3.125 -0.03495
24.219 -2.3438 -0.085
24.219 -1.5625 -0.13557
24.219 -0.78125 -0.17947
24.219 0 -0.19567
24.219 0.78125 -0.089517
24.219 1.5625 -0.074728
24.219 2.3438 -0.16783
24.219 3.125 -0.13917
24.219 3.9063 -0.039941
24.219 4.6875 0.057775
24.219 5.4688 0.051166
24.219 6.25 0.037723
24.219 7.0313 0.0069732
24.219 7.8125 -0.071998
24.219 8.5938 -0.19761
24.219 9.375 -0.27435
24.219 10.156 -0.22931
24.219 10.938 -0.14782
24.219 11.719 -0.10447
24.219 12.5 -0.071182
24.219 13.281 -0.01954
24.219 14.063 -0.028288
24.219 14.844 0.0069271
24.219 15.625 -0.0612
24.219 16.406 -0.1348
24.219 17.188 -0.084025
24.219 17.969 0.026804
24.219 18.75 0.051183
24.219 19.531 0.023373
24.219 20.313 -0.049278
24.219 21.094 -0.12819
24.219 21.875 -0.18552
24.219 22.656 -0.1393
24.219 23.438 -0.022001
24.219 24.219 0.015283
24.219 25 0.10132
25 -24.219 0.19063
25 -23.438 0.20593
25 -22.656 0.14332
25 -21.875 -0.029776
25 -21.094 -0.20735
25 -20.313 -0.32668
25 -19.531 -0.28669
25 -18.75 -0.24641
25 -17.969 -0.20027
25 -17.188 -0.094046
25 -16.406 0.051043
25 -15.625 0.1184
25 -14.844 0.17709
25 -14.063 0.22376
25 -13.281 0.26814
25 -12.5 0.21638
25 -11.719 0.13847
25 -10.938 -0.10279
25 -10.156 -0.24056
25 -9.375 -0.31625
25 -8.5938 -0.37967
25 -7.8125 -0.38286
25 -7.0313 -0.26207
25 -6.25 -0.16787
25 -5.4688 -0.0371
25 -4.6875 -0.027592
25 -3.9063 -0.045468
25 -3.125 -0.03345
25 -2.3438 -0.10055
25 -1.5625 -0.16108
25 -0.78125 -0.18555
25 0 -0.15414
25 0.78125 -0.06354
25 1.5625 -0.07285
25 2.3438 -0.13294
25 3.125 -0.13106
25 3.9063 -0.05204
25 4.6875 -0.00075303
25 5.4688 0.014585
25 6.25 -0.007305
25 7.0313 -0.028289
25 7.8125 -0.12081
25 8.5938 -0.18816
25 9.375 -0.24306
25 10.156 -0.16239
25 10.938 -0.14494
25 11.719 -0.15392
25 12.5 -0.0796
25 13.281 0.012962
25 14.063 0.02347
25 14.844 0.036701
25 15.625 -0.018258
25 16.406 -0.072894
25 17.188 -0.11811
25 17.969 -0.0491
25 18.75 0.001659
25 19.531 -0.032668
25 20.313 -0.080098
25 21.094 -0.14041
25 21.875 -0.14857
25 22.656 -0.084567
25 23.438 -0.013968
25 24.219 0.10079
25 25 0.18389
