-24.219 -24.219 -0.22017
-24.219 -23.438 -0.10394
-24.219 -22.656 -0.026608
-24.219 -21.875 0.045262
-24.219 -21.094 0.0071051
-24.219 -20.313 -0.042251
-24.219 -19.531 -0.18426
-24.219 -18.75 -0.14204
-24.219 -17.969 -0.080299
-24.219 -17.188 -0.00044427
-24.219 -16.406 0.062396
-24.219 -15.625 0.069527
-24.219 -14.844 0.13861
-24.219 -14.063 0.19707
-24.219 -13.281 0.22489
-24.219 -12.5 0.16765
-24.219 -11.719 0.11014
-24.219 -10.938 0.082499
-24.219 -10.156 0.056151
-24.219 -9.375 0.067058
-24.219 -8.5938 0.074322
-24.219 -7.8125 0.11119
-24.219 -7.0313 0.030682
-24.219 -6.25 0.02494
-24.219 -5.4688 0.11393
-24.219 -4.6875 0.26112
-24.219 -3.9063 0.33276
-24.219 -3.125 0.26684
-24.219 -2.3438 0.14162
-24.219 -1.5625 0.031304
-24.219 -0.78125 -0.027657
-24.219 0 -0.049266
-24.219 0.78125 -0.026466
-24.219 1.5625 -0.040207
-24.219 2.3438 -0.050925
-24.219 3.125 0.032533
-24.219 3.9063 0.034127
-24.219 4.6875 0.076285
-24.219 5.4688 0.023326
-24.219 6.25 -0.030657
-24.219 7.0313 -0.085833
-24.219 7.8125 -0.062069
-24.219 8.5938 -0.0052738
-24.219 9.375 0.13892
-24.219 10.156 0.05864
-24.219 10.938 -0.028645
-24.219 11.719 -0.078496
-24.219 12.5 -0.081201
-24.219 13.281 -0.010446
-24.219 14.063 0.07695
-24.219 14.844 0.075113
-24.219 15.625 -0.010628
-24.219 16.406 -0.067089
-24.219 17.188 -0.10001
-24.219 17.969 -0.19142
-24.219 18.75 -0.21749
-24.219 19.531 -0.17838
-24.219 20.313 -0.14222
-24.219 21.094 -0.19021
-24.219 21.875 -0.24353
-24.219 22.656 -0.16326
-24.219 23.438 -0.11946
-24.219 24.219 -0.12901
-24.219 25 -0.2192
-23.438 -24.219 -0.16299
-23.438 -23.438 -0.039898
-23.438 -22.656 0.057794
-23.438 -21.875 0.071919
-23.438 -21.094 -0.017175
-23.438 -20.313 -0.14171
-23.438 -19.531 -0.27568
-23.438 -18.75 -0.21689
-23.438 -17.969 -0.1159
-23.438 -17.188 -0.047108
-23.438 -16.406 -0.0051634
-23.438 -15.625 0.031676
-23.438 -14.844 0.12412
-23.438 -14.063 0.22732
-23.438 -13.281 0.24919
-23.438 -12.5 0.13685
-23.438 -11.719 0.08768
-23.438 -10.938 0.026882
-23.438 -10.156 0.019613
-23.438 -9.375 0.0039182
-23.438 -8.5938 0.015255
-23.438 -7.8125 0.064278
-23.438 -7.0313 0.043732
-23.438 -6.25 0.051023
-23.438 -5.4688 0.12643
-23.438 -4.6875 0.31909
-23.438 -3.9063 0.31322
-23.438 -3.125 0.20097
-23.438 -2.3438 0.080755
-23.438 -1.5625 -0.020557
-23.438 -0.78125 -0.10319
-23.438 0 -0.05333
-23.438 0.78125 0.017341
-23.438 1.5625 -0.027103
-23.438 2.3438 -0.051854
-23.438 3.125 0.044433
-23.438 3.9063 0.13252
-23.438 4.6875 0.11812
-23.438 5.4688 0.0012741
-23.438 6.25 -0.042066
-23.438 7.0313 -0.09752
-23.438 7.8125 -0.093443
-23.438 8.5938 0.013267
-23.438 9.375 0.12964
-23.438 10.156 0.10767
-23.438 10.938 0.015594
-23.438 11.719 -0.058178
-23.438 12.5 -0.028075
-23.438 13.281 0.049179
-23.438 14.063 0.08579
-23.438 14.844 0.038859
-23.438 15.625 -0.044375
-23.438 16.406 -0.048102
-23.438 17.188 -0.0653
-23.438 17.969 -0.13588
-23.438 18.75 -0.14321
-23.438 19.531 -0.10143
-23.438 20.313 -0.12742
-23.438 21.094 -0.18168
-23.438 21.875 -0.21732
-23.438 22.656 -0.20693
-23.438 23.438 -0.15977
-23.438 24.219 -0.16539
-23.438 25 -0.21694
-22.656 -24.219 -0.10484
-22.656 -23.438 0.018671
-22.656 -22.656 0.077771
-22.656 -21.875 0.056554
-22.656 -21.094 -0.022709
-22.656 -20.313 -0.18052
-22.656 -19.531 -0.31514
-22.656 -18.75 -0.25229
-22.656 -17.969 -0.1447
-22.656 -17.188 -0.1226
-22.656 -16.406 -0.04521
-22.656 -15.625 0.016702
-22.656 -14.844 0.11358
-22.656 -14.063 0.21041
-22.656 -13.281 0.2788
-22.656 -12.5 0.18803
-22.656 -11.719 0.032299
-22.656 -10.938 -0.05093
-22.656 -10.156 -0.043852
-22.656 -9.375 -0.039868
-22.656 -8.5938 -0.027983
-22.656 -7.8125 -0.0028293
-22.656 -7.0313 0.066015
-22.656 -6.25 0.097297
-22.656 -5.4688 0.15111
-22.656 -4.6875 0.31232
-22.656 -3.9063 0.2602
-22.656 -3.125 0.13117
-22.656 -2.3438 0.0055713
-22.656 -1.5625 -0.036436
-22.656 -0.78125 -0.16672
-22.656 0 -0.037815
-22.656 0.78125 0.02552
-22.656 1.5625 -0.0089765
-22.656 2.3438 0.0010035
-22.656 3.125 0.084362
-22.656 3.9063 0.17507
-22.656 4.6875 0.16117
-22.656 5.4688 0.039483
-22.656 6.25 -0.03543
-22.656 7.0313 -0.077149
-22.656 7.8125 -0.054628
-22.656 8.5938 -0.0062171
-22.656 9.375 0.04904
-22.656 10.156 0.060965
-22.656 10.938 0.035772
-22.656 11.719 -0.020304
-22.656 12.5 -0.017005
-22.656 13.281 0.04406
-22.656 14.063 0.086147
-22.656 14.844 0.038564
-22.656 15.625 -0.018139
-22.656 16.406 -0.026915
-22.656 17.188 -0.019459
-22.656 17.969 -0.048502
-22.656 18.75 -0.030332
-22.656 19.531 -0.037032
-22.656 20.313 -0.1532
-22.656 21.094 -0.20648
-22.656 21.875 -0.20466
-22.656 22.656 -0.18127
-22.656 23.438 -0.20142
-22.656 24.219 -0.24106
-22.656 25 -0.24934
-21.875 -24.219 -0.085828
-21.875 -23.438 0.052019
-21.875 -22.656 0.1239
-21.875 -21.875 0.045626
-21.875 -21.094 -0.048758
-21.875 -20.313 -0.16862
-21.875 -19.531 -0.27877
-21.875 -18.75 -0.23585
-21.875 -17.969 -0.17053
-21.875 -17.188 -0.088604
-21.875 -16.406 -0.052468
-21.875 -15.625 0.0068103
-21.875 -14.844 0.072848
-21.875 -14.063 0.16238
-21.875 -13.281 0.20906
-21.875 -12.5 0.18159
-21.875 -11.719 0.001893
-21.875 -10.938 -0.082701
-21.875 -10.156 -0.093293
-21.875 -9.375 -0.087942
-21.875 -8.5938 -0.0641
-21.875 -7.8125 -0.075913
-21.875 -7.0313 0.07052
-21.875 -6.25 0.14249
-21.875 -5.4688 0.19464
-21.875 -4.6875 0.29741
-21.875 -3.9063 0.2177
-21.875 -3.125 0.025727
-21.875 -2.3438 -0.033076
-21.875 -1.5625 -0.043973
-21.875 -0.78125 -0.11501
-21.875 0 -0.057134
-21.875 0.78125 -0.034645
-21.875 1.5625 -0.010513
-21.875 2.3438 0.034379
-21.875 3.125 0.093537
-21.875 3.9063 0.10864
-21.875 4.6875 0.11371
-21.875 5.4688 0.042122
-21.875 6.25 -0.029161
-21.875 7.0313 -0.0073491
-21.875 7.8125 0.011084
-21.875 8.5938 -0.01174
-21.875 9.375 -0.035885
-21.875 10.156 -0.021403
-21.875 10.938 -0.020256
-21.875 11.719 -0.0081737
-21.875 12.5 -0.0059736
-21.875 13.281 0.039309
-21.875 14.063 0.06
-21.875 14.844 -0.022417
-21.875 15.625 -0.059294
-21.875 16.406 -0.033899
-21.875 17.188 0.015363
-21.875 17.969 0.030452
-21.875 18.75 0.039564
-21.875 19.531 -0.008815
-21.875 20.313 -0.19769
-21.875 21.094 -0.24827
-21.875 21.875 -0.18247
-21.875 22.656 -0.21083
-21.875 23.438 -0.17556
-21.875 24.219 -0.22907
-21.875 25 -0.24172
-21.094 -24.219 -0.06009
-21.094 -23.438 0.045045
-21.094 -22.656 0.12714
-21.094 -21.875 0.049995
-21.094 -21.094 -0.061014
-21.094 -20.313 -0.1806
-21.094 -19.531 -0.26371
-21.094 -18.75 -0.20076
-21.094 -17.969 -0.18096
-21.094 -17.188 0.0006905
-21.094 -16.406 -0.013559
-21.094 -15.625 -0.0079615
-21.094 -14.844 0.0098247
-21.094 -14.063 0.086999
-21.094 -13.281 0.14031
-21.094 -12.5 0.076556
-21.094 -11.719 -0.03395
-21.094 -10.938 -0.11913
-21.094 -10.156 -0.11545
-21.094 -9.375 -0.08449
-21.094 -8.5938 -0.094431
-21.094 -7.8125 -0.049391
-21.094 -7.0313 0.10086
-21.094 -6.25 0.19466
-21.094 -5.4688 0.28836
-21.094 -4.6875 0.29422
-21.094 -3.9063 0.11919
-21.094 -3.125 -0.068506
-21.094 -2.3438 -0.063601
-21.094 -1.5625 -0.052981
-21.094 -0.78125 -0.049233
-21.094 0 -0.048431
-21.094 0.78125 0.017442
-21.094 1.5625 0.021775
-21.094 2.3438 0.041741
-21.094 3.125 0.049
-21.094 3.9063 0.095481
-21.094 4.6875 0.059157
-21.094 5.4688 -0.023026
-21.094 6.25 -0.033197
-21.094 7.0313 0.017836
-21.094 7.8125 0.039975
-21.094 8.5938 -0.046843
-21.094 9.375 -0.052149
-21.094 10.156 -0.072527
-21.094 10.938 -0.027661
-21.094 11.719 0.017624
-21.094 12.5 -0.025228
-21.094 13.281 0.041306
-21.094 14.063 0.034504
-21.094 14.844 -0.026777
-21.094 15.625 -0.098607
-21.094 16.406 -0.080903
-21.094 17.188 0.0075908
-21.094 17.969 0.052638
-21.094 18.75 0.084812
-21.094 19.531 -0.0032891
-21.094 20.313 -0.20219
-21.094 21.094 -0.30029
-21.094 21.875 -0.23013
-21.094 22.656 -0.18752
-21.094 23.438 -0.15706
-21.094 24.219 -0.21618
-21.094 25 -0.20866
-20.313 -24.219 -0.036329
-20.313 -23.438 0.036298
-20.313 -22.656 0.047246
-20.313 -21.875 -0.015145
-20.313 -21.094 -0.16332
-20.313 -20.313 -0.22026
-20.313 -19.531 -0.27916
-20.313 -18.75 -0.21886
-20.313 -17.969 -0.13119
-20.313 -17.188 0.0015834
-20.313 -16.406 -0.0048379
-20.313 -15.625 -0.017904
-20.313 -14.844 0.033113
-20.313 -14.063 0.046288
-20.313 -13.281 0.07333
-20.313 -12.5 -0.032171
-20.313 -11.719 -0.15684
-20.313 -10.938 -0.16005
-20.313 -10.156 -0.097181
-20.313 -9.375 -0.11563
-20.313 -8.5938 -0.15628
-20.313 -7.8125 -0.060279
-20.313 -7.0313 0.10789
-20.313 -6.25 0.19261
-20.313 -5.4688 0.2327
-20.313 -4.6875 0.25305
-20.313 -3.9063 0.13768
-20.313 -3.125 -0.025999
-20.313 -2.3438 -0.059658
-20.313 -1.5625 -0.061429
-20.313 -0.78125 -0.067153
-20.313 0 -0.029321
-20.313 0.78125 0.08809
-20.313 1.5625 0.091219
-20.313 2.3438 0.10082
-20.313 3.125 0.044074
-20.313 3.9063 0.038521
-20.313 4.6875 0.036116
-20.313 5.4688 -0.00078629
-20.313 6.25 0.019293
-20.313 7.0313 -0.0049112
-20.313 7.8125 -9.0135e-05
-20.313 8.5938 -0.080593
-20.313 9.375 -0.073048
-20.313 10.156 -0.087019
-20.313 10.938 -0.018103
-20.313 11.719 0.024405
-20.313 12.5 -0.06161
-20.313 13.281 -0.056074
-20.313 14.063 -0.031761
-20.313 14.844 -0.048555
-20.313 15.625 -0.016932
-20.313 16.406 -0.0069102
-20.313 17.188 0.02593
-20.313 17.969 0.037113
-20.313 18.75 0.070611
-20.313 19.531 0.0057328
-20.313 20.313 -0.16658
-20.313 21.094 -0.29106
-20.313 21.875 -0.2583
-20.313 22.656 -0.16455
-20.313 23.438 -0.13615
-20.313 24.219 -0.16857
-20.313 25 -0.17392
-19.531 -24.219 -0.046767
-19.531 -23.438 0.007719
-19.531 -22.656 0.021997
-19.531 -21.875 -0.091089
-19.531 -21.094 -0.21487
-19.531 -20.313 -0.29448
-19.531 -19.531 -0.29875
-19.531 -18.75 -0.2371
-19.531 -17.969 -0.096388
-19.531 -17.188 -0.018203
-19.531 -16.406 0.02754
-19.531 -15.625 0.016492
-19.531 -14.844 0.045395
-19.531 -14.063 0.083281
-19.531 -13.281 0.022157
-19.531 -12.5 -0.084286
-19.531 -11.719 -0.21308
-19.531 -10.938 -0.18098
-19.531 -10.156 -0.14142
-19.531 -9.375 -0.18266
-19.531 -8.5938 -0.18948
-19.531 -7.8125 -0.10363
-19.531 -7.0313 0.047324
-19.531 -6.25 0.12784
-19.531 -5.4688 0.15046
-19.531 -4.6875 0.18048
-19.531 -3.9063 0.15925
-19.531 -3.125 -0.019614
-19.531 -2.3438 -0.11285
-19.531 -1.5625 -0.089348
-19.531 -0.78125 -0.077479
-19.531 0 -0.06062
-19.531 0.78125 0.089158
-19.531 1.5625 0.11741
-19.531 2.3438 0.11756
-19.531 3.125 0.069453
-19.531 3.9063 0.0099355
-19.531 4.6875 0.011859
-19.531 5.4688 0.0041293
-19.531 6.25 -0.023012
-19.531 7.0313 -0.060742
-19.531 7.8125 -0.06355
-19.531 8.5938 -0.076565
-19.531 9.375 -0.091763
-19.531 10.156 -0.16234
-19.531 10.938 -0.058264
-19.531 11.719 -0.0040224
-19.531 12.5 -0.06986
-19.531 13.281 -0.049972
-19.531 14.063 -0.060162
-19.531 14.844 -0.055987
-19.531 15.625 -0.016139
-19.531 16.406 -0.0099999
-19.531 17.188 0.05722
-19.531 17.969 0.059262
-19.531 18.75 0.045717
-19.531 19.531 -0.0061732
-19.531 20.313 -0.13239
-19.531 21.094 -0.30012
-19.531 21.875 -0.27427
-19.531 22.656 -0.11219
-19.531 23.438 -0.056439
-19.531 24.219 -0.090696
-19.531 25 -0.1368
-18.75 -24.219 -0.048114
-18.75 -23.438 -0.022461
-18.75 -22.656 -0.012362
-18.75 -21.875 -0.14119
-18.75 -21.094 -0.26027
-18.75 -20.313 -0.29464
-18.75 -19.531 -0.31999
-18.75 -18.75 -0.22955
-18.75 -17.969 -0.11969
-18.75 -17.188 -0.0068202
-18.75 -16.406 0.041139
-18.75 -15.625 0.024953
-18.75 -14.844 0.075782
-18.75 -14.063 0.079127
-18.75 -13.281 -0.033184
-18.75 -12.5 -0.16942
-18.75 -11.719 -0.21074
-18.75 -10.938 -0.20133
-18.75 -10.156 -0.15962
-18.75 -9.375 -0.14231
-18.75 -8.5938 -0.1059
-18.75 -7.8125 -0.067204
-18.75 -7.0313 -0.01015
-18.75 -6.25 0.084141
-18.75 -5.4688 0.035372
-18.75 -4.6875 0.076073
-18.75 -3.9063 0.097666
-18.75 -3.125 -0.024754
-18.75 -2.3438 -0.12108
-18.75 -1.5625 -0.037224
-18.75 -0.78125 -0.065703
-18.75 0 -0.024011
-18.75 0.78125 0.094089
-18.75 1.5625 0.1543
-18.75 2.3438 0.14963
-18.75 3.125 0.096896
-18.75 3.9063 0.0072342
-18.75 4.6875 0.0096372
-18.75 5.4688 -0.044543
-18.75 6.25 -0.077827
-18.75 7.0313 -0.056523
-18.75 7.8125 -0.046302
-18.75 8.5938 -0.084048
-18.75 9.375 -0.11521
-18.75 10.156 -0.14266
-18.75 10.938 -0.055623
-18.75 11.719 -0.039158
-18.75 12.5 -0.090586
-18.75 13.281 -0.026377
-18.75 14.063 -0.063994
-18.75 14.844 -0.054224
-18.75 15.625 -0.055182
-18.75 16.406 -0.057547
-18.75 17.188 0.012647
-18.75 17.969 0.099516
-18.75 18.75 0.079139
-18.75 19.531 0.0021645
-18.75 20.313 -0.20435
-18.75 21.094 -0.29642
-18.75 21.875 -0.24741
-18.75 22.656 -0.065625
-18.75 23.438 0.0023252
-18.75 24.219 -0.0467
-18.75 25 -0.069343
-17.969 -24.219 3.5735e-05
-17.969 -23.438 -0.0063257
-17.969 -22.656 -0.068376
-17.969 -21.875 -0.18541
-17.969 -21.094 -0.26452
-17.969 -20.313 -0.29013
-17.969 -19.531 -0.24607
-17.969 -18.75 -0.18564
-17.969 -17.969 -0.11223
-17.969 -17.188 -0.02974
-17.969 -16.406 0.061895
-17.969 -15.625 0.038416
-17.969 -14.844 0.037549
-17.969 -14.063 0.03438
-17.969 -13.281 -0.055904
-17.969 -12.5 -0.22562
-17.969 -11.719 -0.21466
-17.969 -10.938 -0.18585
-17.969 -10.156 -0.14721
-17.969 -9.375 -0.13463
-17.969 -8.5938 -0.068029
-17.969 -7.8125 0.033936
-17.969 -7.0313 0.032391
-17.969 -6.25 0.025852
-17.969 -5.4688 -0.043173
-17.969 -4.6875 -0.029633
-17.969 -3.9063 0.05969
-17.969 -3.125 -0.044172
-17.969 -2.3438 -0.086348
-17.969 -1.5625 -0.048696
-17.969 -0.78125 -0.058453
-17.969 0 -0.015926
-17.969 0.78125 0.1326
-17.969 1.5625 0.24688
-17.969 2.3438 0.22316
-17.969 3.125 0.13007
-17.969 3.9063 0.098956
-17.969 4.6875 0.065716
-17.969 5.4688 -0.068077
-17.969 6.25 -0.13514
-17.969 7.0313 -0.069467
-17.969 7.8125 -0.045779
-17.969 8.5938 -0.022936
-17.969 9.375 -0.10066
-17.969 10.156 -0.10571
-17.969 10.938 -0.033746
-17.969 11.719 -0.082466
-17.969 12.5 -0.11542
-17.969 13.281 -0.00045305
-17.969 14.063 -0.034008
-17.969 14.844 -0.066946
-17.969 15.625 -0.068313
-17.969 16.406 -0.060285
-17.969 17.188 0.010461
-17.969 17.969 0.13438
-17.969 18.75 0.085433
-17.969 19.531 -0.041426
-17.969 20.313 -0.23109
-17.969 21.094 -0.30104
-17.969 21.875 -0.19793
-17.969 22.656 -0.019096
-17.969 23.438 0.019821
-17.969 24.219 -0.024228
-17.969 25 -0.03461
-17.188 -24.219 -0.040887
-17.188 -23.438 0.014494
-17.188 -22.656 -0.11378
-17.188 -21.875 -0.16562
-17.188 -21.094 -0.2385
-17.188 -20.313 -0.29287
-17.188 -19.531 -0.19882
-17.188 -18.75 -0.15049
-17.188 -17.969 -0.11492
-17.188 -17.188 -0.04239
-17.188 -16.406 0.046492
-17.188 -15.625 0.074501
-17.188 -14.844 0.082286
-17.188 -14.063 0.05067
-17.188 -13.281 -0.081291
-17.188 -12.5 -0.23469
-17.188 -11.719 -0.22178
-17.188 -10.938 -0.19628
-17.188 -10.156 -0.16983
-17.188 -9.375 -0.082792
-17.188 -8.5938 -0.0042429
-17.188 -7.8125 0.075219
-17.188 -7.0313 0.063651
-17.188 -6.25 -0.014897
-17.188 -5.4688 -0.046579
-17.188 -4.6875 -0.05414
-17.188 -3.9063 -0.047693
-17.188 -3.125 -0.095644
-17.188 -2.3438 -0.11711
-17.188 -1.5625 -0.10079
-17.188 -0.78125 -0.048232
-17.188 0 0.044718
-17.188 0.78125 0.1953
-17.188 1.5625 0.2839
-17.188 2.3438 0.23726
-17.188 3.125 0.16316
-17.188 3.9063 0.15488
-17.188 4.6875 0.11484
-17.188 5.4688 -0.066659
-17.188 6.25 -0.14998
-17.188 7.0313 -0.090336
-17.188 7.8125 -0.02649
-17.188 8.5938 0.033362
-17.188 9.375 -0.017586
-17.188 10.156 -0.030163
-17.188 10.938 7.9452e-06
-17.188 11.719 -0.04069
-17.188 12.5 -0.09373
-17.188 13.281 -0.026233
-17.188 14.063 -0.03427
-17.188 14.844 -0.094185
-17.188 15.625 -0.1077
-17.188 16.406 -0.037998
-17.188 17.188 0.048807
-17.188 17.969 0.14427
-17.188 18.75 0.054526
-17.188 19.531 -0.11794
-17.188 20.313 -0.29469
-17.188 21.094 -0.27873
-17.188 21.875 -0.17666
-17.188 22.656 -0.028312
-17.188 23.438 -0.0043749
-17.188 24.219 -0.029452
-17.188 25 -0.021799
-16.406 -24.219 -0.038467
-16.406 -23.438 -0.049075
-16.406 -22.656 -0.11458
-16.406 -21.875 -0.17826
-16.406 -21.094 -0.27071
-16.406 -20.313 -0.22666
-16.406 -19.531 -0.1597
-16.406 -18.75 -0.13371
-16.406 -17.969 -0.077373
-16.406 -17.188 0.0065756
-16.406 -16.406 0.01185
-16.406 -15.625 0.025067
-16.406 -14.844 0.086328
-16.406 -14.063 0.04027
-16.406 -13.281 -0.12342
-16.406 -12.5 -0.21998
-16.406 -11.719 -0.17234
-16.406 -10.938 -0.17412
-16.406 -10.156 -0.15234
-16.406 -9.375 -0.029235
-16.406 -8.5938 0.081945
-16.406 -7.8125 0.15949
-16.406 -7.0313 0.079063
-16.406 -6.25 -0.038602
-16.406 -5.4688 -0.053765
-16.406 -4.6875 -0.039155
-16.406 -3.9063 -0.058693
-16.406 -3.125 -0.060337
-16.406 -2.3438 -0.1346
-16.406 -1.5625 -0.062932
-16.406 -0.78125 0.028933
-16.406 0 0.08491
-16.406 0.78125 0.20279
-16.406 1.5625 0.27741
-16.406 2.3438 0.27632
-16.406 3.125 0.22425
-16.406 3.9063 0.14374
-16.406 4.6875 0.13481
-16.406 5.4688 -0.014488
-16.406 6.25 -0.13234
-16.406 7.0313 -0.096195
-16.406 7.8125 0.057829
-16.406 8.5938 0.15214
-16.406 9.375 0.086654
-16.406 10.156 0.010132
-16.406 10.938 0.022563
-16.406 11.719 0.021806
-16.406 12.5 -0.024011
-16.406 13.281 -0.062967
-16.406 14.063 -0.080697
-16.406 14.844 -0.068152
-16.406 15.625 -0.072531
-16.406 16.406 -0.0037328
-16.406 17.188 0.066968
-16.406 17.969 0.16
-16.406 18.75 0.055636
-16.406 19.531 -0.15432
-16.406 20.313 -0.26259
-16.406 21.094 -0.17268
-16.406 21.875 -0.13074
-16.406 22.656 -0.069096
-16.406 23.438 -0.034176
-16.406 24.219 0.00062175
-16.406 25 0.042889
-15.625 -24.219 -0.044442
-15.625 -23.438 -0.10043
-15.625 -22.656 -0.11555
-15.625 -21.875 -0.16814
-15.625 -21.094 -0.24039
-15.625 -20.313 -0.18311
-15.625 -19.531 -0.1445
-15.625 -18.75 -0.10192
-15.625 -17.969 -0.048101
-15.625 -17.188 0.028981
-15.625 -16.406 -0.00022678
-15.625 -15.625 -0.044762
-15.625 -14.844 0.0027934
-15.625 -14.063 -0.009709
-15.625 -13.281 -0.10798
-15.625 -12.5 -0.21678
-15.625 -11.719 -0.081563
-15.625 -10.938 -0.071006
-15.625 -10.156 -0.047234
-15.625 -9.375 0.017081
-15.625 -8.5938 0.097523
-15.625 -7.8125 0.12651
-15.625 -7.0313 0.064916
-15.625 -6.25 -0.01846
-15.625 -5.4688 -0.034672
-15.625 -4.6875 -0.0017251
-15.625 -3.9063 -0.015153
-15.625 -3.125 -0.043695
-15.625 -2.3438 -0.12476
-15.625 -1.5625 -0.041145
-15.625 -0.78125 0.091997
-15.625 0 0.14634
-15.625 0.78125 0.22847
-15.625 1.5625 0.3211
-15.625 2.3438 0.30398
-15.625 3.125 0.26835
-15.625 3.9063 0.13738
-15.625 4.6875 0.13468
-15.625 5.4688 0.065003
-15.625 6.25 -0.032124
-15.625 7.0313 -0.033919
-15.625 7.8125 0.11622
-15.625 8.5938 0.26485
-15.625 9.375 0.17757
-15.625 10.156 0.055136
-15.625 10.938 0.056391
-15.625 11.719 0.091413
-15.625 12.5 0.058183
-15.625 13.281 -0.038708
-15.625 14.063 -0.099038
-15.625 14.844 -0.092117
-15.625 15.625 -0.039909
-15.625 16.406 0.036247
-15.625 17.188 0.13308
-15.625 17.969 0.20012
-15.625 18.75 0.046172
-15.625 19.531 -0.1005
-15.625 20.313 -0.16076
-15.625 21.094 -0.09951
-15.625 21.875 -0.028814
-15.625 22.656 -0.0029695
-15.625 23.438 -0.028666
-15.625 24.219 0.020559
-15.625 25 0.030734
-14.844 -24.219 -0.073256
-14.844 -23.438 -0.10838
-14.844 -22.656 -0.10532
-14.844 -21.875 -0.090271
-14.844 -21.094 -0.179
-14.844 -20.313 -0.17049
-14.844 -19.531 -0.15254
-14.844 -18.75 -0.11694
-14.844 -17.969 -0.039233
-14.844 -17.188 0.01184
-14.844 -16.406 0.0016282
-14.844 -15.625 -0.018223
-14.844 -14.844 -0.074192
-14.844 -14.063 -0.072915
-14.844 -13.281 -0.14789
-14.844 -12.5 -0.1728
-14.844 -11.719 -0.056849
-14.844 -10.938 -0.037319
-14.844 -10.156 -0.011528
-14.844 -9.375 0.050697
-14.844 -8.5938 0.098785
-14.844 -7.8125 0.12407
-14.844 -7.0313 0.046659
-14.844 -6.25 -0.0031751
-14.844 -5.4688 0.0086287
-14.844 -4.6875 -0.012749
-14.844 -3.9063 -0.0054259
-14.844 -3.125 -0.067089
-14.844 -2.3438 -0.12387
-14.844 -1.5625 -0.054259
-14.844 -0.78125 0.043168
-14.844 0 0.14384
-14.844 0.78125 0.19943
-14.844 1.5625 0.25157
-14.844 2.3438 0.32171
-14.844 3.125 0.26175
-14.844 3.9063 0.1339
-14.844 4.6875 0.15454
-14.844 5.4688 0.12342
-14.844 6.25 0.059075
-14.844 7.0313 0.08209
-14.844 7.8125 0.18299
-14.844 8.5938 0.25201
-14.844 9.375 0.19594
-14.844 10.156 0.11949
-14.844 10.938 0.10066
-14.844 11.719 0.11077
-14.844 12.5 0.070887
-14.844 13.281 0.016584
-14.844 14.063 -0.019352
-14.844 14.844 -0.078229
-14.844 15.625 -0.033976
-14.844 16.406 0.084932
-14.844 17.188 0.22798
-14.844 17.969 0.16353
-14.844 18.75 -0.023118
-14.844 19.531 -0.089267
-14.844 20.313 -0.060151
-14.844 21.094 -0.014095
-14.844 21.875 0.02333
-14.844 22.656 0.057032
-14.844 23.438 0.05314
-14.844 24.219 0.03385
-14.844 25 -0.0032063
-14.063 -24.219 -0.088488
-14.063 -23.438 -0.07209
-14.063 -22.656 -0.035541
-14.063 -21.875 -0.073635
-14.063 -21.094 -0.090947
-14.063 -20.313 -0.12927
-14.063 -19.531 -0.092763
-14.063 -18.75 -0.047717
-14.063 -17.969 -0.0024958
-14.063 -17.188 0.0065342
-14.063 -16.406 -0.010108
-14.063 -15.625 -0.093013
-14.063 -14.844 -0.16992
-14.063 -14.063 -0.17624
-14.063 -13.281 -0.1427
-14.063 -12.5 -0.1363
-14.063 -11.719 -0.048765
-14.063 -10.938 -0.046272
-14.063 -10.156 -0.016507
-14.063 -9.375 0.033659
-14.063 -8.5938 0.088349
-14.063 -7.8125 0.1324
-14.063 -7.0313 0.051502
-14.063 -6.25 -0.044599
-14.063 -5.4688 -0.05478
-14.063 -4.6875 -0.0076335
-14.063 -3.9063 0.045899
-14.063 -3.125 -0.057652
-14.063 -2.3438 -0.073818
-14.063 -1.5625 -0.057511
-14.063 -0.78125 -0.0049418
-14.063 0 0.12683
-14.063 0.78125 0.17757
-14.063 1.5625 0.21885
-14.063 2.3438 0.28845
-14.063 3.125 0.20938
-14.063 3.9063 0.17825
-14.063 4.6875 0.1504
-14.063 5.4688 0.1551
-14.063 6.25 0.13982
-14.063 7.0313 0.18524
-14.063 7.8125 0.25611
-14.063 8.5938 0.26858
-14.063 9.375 0.21435
-14.063 10.156 0.19106
-14.063 10.938 0.15922
-14.063 11.719 0.11605
-14.063 12.5 0.14431
-14.063 13.281 0.13016
-14.063 14.063 0.077933
-14.063 14.844 0.05995
-14.063 15.625 0.035949
-14.063 16.406 0.13149
-14.063 17.188 0.20626
-14.063 17.969 0.091
-14.063 18.75 -0.0029777
-14.063 19.531 -0.089226
-14.063 20.313 -0.048976
-14.063 21.094 0.025082
-14.063 21.875 0.064147
-14.063 22.656 0.10209
-14.063 23.438 0.096601
-14.063 24.219 0.035047
-14.063 25 -0.015571
-13.281 -24.219 -0.090292
-13.281 -23.438 0.012089
-13.281 -22.656 0.011814
-13.281 -21.875 -0.028476
-13.281 -21.094 -0.033626
-13.281 -20.313 -0.073398
-13.281 -19.531 -0.018435
-13.281 -18.75 0.022608
-13.281 -17.969 0.0099463
-13.281 -17.188 -0.015093
-13.281 -16.406 -0.064627
-13.281 -15.625 -0.13716
-13.281 -14.844 -0.21529
-13.281 -14.063 -0.18884
-13.281 -13.281 -0.10052
-13.281 -12.5 -0.0072963
-13.281 -11.719 0.011611
-13.281 -10.938 -0.069157
-13.281 -10.156 -0.042065
-13.281 -9.375 0.044774
-13.281 -8.5938 0.059505
-13.281 -7.8125 0.038092
-13.281 -7.0313 0.0022326
-13.281 -6.25 -0.05275
-13.281 -5.4688 -0.066728
-13.281 -4.6875 0.033791
-13.281 -3.9063 0.013067
-13.281 -3.125 -0.048157
-13.281 -2.3438 -0.0487
-13.281 -1.5625 -0.049344
-13.281 -0.78125 0.0085537
-13.281 0 0.1117
-13.281 0.78125 0.18301
-13.281 1.5625 0.18278
-13.281 2.3438 0.2208
-13.281 3.125 0.21202
-13.281 3.9063 0.17171
-13.281 4.6875 0.15906
-13.281 5.4688 0.17941
-13.281 6.25 0.21514
-13.281 7.0313 0.20685
-13.281 7.8125 0.28061
-13.281 8.5938 0.26049
-13.281 9.375 0.18474
-13.281 10.156 0.19607
-13.281 10.938 0.21155
-13.281 11.719 0.18753
-13.281 12.5 0.19725
-13.281 13.281 0.15759
-13.281 14.063 0.11039
-13.281 14.844 0.12775
-13.281 15.625 0.11833
-13.281 16.406 0.17086
-13.281 17.188 0.17302
-13.281 17.969 0.09349
-13.281 18.75 0.059186
-13.281 19.531 -0.050678
-13.281 20.313 -0.036618
-13.281 21.094 0.0026184
-13.281 21.875 0.084581
-13.281 22.656 0.13129
-13.281 23.438 0.12753
-13.281 24.219 -0.00051644
-13.281 25 -0.088602
-12.5 -24.219 -0.058626
-12.5 -23.438 0.01369
-12.5 -22.656 0.013469
-12.5 -21.875 -0.010418
-12.5 -21.094 -0.021211
-12.5 -20.313 0.012609
-12.5 -19.531 0.069591
-12.5 -18.75 0.080721
-12.5 -17.969 0.020842
-12.5 -17.188 -0.044275
-12.5 -16.406 -0.14043
-12.5 -15.625 -0.21104
-12.5 -14.844 -0.21742
-12.5 -14.063 -0.1578
-12.5 -13.281 -0.031329
-12.5 -12.5 0.10495
-12.5 -11.719 0.062225
-12.5 -10.938 -0.052999
-12.5 -10.156 -0.040113
-12.5 -9.375 0.052073
-12.5 -8.5938 0.0028055
-12.5 -7.8125 -0.043507
-12.5 -7.0313 -0.079813
-12.5 -6.25 -0.07272
-12.5 -5.4688 -0.054005
-12.5 -4.6875 0.013616
-12.5 -3.9063 0.019997
-12.5 -3.125 0.011911
-12.5 -2.3438 -0.0075984
-12.5 -1.5625 -0.024573
-12.5 -0.78125 0.0047289
-12.5 0 0.090176
-12.5 0.78125 0.16128
-12.5 1.5625 0.13843
-12.5 2.3438 0.18038
-12.5 3.125 0.19203
-12.5 3.9063 0.13474
-12.5 4.6875 0.14143
-12.5 5.4688 0.1514
-12.5 6.25 0.2038
-12.5 7.0313 0.23489
-12.5 7.8125 0.29762
-12.5 8.5938 0.26102
-12.5 9.375 0.20738
-12.5 10.156 0.22585
-12.5 10.938 0.24025
-12.5 11.719 0.22257
-12.5 12.5 0.16956
-12.5 13.281 0.12476
-12.5 14.063 0.14029
-12.5 14.844 0.21023
-12.5 15.625 0.19242
-12.5 16.406 0.19322
-12.5 17.188 0.19656
-12.5 17.969 0.13249
-12.5 18.75 0.09819
-12.5 19.531 0.030345
-12.5 20.313 -0.016131
-12.5 21.094 0.030905
-12.5 21.875 0.13801
-12.5 22.656 0.1555
-12.5 23.438 0.10728
-12.5 24.219 -0.0089399
-12.5 25 -0.090886
-11.719 -24.219 0.030929
-11.719 -23.438 0.0076683
-11.719 -22.656 0.022432
-11.719 -21.875 0.041371
-11.719 -21.094 0.040333
-11.719 -20.313 0.11073
-11.719 -19.531 0.14751
-11.719 -18.75 0.08629
-11.719 -17.969 -0.027728
-11.719 -17.188 -0.06037
-11.719 -16.406 -0.13166
-11.719 -15.625 -0.28332
-11.719 -14.844 -0.29172
-11.719 -14.063 -0.10972
-11.719 -13.281 -0.00021574
-11.719 -12.5 0.11537
-11.719 -11.719 0.10528
-11.719 -10.938 -0.021705
-11.719 -10.156 -0.074483
-11.719 -9.375 -0.019791
-11.719 -8.5938 0.015422
-11.719 -7.8125 -0.049716
-11.719 -7.0313 -0.14863
-11.719 -6.25 -0.099808
-11.719 -5.4688 -0.029752
-11.719 -4.6875 0.010402
-11.719 -3.9063 0.063313
-11.719 -3.125 0.037346
-11.719 -2.3438 -0.02728
-11.719 -1.5625 0.00091351
-11.719 -0.78125 -0.026555
-11.719 0 0.045693
-11.719 0.78125 0.093739
-11.719 1.5625 0.13812
-11.719 2.3438 0.10961
-11.719 3.125 0.11439
-11.719 3.9063 0.12505
-11.719 4.6875 0.14411
-11.719 5.4688 0.21909
-11.719 6.25 0.26798
-11.719 7.0313 0.27252
-11.719 7.8125 0.27033
-11.719 8.5938 0.21658
-11.719 9.375 0.20324
-11.719 10.156 0.27164
-11.719 10.938 0.28667
-11.719 11.719 0.21365
-11.719 12.5 0.13997
-11.719 13.281 0.14338
-11.719 14.063 0.16262
-11.719 14.844 0.29277
-11.719 15.625 0.2775
-11.719 16.406 0.23373
-11.719 17.188 0.21158
-11.719 17.969 0.13443
-11.719 18.75 0.16076
-11.719 19.531 0.080106
-11.719 20.313 -0.004689
-11.719 21.094 0.052739
-11.719 21.875 0.14106
-11.719 22.656 0.15213
-11.719 23.438 0.086781
-11.719 24.219 0.015055
-11.719 25 -0.028653
-10.938 -24.219 0.060156
-10.938 -23.438 0.064714
-10.938 -22.656 0.10663
-10.938 -21.875 0.1212
-10.938 -21.094 0.09681
-10.938 -20.313 0.15103
-10.938 -19.531 0.11167
-10.938 -18.75 0.063908
-10.938 -17.969 -0.058957
-10.938 -17.188 -0.070353
-10.938 -16.406 -0.12072
-10.938 -15.625 -0.25472
-10.938 -14.844 -0.30118
-10.938 -14.063 -0.13052
-10.938 -13.281 0.050947
-10.938 -12.5 0.15865
-10.938 -11.719 0.12504
-10.938 -10.938 0.011168
-10.938 -10.156 -0.08616
-10.938 -9.375 -0.084782
-10.938 -8.5938 -0.052172
-10.938 -7.8125 -0.090437
-10.938 -7.0313 -0.15682
-10.938 -6.25 -0.13769
-10.938 -5.4688 0.0021737
-10.938 -4.6875 0.043209
-10.938 -3.9063 0.057741
-10.938 -3.125 0.041664
-10.938 -2.3438 -0.020325
-10.938 -1.5625 -0.0075855
-10.938 -0.78125 -0.01578
-10.938 0 -0.0033077
-10.938 0.78125 0.005299
-10.938 1.5625 0.07805
-10.938 2.3438 0.029817
-10.938 3.125 0.00061152
-10.938 3.9063 0.08729
-10.938 4.6875 0.11952
-10.938 5.4688 0.20788
-10.938 6.25 0.26432
-10.938 7.0313 0.24727
-10.938 7.8125 0.23801
-10.938 8.5938 0.14719
-10.938 9.375 0.14444
-10.938 10.156 0.23897
-10.938 10.938 0.22757
-10.938 11.719 0.17404
-10.938 12.5 0.15733
-10.938 13.281 0.21423
-10.938 14.063 0.19959
-10.938 14.844 0.27458
-10.938 15.625 0.30591
-10.938 16.406 0.2922
-10.938 17.188 0.17989
-10.938 17.969 0.14709
-10.938 18.75 0.15666
-10.938 19.531 0.082698
-10.938 20.313 0.063716
-10.938 21.094 0.11493
-10.938 21.875 0.15488
-10.938 22.656 0.10762
-10.938 23.438 0.11124
-10.938 24.219 0.023192
-10.938 25 -0.0036692
-10.156 -24.219 0.067947
-10.156 -23.438 0.11837
-10.156 -22.656 0.15581
-10.156 -21.875 0.18077
-10.156 -21.094 0.11399
-10.156 -20.313 0.092929
-10.156 -19.531 0.081937
-10.156 -18.75 0.046669
-10.156 -17.969 -0.010771
-10.156 -17.188 -0.10507
-10.156 -16.406 -0.15069
-10.156 -15.625 -0.2311
-10.156 -14.844 -0.22715
-10.156 -14.063 -0.057161
-10.156 -13.281 0.12272
-10.156 -12.5 0.14246
-10.156 -11.719 0.072665
-10.156 -10.938 -0.012685
-10.156 -10.156 -0.086027
-10.156 -9.375 -0.11043
-10.156 -8.5938 -0.096555
-10.156 -7.8125 -0.16001
-10.156 -7.0313 -0.17816
-10.156 -6.25 -0.088743
-10.156 -5.4688 0.080291
-10.156 -4.6875 0.14273
-10.156 -3.9063 0.11845
-10.156 -3.125 0.054318
-10.156 -2.3438 -0.025772
-10.156 -1.5625 -0.083639
-10.156 -0.78125 -0.063275
-10.156 0 -0.058158
-10.156 0.78125 -0.041073
-10.156 1.5625 0.025236
-10.156 2.3438 -0.032833
-10.156 3.125 -0.034719
-10.156 3.9063 0.094601
-10.156 4.6875 0.13311
-10.156 5.4688 0.16516
-10.156 6.25 0.18422
-10.156 7.0313 0.14161
-10.156 7.8125 0.13844
-10.156 8.5938 0.13787
-10.156 9.375 0.12277
-10.156 10.156 0.15822
-10.156 10.938 0.15044
-10.156 11.719 0.095489
-10.156 12.5 0.18151
-10.156 13.281 0.26712
-10.156 14.063 0.27875
-10.156 14.844 0.32064
-10.156 15.625 0.31175
-10.156 16.406 0.24458
-10.156 17.188 0.14213
-10.156 17.969 0.15175
-10.156 18.75 0.15535
-10.156 19.531 0.14488
-10.156 20.313 0.081177
-10.156 21.094 0.14668
-10.156 21.875 0.13884
-10.156 22.656 0.11199
-10.156 23.438 0.085838
-10.156 24.219 -0.030347
-10.156 25 -0.021005
-9.375 -24.219 0.11149
-9.375 -23.438 0.22776
-9.375 -22.656 0.23206
-9.375 -21.875 0.20024
-9.375 -21.094 0.12583
-9.375 -20.313 0.029603
-9.375 -19.531 0.017684
-9.375 -18.75 0.011002
-9.375 -17.969 -0.0097521
-9.375 -17.188 -0.094811
-9.375 -16.406 -0.17732
-9.375 -15.625 -0.24739
-9.375 -14.844 -0.15361
-9.375 -14.063 0.079154
-9.375 -13.281 0.17281
-9.375 -12.5 0.11632
-9.375 -11.719 0.027009
-9.375 -10.938 -0.036834
-9.375 -10.156 -0.090153
-9.375 -9.375 -0.12368
-9.375 -8.5938 -0.118
-9.375 -7.8125 -0.19998
-9.375 -7.0313 -0.20628
-9.375 -6.25 -0.083502
-9.375 -5.4688 0.0696
-9.375 -4.6875 0.18002
-9.375 -3.9063 0.15611
-9.375 -3.125 0.079703
-9.375 -2.3438 -0.0054758
-9.375 -1.5625 -0.054201
-9.375 -0.78125 -0.054171
-9.375 0 -0.12341
-9.375 0.78125 -0.09433
-9.375 1.5625 -0.041744
-9.375 2.3438 -0.051035
-9.375 3.125 -0.025853
-9.375 3.9063 0.077512
-9.375 4.6875 0.17757
-9.375 5.4688 0.15067
-9.375 6.25 0.12402
-9.375 7.0313 0.11342
-9.375 7.8125 0.078144
-9.375 8.5938 0.0974
-9.375 9.375 0.11297
-9.375 10.156 0.083065
-9.375 10.938 0.052491
-9.375 11.719 0.07006
-9.375 12.5 0.19087
-9.375 13.281 0.2943
-9.375 14.063 0.32631
-9.375 14.844 0.32732
-9.375 15.625 0.2999
-9.375 16.406 0.1854
-9.375 17.188 0.16712
-9.375 17.969 0.17232
-9.375 18.75 0.15304
-9.375 19.531 0.17084
-9.375 20.313 0.13729
-9.375 21.094 0.17933
-9.375 21.875 0.18761
-9.375 22.656 0.18437
-9.375 23.438 0.075868
-9.375 24.219 -0.030978
-9.375 25 -0.013051
-8.5938 -24.219 0.093955
-8.5938 -23.438 0.28037
-8.5938 -22.656 0.30727
-8.5938 -21.875 0.21988
-8.5938 -21.094 0.099287
-8.5938 -20.313 -0.017095
-8.5938 -19.531 -0.0058032
-8.5938 -18.75 -0.013981
-8.5938 -17.969 -0.04111
-8.5938 -17.188 -0.11526
-8.5938 -16.406 -0.21072
-8.5938 -15.625 -0.1889
-8.5938 -14.844 -0.094561
-8.5938 -14.063 0.12132
-8.5938 -13.281 0.19511
-8.5938 -12.5 0.080641
-8.5938 -11.719 -0.037602
-8.5938 -10.938 -0.080375
-8.5938 -10.156 -0.10825
-8.5938 -9.375 -0.1464
-8.5938 -8.5938 -0.18067
-8.5938 -7.8125 -0.20103
-8.5938 -7.0313 -0.20559
-8.5938 -6.25 -0.081994
-8.5938 -5.4688 0.068588
-8.5938 -4.6875 0.21492
-8.5938 -3.9063 0.18171
-8.5938 -3.125 0.090235
-8.5938 -2.3438 0.0039304
-8.5938 -1.5625 -0.063334
-8.5938 -0.78125 -0.11359
-8.5938 0 -0.17118
-8.5938 0.78125 -0.16342
-8.5938 1.5625 -0.066566
-8.5938 2.3438 -0.019634
-8.5938 3.125 -0.011652
-8.5938 3.9063 0.065627
-8.5938 4.6875 0.14447
-8.5938 5.4688 0.076916
-8.5938 6.25 0.062663
-8.5938 7.0313 0.060385
-8.5938 7.8125 0.045296
-8.5938 8.5938 0.019151
-8.5938 9.375 0.072549
-8.5938 10.156 0.028611
-8.5938 10.938 0.008619
-8.5938 11.719 0.082725
-8.5938 12.5 0.19586
-8.5938 13.281 0.27341
-8.5938 14.063 0.3266
-8.5938 14.844 0.36057
-8.5938 15.625 0.24262
-8.5938 16.406 0.086563
-8.5938 17.188 0.082708
-8.5938 17.969 0.16344
-8.5938 18.75 0.20844
-8.5938 19.531 0.22675
-8.5938 20.313 0.19483
-8.5938 21.094 0.25325
-8.5938 21.875 0.23629
-8.5938 22.656 0.17068
-8.5938 23.438 0.1102
-8.5938 24.219 0.03444
-8.5938 25 0.017553
-7.8125 -24.219 0.063702
-7.8125 -23.438 0.27937
-7.8125 -22.656 0.3157
-7.8125 -21.875 0.23421
-7.8125 -21.094 0.078923
-7.8125 -20.313 -0.022733
-7.8125 -19.531 -0.026924
-7.8125 -18.75 -0.097644
-7.8125 -17.969 -0.12796
-7.8125 -17.188 -0.18221
-7.8125 -16.406 -0.2177
-7.8125 -15.625 -0.19276
-7.8125 -14.844 -0.0139
-7.8125 -14.063 0.13551
-7.8125 -13.281 0.1109
-7.8125 -12.5 0.057889
-7.8125 -11.719 -0.09065
-7.8125 -10.938 -0.11414
-7.8125 -10.156 -0.13853
-7.8125 -9.375 -0.22057
-7.8125 -8.5938 -0.23856
-7.8125 -7.8125 -0.24496
-7.8125 -7.0313 -0.21895
-7.8125 -6.25 -0.065321
-7.8125 -5.4688 0.09485
-7.8125 -4.6875 0.23352
-7.8125 -3.9063 0.17477
-7.8125 -3.125 0.07015
-7.8125 -2.3438 -0.068809
-7.8125 -1.5625 -0.13772
-7.8125 -0.78125 -0.20467
-7.8125 0 -0.26233
-7.8125 0.78125 -0.2268
-7.8125 1.5625 -0.096162
-7.8125 2.3438 -0.016408
-7.8125 3.125 0.017349
-7.8125 3.9063 0.10077
-7.8125 4.6875 0.11303
-7.8125 5.4688 0.04368
-7.8125 6.25 -0.028749
-7.8125 7.0313 -0.059822
-7.8125 7.8125 -0.036357
-7.8125 8.5938 -0.013495
-7.8125 9.375 0.05737
-7.8125 10.156 0.034268
-7.8125 10.938 -0.018698
-7.8125 11.719 0.023127
-7.8125 12.5 0.19517
-7.8125 13.281 0.26089
-7.8125 14.063 0.31964
-7.8125 14.844 0.33597
-7.8125 15.625 0.17499
-7.8125 16.406 0.030149
-7.8125 17.188 0.026819
-7.8125 17.969 0.12446
-7.8125 18.75 0.20843
-7.8125 19.531 0.24303
-7.8125 20.313 0.21176
-7.8125 21.094 0.23439
-7.8125 21.875 0.24377
-7.8125 22.656 0.18943
-7.8125 23.438 0.12614
-7.8125 24.219 0.080496
-7.8125 25 0.0022491
-7.0313 -24.219 0.10193
-7.0313 -23.438 0.2583
-7.0313 -22.656 0.27183
-7.0313 -21.875 0.1939
-7.0313 -21.094 0.067934
-7.0313 -20.313 -0.015038
-7.0313 -19.531 -0.0029842
-7.0313 -18.75 -0.1215
-7.0313 -17.969 -0.21138
-7.0313 -17.188 -0.20667
-7.0313 -16.406 -0.2534
-7.0313 -15.625 -0.14415
-7.0313 -14.844 0.082162
-7.0313 -14.063 0.14359
-7.0313 -13.281 0.070922
-7.0313 -12.5 -0.0059394
-7.0313 -11.719 -0.16164
-7.0313 -10.938 -0.21996
-7.0313 -10.156 -0.22336
-7.0313 -9.375 -0.22696
-7.0313 -8.5938 -0.23115
-7.0313 -7.8125 -0.23058
-7.0313 -7.0313 -0.16282
-7.0313 -6.25 -0.0035809
-7.0313 -5.4688 0.12968
-7.0313 -4.6875 0.15376
-7.0313 -3.9063 0.076483
-7.0313 -3.125 0.012406
-7.0313 -2.3438 -0.15311
-7.0313 -1.5625 -0.2374
-7.0313 -0.78125 -0.21337
-7.0313 0 -0.30162
-7.0313 0.78125 -0.25774
-7.0313 1.5625 -0.089721
-7.0313 2.3438 0.019221
-7.0313 3.125 0.024811
-7.0313 3.9063 0.073266
-7.0313 4.6875 0.089596
-7.0313 5.4688 0.00039755
-7.0313 6.25 -0.084149
-7.0313 7.0313 -0.10971
-7.0313 7.8125 -0.094212
-7.0313 8.5938 0.011579
-7.0313 9.375 0.08127
-7.0313 10.156 0.034241
-7.0313 10.938 -0.087889
-7.0313 11.719 -0.041444
-7.0313 12.5 0.087071
-7.0313 13.281 0.17081
-7.0313 14.063 0.27067
-7.0313 14.844 0.35644
-7.0313 15.625 0.17808
-7.0313 16.406 0.033651
-7.0313 17.188 -0.00030067
-7.0313 17.969 0.048713
-7.0313 18.75 0.14962
-7.0313 19.531 0.17081
-7.0313 20.313 0.17552
-7.0313 21.094 0.23541
-7.0313 21.875 0.2412
-7.0313 22.656 0.24254
-7.0313 23.438 0.1397
-7.0313 24.219 0.037001
-7.0313 25 -0.0025632
-6.25 -24.219 0.11445
-6.25 -23.438 0.24338
-6.25 -22.656 0.26614
-6.25 -21.875 0.15645
-6.25 -21.094 0.055318
-6.25 -20.313 -0.025242
-6.25 -19.531 -0.050391
-6.25 -18.75 -0.12239
-6.25 -17.969 -0.21966
-6.25 -17.188 -0.22892
-6.25 -16.406 -0.21188
-6.25 -15.625 -0.036585
-6.25 -14.844 0.16363
-6.25 -14.063 0.19133
-6.25 -13.281 0.091253
-6.25 -12.5 -0.052904
-6.25 -11.719 -0.21492
-6.25 -10.938 -0.29313
-6.25 -10.156 -0.27431
-6.25 -9.375 -0.24126
-6.25 -8.5938 -0.22316
-6.25 -7.8125 -0.22513
-6.25 -7.0313 -0.095852
-6.25 -6.25 0.0084967
-6.25 -5.4688 0.088772
-6.25 -4.6875 0.083178
-6.25 -3.9063 0.0028245
-6.25 -3.125 -0.095331
-6.25 -2.3438 -0.23625
-6.25 -1.5625 -0.28784
-6.25 -0.78125 -0.29108
-6.25 0 -0.31718
-6.25 0.78125 -0.24121
-6.25 1.5625 -0.13037
-6.25 2.3438 -0.017439
-6.25 3.125 -0.015112
-6.25 3.9063 0.035925
-6.25 4.6875 0.031649
-6.25 5.4688 0.0013601
-6.25 6.25 -0.10221
-6.25 7.0313 -0.18139
-6.25 7.8125 -0.135
-6.25 8.5938 0.010168
-6.25 9.375 0.04601
-6.25 10.156 -0.057253
-6.25 10.938 -0.15485
-6.25 11.719 -0.067615
-6.25 12.5 0.081643
-6.25 13.281 0.12072
-6.25 14.063 0.21712
-6.25 14.844 0.29181
-6.25 15.625 0.13456
-6.25 16.406 0.032026
-6.25 17.188 0.022304
-6.25 17.969 0.006427
-6.25 18.75 0.072017
-6.25 19.531 0.06183
-6.25 20.313 0.14587
-6.25 21.094 0.25217
-6.25 21.875 0.3024
-6.25 22.656 0.2307
-6.25 23.438 0.09493
-6.25 24.219 0.012674
-6.25 25 0.042099
-5.4688 -24.219 0.16095
-5.4688 -23.438 0.23259
-5.4688 -22.656 0.23758
-5.4688 -21.875 0.13791
-5.4688 -21.094 0.051555
-5.4688 -20.313 -0.074515
-5.4688 -19.531 -0.15164
-5.4688 -18.75 -0.15227
-5.4688 -17.969 -0.24287
-5.4688 -17.188 -0.22122
-5.4688 -16.406 -0.16017
-5.4688 -15.625 -0.024041
-5.4688 -14.844 0.25001
-5.4688 -14.063 0.23874
-5.4688 -13.281 0.10437
-5.4688 -12.5 -0.078179
-5.4688 -11.719 -0.21488
-5.4688 -10.938 -0.23991
-5.4688 -10.156 -0.25866
-5.4688 -9.375 -0.23261
-5.4688 -8.5938 -0.20319
-5.4688 -7.8125 -0.16358
-5.4688 -7.0313 -0.10178
-5.4688 -6.25 -0.014987
-5.4688 -5.4688 0.030777
-5.4688 -4.6875 0.054232
-5.4688 -3.9063 0.015464
-5.4688 -3.125 -0.13612
-5.4688 -2.3438 -0.26088
-5.4688 -1.5625 -0.34939
-5.4688 -0.78125 -0.37296
-5.4688 0 -0.31202
-5.4688 0.78125 -0.249
-5.4688 1.5625 -0.15542
-5.4688 2.3438 -0.050988
-5.4688 3.125 -0.0047729
-5.4688 3.9063 0.010845
-5.4688 4.6875 0.011112
-5.4688 5.4688 -0.037367
-5.4688 6.25 -0.10255
-5.4688 7.0313 -0.18952
-5.4688 7.8125 -0.16213
-5.4688 8.5938 -0.083915
-5.4688 9.375 -0.051066
-5.4688 10.156 -0.15104
-5.4688 10.938 -0.23383
-5.4688 11.719 -0.11243
-5.4688 12.5 0.0638
-5.4688 13.281 0.13422
-5.4688 14.063 0.17548
-5.4688 14.844 0.19348
-5.4688 15.625 0.059606
-5.4688 16.406 0.020628
-5.4688 17.188 0.036389
-5.4688 17.969 -0.0091214
-5.4688 18.75 -0.024019
-5.4688 19.531 -0.016888
-5.4688 20.313 0.101
-5.4688 21.094 0.19242
-5.4688 21.875 0.28034
-5.4688 22.656 0.19545
-5.4688 23.438 0.089099
-5.4688 24.219 0.029618
-5.4688 25 0.073214
-4.6875 -24.219 0.20457
-4.6875 -23.438 0.20221
-4.6875 -22.656 0.18242
-4.6875 -21.875 0.099704
-4.6875 -21.094 0.031389
-4.6875 -20.313 -0.075848
-4.6875 -19.531 -0.16323
-4.6875 -18.75 -0.16691
-4.6875 -17.969 -0.27917
-4.6875 -17.188 -0.20317
-4.6875 -16.406 -0.084324
-4.6875 -15.625 0.055259
-4.6875 -14.844 0.21635
-4.6875 -14.063 0.22321
-4.6875 -13.281 0.10033
-4.6875 -12.5 -0.088101
-4.6875 -11.719 -0.21714
-4.6875 -10.938 -0.24296
-4.6875 -10.156 -0.30219
-4.6875 -9.375 -0.26344
-4.6875 -8.5938 -0.1549
-4.6875 -7.8125 -0.1447
-4.6875 -7.0313 -0.10676
-4.6875 -6.25 -0.038703
-4.6875 -5.4688 0.012917
-4.6875 -4.6875 0.022966
-4.6875 -3.9063 0.0011695
-4.6875 -3.125 -0.11526
-4.6875 -2.3438 -0.26977
-4.6875 -1.5625 -0.40496
-4.6875 -0.78125 -0.39507
-4.6875 0 -0.265
-4.6875 0.78125 -0.17408
-4.6875 1.5625 -0.18962
-4.6875 2.3438 -0.11695
-4.6875 3.125 -0.03658
-4.6875 3.9063 0.014108
-4.6875 4.6875 0.029923
-4.6875 5.4688 -0.062591
-4.6875 6.25 -0.1647
-4.6875 7.0313 -0.20953
-4.6875 7.8125 -0.18727
-4.6875 8.5938 -0.16426
-4.6875 9.375 -0.17847
-4.6875 10.156 -0.22692
-4.6875 10.938 -0.20923
-4.6875 11.719 -0.078494
-4.6875 12.5 0.068619
-4.6875 13.281 0.11258
-4.6875 14.063 0.13816
-4.6875 14.844 0.072927
-4.6875 15.625 0.012818
-4.6875 16.406 -0.034017
-4.6875 17.188 -0.018032
-4.6875 17.969 -0.034472
-4.6875 18.75 -0.060117
-4.6875 19.531 -0.031074
-4.6875 20.313 0.039051
-4.6875 21.094 0.1027
-4.6875 21.875 0.14365
-4.6875 22.656 0.08693
-4.6875 23.438 0.085022
-4.6875 24.219 0.026403
-4.6875 25 0.11948
-3.9063 -24.219 0.15768
-3.9063 -23.438 0.17325
-3.9063 -22.656 0.13812
-3.9063 -21.875 0.10699
-3.9063 -21.094 0.027819
-3.9063 -20.313 -0.044561
-3.9063 -19.531 -0.10025
-3.9063 -18.75 -0.13402
-3.9063 -17.969 -0.27902
-3.9063 -17.188 -0.17578
-3.9063 -16.406 -0.0089398
-3.9063 -15.625 0.089537
-3.9063 -14.844 0.1475
-3.9063 -14.063 0.21283
-3.9063 -13.281 0.084885
-3.9063 -12.5 -0.108
-3.9063 -11.719 -0.19371
-3.9063 -10.938 -0.2548
-3.9063 -10.156 -0.28655
-3.9063 -9.375 -0.21066
-3.9063 -8.5938 -0.14877
-3.9063 -7.8125 -0.092932
-3.9063 -7.0313 0.011475
-3.9063 -6.25 0.011803
-3.9063 -5.4688 0.037739
-3.9063 -4.6875 -0.0030965
-3.9063 -3.9063 -0.03841
-3.9063 -3.125 -0.14544
-3.9063 -2.3438 -0.26557
-3.9063 -1.5625 -0.38378
-3.9063 -0.78125 -0.37973
-3.9063 0 -0.28447
-3.9063 0.78125 -0.22123
-3.9063 1.5625 -0.19056
-3.9063 2.3438 -0.13738
-3.9063 3.125 -0.017076
-3.9063 3.9063 0.054616
-3.9063 4.6875 -0.022363
-3.9063 5.4688 -0.068518
-3.9063 6.25 -0.23506
-3.9063 7.0313 -0.22432
-3.9063 7.8125 -0.23827
-3.9063 8.5938 -0.20395
-3.9063 9.375 -0.262
-3.9063 10.156 -0.23407
-3.9063 10.938 -0.18573
-3.9063 11.719 -0.069973
-3.9063 12.5 0.081462
-3.9063 13.281 0.11675
-3.9063 14.063 0.11826
-3.9063 14.844 0.079813
-3.9063 15.625 -0.002292
-3.9063 16.406 -0.065988
-3.9063 17.188 -0.067269
-3.9063 17.969 -0.095031
-3.9063 18.75 -0.11447
-3.9063 19.531 -0.041012
-3.9063 20.313 0.037541
-3.9063 21.094 0.12231
-3.9063 21.875 0.084204
-3.9063 22.656 -0.023437
-3.9063 23.438 0.00086949
-3.9063 24.219 0.031092
-3.9063 25 0.10775
-3.125 -24.219 0.085842
-3.125 -23.438 0.15233
-3.125 -22.656 0.082728
-3.125 -21.875 -0.00053685
-3.125 -21.094 -0.031871
-3.125 -20.313 -0.040279
-3.125 -19.531 -0.05369
-3.125 -18.75 -0.065453
-3.125 -17.969 -0.20472
-3.125 -17.188 -0.14066
-3.125 -16.406 0.0028781
-3.125 -15.625 0.12173
-3.125 -14.844 0.12978
-3.125 -14.063 0.097595
-3.125 -13.281 -0.021255
-3.125 -12.5 -0.16638
-3.125 -11.719 -0.22516
-3.125 -10.938 -0.27152
-3.125 -10.156 -0.26802
-3.125 -9.375 -0.19351
-3.125 -8.5938 -0.15656
-3.125 -7.8125 -0.020898
-3.125 -7.0313 0.095656
-3.125 -6.25 0.07871
-3.125 -5.4688 0.087328
-3.125 -4.6875 0.054195
-3.125 -3.9063 -0.061933
-3.125 -3.125 -0.21795
-3.125 -2.3438 -0.28714
-3.125 -1.5625 -0.3549
-3.125 -0.78125 -0.39388
-3.125 0 -0.29726
-3.125 0.78125 -0.23666
-3.125 1.5625 -0.11084
-3.125 2.3438 -0.072633
-3.125 3.125 0.025781
-3.125 3.9063 0.079568
-3.125 4.6875 0.016135
-3.125 5.4688 -0.089638
-3.125 6.25 -0.2308
-3.125 7.0313 -0.26313
-3.125 7.8125 -0.30601
-3.125 8.5938 -0.26016
-3.125 9.375 -0.213
-3.125 10.156 -0.18461
-3.125 10.938 -0.21511
-3.125 11.719 -0.084378
-3.125 12.5 0.029355
-3.125 13.281 0.12488
-3.125 14.063 0.14229
-3.125 14.844 0.068517
-3.125 15.625 -0.022339
-3.125 16.406 -0.11112
-3.125 17.188 -0.10837
-3.125 17.969 -0.13611
-3.125 18.75 -0.20188
-3.125 19.531 -0.086964
-3.125 20.313 0.03529
-3.125 21.094 0.13433
-3.125 21.875 0.078766
-3.125 22.656 -0.038463
-3.125 23.438 -0.036028
-3.125 24.219 0.043534
-3.125 25 0.082333
-2.3438 -24.219 0.038628
-2.3438 -23.438 0.071421
-2.3438 -22.656 0.024405
-2.3438 -21.875 -0.018054
-2.3438 -21.094 -0.034421
-2.3438 -20.313 -0.0084382
-2.3438 -19.531 -0.012258
-2.3438 -18.75 -0.022959
-2.3438 -17.969 -0.10314
-2.3438 -17.188 -0.098027
-2.3438 -16.406 0.017434
-2.3438 -15.625 0.1343
-2.3438 -14.844 0.14533
-2.3438 -14.063 0.064362
-2.3438 -13.281 -0.071628
-2.3438 -12.5 -0.16829
-2.3438 -11.719 -0.20774
-2.3438 -10.938 -0.24422
-2.3438 -10.156 -0.25873
-2.3438 -9.375 -0.2143
-2.3438 -8.5938 -0.1524
-2.3438 -7.8125 -0.015558
-2.3438 -7.0313 0.1364
-2.3438 -6.25 0.12708
-2.3438 -5.4688 0.16707
-2.3438 -4.6875 0.16525
-2.3438 -3.9063 -0.057802
-2.3438 -3.125 -0.26118
-2.3438 -2.3438 -0.30811
-2.3438 -1.5625 -0.3396
-2.3438 -0.78125 -0.37278
-2.3438 0 -0.27912
-2.3438 0.78125 -0.19373
-2.3438 1.5625 -0.044047
-2.3438 2.3438 0.0091024
-2.3438 3.125 0.047438
-2.3438 3.9063 0.072893
-2.3438 4.6875 0.072551
-2.3438 5.4688 -0.02797
-2.3438 6.25 -0.172
-2.3438 7.0313 -0.29552
-2.3438 7.8125 -0.34507
-2.3438 8.5938 -0.31387
-2.3438 9.375 -0.17448
-2.3438 10.156 -0.18535
-2.3438 10.938 -0.25137
-2.3438 11.719 -0.13787
-2.3438 12.5 -0.050989
-2.3438 13.281 0.062833
-2.3438 14.063 0.07869
-2.3438 14.844 0.016383
-2.3438 15.625 0.0075845
-2.3438 16.406 -0.088807
-2.3438 17.188 -0.090999
-2.3438 17.969 -0.14617
-2.3438 18.75 -0.17132
-2.3438 19.531 -0.054857
-2.3438 20.313 0.036861
-2.3438 21.094 0.045931
-2.3438 21.875 0.03962
-2.3438 22.656 0.012562
-2.3438 23.438 0.0089586
-2.3438 24.219 0.092507
-2.3438 25 0.074143
-1.5625 -24.219 0.028806
-1.5625 -23.438 0.055627
-1.5625 -22.656 0.027194
-1.5625 -21.875 -0.026365
-1.5625 -21.094 -0.051108
-1.5625 -20.313 -0.033439
-1.5625 -19.531 -0.0017377
-1.5625 -18.75 -0.0077306
-1.5625 -17.969 -0.036578
-1.5625 -17.188 -0.070181
-1.5625 -16.406 0.035824
-1.5625 -15.625 0.19734
-1.5625 -14.844 0.22731
-1.5625 -14.063 0.1176
-1.5625 -13.281 -0.04573
-1.5625 -12.5 -0.10539
-1.5625 -11.719 -0.16499
-1.5625 -10.938 -0.2416
-1.5625 -10.156 -0.23917
-1.5625 -9.375 -0.22246
-1.5625 -8.5938 -0.15956
-1.5625 -7.8125 0.0065546
-1.5625 -7.0313 0.12422
-1.5625 -6.25 0.14508
-1.5625 -5.4688 0.2161
-1.5625 -4.6875 0.23537
-1.5625 -3.9063 -0.018694
-1.5625 -3.125 -0.25136
-1.5625 -2.3438 -0.27642
-1.5625 -1.5625 -0.26152
-1.5625 -0.78125 -0.26868
-1.5625 0 -0.20632
-1.5625 0.78125 -0.092379
-1.5625 1.5625 0.027639
-1.5625 2.3438 0.05117
-1.5625 3.125 0.068992
-1.5625 3.9063 0.070951
-1.5625 4.6875 0.11375
-1.5625 5.4688 0.0026614
-1.5625 6.25 -0.16623
-1.5625 7.0313 -0.29002
-1.5625 7.8125 -0.33672
-1.5625 8.5938 -0.28495
-1.5625 9.375 -0.13404
-1.5625 10.156 -0.17384
-1.5625 10.938 -0.2456
-1.5625 11.719 -0.2342
-1.5625 12.5 -0.063702
-1.5625 13.281 0.042107
-1.5625 14.063 0.03375
-1.5625 14.844 0.0032107
-1.5625 15.625 -0.006765
-1.5625 16.406 -0.08452
-1.5625 17.188 -0.10285
-1.5625 17.969 -0.15858
-1.5625 18.75 -0.1671
-1.5625 19.531 -0.028916
-1.5625 20.313 0.014792
-1.5625 21.094 -0.0070067
-1.5625 21.875 0.00012249
-1.5625 22.656 0.017181
-1.5625 23.438 0.089395
-1.5625 24.219 0.14974
-1.5625 25 0.053266
-0.78125 -24.219 0.025743
-0.78125 -23.438 0.10031
-0.78125 -22.656 0.047159
-0.78125 -21.875 -0.036598
-0.78125 -21.094 -0.075088
-0.78125 -20.313 -0.011072
-0.78125 -19.531 0.0022424
-0.78125 -18.75 -0.02406
-0.78125 -17.969 -0.025169
-0.78125 -17.188 -0.057784
-0.78125 -16.406 0.026676
-0.78125 -15.625 0.20819
-0.78125 -14.844 0.26656
-0.78125 -14.063 0.12909
-0.78125 -13.281 0.02952
-0.78125 -12.5 -0.0632
-0.78125 -11.719 -0.15439
-0.78125 -10.938 -0.20751
-0.78125 -10.156 -0.20159
-0.78125 -9.375 -0.19436
-0.78125 -8.5938 -0.124
-0.78125 -7.8125 0.034494
-0.78125 -7.0313 0.12283
-0.78125 -6.25 0.1672
-0.78125 -5.4688 0.22751
-0.78125 -4.6875 0.22338
-0.78125 -3.9063 0.0034849
-0.78125 -3.125 -0.20922
-0.78125 -2.3438 -0.1993
-0.78125 -1.5625 -0.16837
-0.78125 -0.78125 -0.12881
-0.78125 0 -0.10399
-0.78125 0.78125 -0.018738
-0.78125 1.5625 0.083369
-0.78125 2.3438 0.023555
-0.78125 3.125 0.07428
-0.78125 3.9063 0.11752
-0.78125 4.6875 0.13548
-0.78125 5.4688 0.031068
-0.78125 6.25 -0.13585
-0.78125 7.0313 -0.25654
-0.78125 7.8125 -0.31353
-0.78125 8.5938 -0.23
-0.78125 9.375 -0.13141
-0.78125 10.156 -0.15517
-0.78125 10.938 -0.18179
-0.78125 11.719 -0.20716
-0.78125 12.5 -0.10548
-0.78125 13.281 0.0074529
-0.78125 14.063 -0.02329
-0.78125 14.844 -0.055278
-0.78125 15.625 -0.091316
-0.78125 16.406 -0.09463
-0.78125 17.188 -0.12661
-0.78125 17.969 -0.14656
-0.78125 18.75 -0.12338
-0.78125 19.531 -0.064644
-0.78125 20.313 -0.033884
-0.78125 21.094 -0.038933
-0.78125 21.875 -0.031298
-0.78125 22.656 0.018662
-0.78125 23.438 0.062733
-0.78125 24.219 0.092322
-0.78125 25 -0.001215
0 -24.219 0.050881
0 -23.438 0.077964
0 -22.656 0.027437
0 -21.875 -0.01458
0 -21.094 -0.048772
0 -20.313 0.039967
0 -19.531 0.037659
0 -18.75 -0.058304
0 -17.969 -0.082079
0 -17.188 -0.10926
0 -16.406 -0.005511
0 -15.625 0.16728
0 -14.844 0.27091
0 -14.063 0.15863
0 -13.281 0.089644
0 -12.5 -0.041036
0 -11.719 -0.14876
0 -10.938 -0.16089
0 -10.156 -0.17173
0 -9.375 -0.11541
0 -8.5938 -0.075171
0 -7.8125 -0.0040571
0 -7.0313 0.11799
0 -6.25 0.19466
0 -5.4688 0.19311
0 -4.6875 0.21195
0 -3.9063 -0.031258
0 -3.125 -0.17031
0 -2.3438 -0.11488
0 -1.5625 -0.06947
0 -0.78125 -0.008045
0 0 0.0021144
0 0.78125 0.078976
0 1.5625 0.16397
0 2.3438 0.10219
0 3.125 0.094332
0 3.9063 0.11274
0 4.6875 0.11833
0 5.4688 0.016911
0 6.25 -0.080771
0 7.0313 -0.23666
0 7.8125 -0.26928
0 8.5938 -0.16434
0 9.375 -0.090488
0 10.156 -0.099737
0 10.938 -0.17342
0 11.719 -0.16125
0 12.5 -0.10691
0 13.281 -0.095265
0 14.063 -0.13522
0 14.844 -0.13876
0 15.625 -0.136
0 16.406 -0.090175
0 17.188 -0.04734
0 17.969 -0.082205
0 18.75 -0.057407
0 19.531 -0.037852
0 20.313 -0.039773
0 21.094 -0.091725
0 21.875 -0.0739
0 22.656 -0.024651
0 23.438 -0.033976
0 24.219 0.046918
0 25 0.022269
0.78125 -24.219 0.036007
0.78125 -23.438 0.004575
0.78125 -22.656 0.05262
0.78125 -21.875 0.012465
0.78125 -21.094 -0.034761
0.78125 -20.313 0.016024
0.78125 -19.531 0.052198
0.78125 -18.75 -0.028534
0.78125 -17.969 -0.085401
0.78125 -17.188 -0.082771
0.78125 -16.406 -0.026349
0.78125 -15.625 0.13252
0.78125 -14.844 0.26577
0.78125 -14.063 0.16864
0.78125 -13.281 0.1603
0.78125 -12.5 0.043249
0.78125 -11.719 -0.10158
0.78125 -10.938 -0.1258
0.78125 -10.156 -0.096314
0.78125 -9.375 -0.01461
0.78125 -8.5938 -0.096267
0.78125 -7.8125 -0.063878
0.78125 -7.0313 0.058287
0.78125 -6.25 0.18437
0.78125 -5.4688 0.17427
0.78125 -4.6875 0.17456
0.78125 -3.9063 -0.013845
0.78125 -3.125 -0.16892
0.78125 -2.3438 -0.12963
0.78125 -1.5625 0.024605
0.78125 -0.78125 0.10319
0.78125 0 0.08832
0.78125 0.78125 0.11961
0.78125 1.5625 0.2377
0.78125 2.3438 0.16347
0.78125 3.125 0.055343
0.78125 3.9063 0.066505
0.78125 4.6875 0.082172
0.78125 5.4688 0.031336
0.78125 6.25 -0.061038
0.78125 7.0313 -0.15884
0.78125 7.8125 -0.19457
0.78125 8.5938 -0.14107
0.78125 9.375 -0.049791
0.78125 10.156 -0.063205
0.78125 10.938 -0.14996
0.78125 11.719 -0.16106
0.78125 12.5 -0.14942
0.78125 13.281 -0.19038
0.78125 14.063 -0.2198
0.78125 14.844 -0.24772
0.78125 15.625 -0.20011
0.78125 16.406 -0.026177
0.78125 17.188 0.022254
0.78125 17.969 -0.025704
0.78125 18.75 -0.099541
0.78125 19.531 -0.0031857
0.78125 20.313 -0.020493
0.78125 21.094 -0.1263
0.78125 21.875 -0.11231
0.78125 22.656 -0.082989
0.78125 23.438 -0.079085
0.78125 24.219 -0.041409
0.78125 25 0.020733
1.5625 -24.219 0.036731
1.5625 -23.438 0.038328
1.5625 -22.656 0.068616
1.5625 -21.875 0.019178
1.5625 -21.094 -0.039198
1.5625 -20.313 0.038146
1.5625 -19.531 0.071606
1.5625 -18.75 0.015875
1.5625 -17.969 -0.068061
1.5625 -17.188 -0.07387
1.5625 -16.406 -0.016344
1.5625 -15.625 0.1264
1.5625 -14.844 0.20009
1.5625 -14.063 0.17835
1.5625 -13.281 0.21182
1.5625 -12.5 0.10844
1.5625 -11.719 -0.072034
1.5625 -10.938 -0.068178
1.5625 -10.156 -0.080508
1.5625 -9.375 0.004549
1.5625 -8.5938 -0.067937
1.5625 -7.8125 -0.055415
1.5625 -7.0313 0.050997
1.5625 -6.25 0.2041
1.5625 -5.4688 0.24317
1.5625 -4.6875 0.20928
1.5625 -3.9063 0.018202
1.5625 -3.125 -0.15409
1.5625 -2.3438 -0.14664
1.5625 -1.5625 0.048415
1.5625 -0.78125 0.12512
1.5625 0 0.14145
1.5625 0.78125 0.22859
1.5625 1.5625 0.25095
1.5625 2.3438 0.17427
1.5625 3.125 0.097978
1.5625 3.9063 0.065184
1.5625 4.6875 0.073882
1.5625 5.4688 0.013375
1.5625 6.25 -0.0031029
1.5625 7.0313 -0.075153
1.5625 7.8125 -0.14997
1.5625 8.5938 -0.082174
1.5625 9.375 -0.04088
1.5625 10.156 -0.0051887
1.5625 10.938 -0.06003
1.5625 11.719 -0.12035
1.5625 12.5 -0.18661
1.5625 13.281 -0.22813
1.5625 14.063 -0.28632
1.5625 14.844 -0.26749
1.5625 15.625 -0.12205
1.5625 16.406 0.059679
1.5625 17.188 0.052489
1.5625 17.969 0.00084707
1.5625 18.75 -0.097371
1.5625 19.531 -0.014877
1.5625 20.313 -0.024168
1.5625 21.094 -0.075433
1.5625 21.875 -0.096954
1.5625 22.656 -0.12511
1.5625 23.438 -0.11438
1.5625 24.219 -0.10787
1.5625 25 -0.027912
2.3438 -24.219 0.083998
2.3438 -23.438 0.087938
2.3438 -22.656 0.086531
2.3438 -21.875 -0.013474
2.3438 -21.094 -0.050739
2.3438 -20.313 0.002278
2.3438 -19.531 0.053592
2.3438 -18.75 0.046696
2.3438 -17.969 0.0083386
2.3438 -17.188 -0.046262
2.3438 -16.406 0.019509
2.3438 -15.625 0.12747
2.3438 -14.844 0.14243
2.3438 -14.063 0.15149
2.3438 -13.281 0.17643
2.3438 -12.5 0.094812
2.3438 -11.719 -0.0064145
2.3438 -10.938 -0.025234
2.3438 -10.156 -0.071391
2.3438 -9.375 -0.074039
2.3438 -8.5938 -0.067928
2.3438 -7.8125 -0.019894
2.3438 -7.0313 0.11496
2.3438 -6.25 0.20992
2.3438 -5.4688 0.23526
2.3438 -4.6875 0.1464
2.3438 -3.9063 -0.022738
2.3438 -3.125 -0.16925
2.3438 -2.3438 -0.067475
2.3438 -1.5625 0.12323
2.3438 -0.78125 0.2256
2.3438 0 0.22894
2.3438 0.78125 0.27645
2.3438 1.5625 0.234
2.3438 2.3438 0.14708
2.3438 3.125 0.075256
2.3438 3.9063 0.088667
2.3438 4.6875 0.062615
2.3438 5.4688 0.025599
2.3438 6.25 0.015758
2.3438 7.0313 -0.015662
2.3438 7.8125 -0.031127
2.3438 8.5938 -0.026865
2.3438 9.375 -0.025804
2.3438 10.156 0.022794
2.3438 10.938 0.0050548
2.3438 11.719 -0.083606
2.3438 12.5 -0.19531
2.3438 13.281 -0.26325
2.3438 14.063 -0.30674
2.3438 14.844 -0.23568
2.3438 15.625 -0.045239
2.3438 16.406 0.11356
2.3438 17.188 0.08393
2.3438 17.969 0.02458
2.3438 18.75 -0.059166
2.3438 19.531 0.025125
2.3438 20.313 0.017229
2.3438 21.094 -0.045202
2.3438 21.875 -0.086128
2.3438 22.656 -0.10758
2.3438 23.438 -0.12642
2.3438 24.219 -0.12589
2.3438 25 -0.025624
3.125 -24.219 0.090363
3.125 -23.438 0.085565
3.125 -22.656 0.05895
3.125 -21.875 0.0096816
3.125 -21.094 -0.033714
3.125 -20.313 -0.024302
3.125 -19.531 0.069948
3.125 -18.75 0.082648
3.125 -17.969 0.017711
3.125 -17.188 -0.055445
3.125 -16.406 0.0015327
3.125 -15.625 0.11411
3.125 -14.844 0.12333
3.125 -14.063 0.076611
3.125 -13.281 0.099081
3.125 -12.5 0.088161
3.125 -11.719 -0.011099
3.125 -10.938 -0.044967
3.125 -10.156 -0.031509
3.125 -9.375 -0.073035
3.125 -8.5938 -0.10443
3.125 -7.8125 -0.039093
3.125 -7.0313 0.13058
3.125 -6.25 0.21985
3.125 -5.4688 0.1996
3.125 -4.6875 0.062566
3.125 -3.9063 -0.095227
3.125 -3.125 -0.15525
3.125 -2.3438 -0.085759
3.125 -1.5625 0.13723
3.125 -0.78125 0.25491
3.125 0 0.23448
3.125 0.78125 0.23123
3.125 1.5625 0.19592
3.125 2.3438 0.08613
3.125 3.125 0.020967
3.125 3.9063 0.051318
3.125 4.6875 0.10272
3.125 5.4688 0.071323
3.125 6.25 0.065993
3.125 7.0313 0.10453
3.125 7.8125 0.035053
3.125 8.5938 0.02031
3.125 9.375 0.024938
3.125 10.156 0.075859
3.125 10.938 -0.036139
3.125 11.719 -0.096195
3.125 12.5 -0.17689
3.125 13.281 -0.26385
3.125 14.063 -0.2974
3.125 14.844 -0.22372
3.125 15.625 -0.00014373
3.125 16.406 0.1449
3.125 17.188 0.1156
3.125 17.969 0.01786
3.125 18.75 -0.026559
3.125 19.531 0.034257
3.125 20.313 0.020695
3.125 21.094 -0.069238
3.125 21.875 -0.1001
3.125 22.656 -0.057777
3.125 23.438 -0.073284
3.125 24.219 -0.10367
3.125 25 -0.043119
3.9063 -24.219 0.096989
3.9063 -23.438 0.077405
3.9063 -22.656 0.038185
3.9063 -21.875 -0.0011569
3.9063 -21.094 0.036007
3.9063 -20.313 0.021696
3.9063 -19.531 0.090719
3.9063 -18.75 0.099722
3.9063 -17.969 0.023667
3.9063 -17.188 -0.029675
3.9063 -16.406 0.05231
3.9063 -15.625 0.11946
3.9063 -14.844 0.079512
3.9063 -14.063 0.03432
3.9063 -13.281 0.027793
3.9063 -12.5 0.053464
3.9063 -11.719 -0.071505
3.9063 -10.938 -0.036073
3.9063 -10.156 -0.055295
3.9063 -9.375 -0.13356
3.9063 -8.5938 -0.15081
3.9063 -7.8125 -0.064759
3.9063 -7.0313 0.090609
3.9063 -6.25 0.23101
3.9063 -5.4688 0.17549
3.9063 -4.6875 0.030661
3.9063 -3.9063 -0.083655
3.9063 -3.125 -0.13165
3.9063 -2.3438 -0.054308
3.9063 -1.5625 0.098617
3.9063 -0.78125 0.21438
3.9063 0 0.20756
3.9063 0.78125 0.18971
3.9063 1.5625 0.17153
3.9063 2.3438 0.047175
3.9063 3.125 0.0052587
3.9063 3.9063 -0.017439
3.9063 4.6875 0.082986
3.9063 5.4688 0.12602
3.9063 6.25 0.15652
3.9063 7.0313 0.14323
3.9063 7.8125 0.072316
3.9063 8.5938 0.053628
3.9063 9.375 0.074293
3.9063 10.156 0.026468
3.9063 10.938 -0.031049
3.9063 11.719 -0.04493
3.9063 12.5 -0.14754
3.9063 13.281 -0.27086
3.9063 14.063 -0.25249
3.9063 14.844 -0.17702
3.9063 15.625 0.016415
3.9063 16.406 0.13004
3.9063 17.188 0.11578
3.9063 17.969 0.034189
3.9063 18.75 0.025436
3.9063 19.531 0.094215
3.9063 20.313 0.012849
3.9063 21.094 -0.075435
3.9063 21.875 -0.093367
3.9063 22.656 -0.037511
3.9063 23.438 -0.070634
3.9063 24.219 -0.078188
3.9063 25 0.020227
4.6875 -24.219 0.039672
4.6875 -23.438 0.06234
4.6875 -22.656 0.044107
4.6875 -21.875 0.0081825
4.6875 -21.094 0.063745
4.6875 -20.313 0.072145
4.6875 -19.531 0.066325
4.6875 -18.75 0.1254
4.6875 -17.969 0.089723
4.6875 -17.188 0.030807
4.6875 -16.406 0.064365
4.6875 -15.625 0.06657
4.6875 -14.844 -0.0027454
4.6875 -14.063 -0.081179
4.6875 -13.281 -0.054505
4.6875 -12.5 -0.030001
4.6875 -11.719 -0.040748
4.6875 -10.938 0.0014595
4.6875 -10.156 -0.067161
4.6875 -9.375 -0.16304
4.6875 -8.5938 -0.14267
4.6875 -7.8125 -0.060228
4.6875 -7.0313 0.067089
4.6875 -6.25 0.17214
4.6875 -5.4688 0.086843
4.6875 -4.6875 0.003139
4.6875 -3.9063 -0.083034
4.6875 -3.125 -0.095304
4.6875 -2.3438 0.033012
4.6875 -1.5625 0.1394
4.6875 -0.78125 0.22283
4.6875 0 0.17431
4.6875 0.78125 0.12037
4.6875 1.5625 0.089772
4.6875 2.3438 0.036405
4.6875 3.125 0.028105
4.6875 3.9063 0.038319
4.6875 4.6875 0.085994
4.6875 5.4688 0.13557
4.6875 6.25 0.18529
4.6875 7.0313 0.16069
4.6875 7.8125 0.14752
4.6875 8.5938 0.084
4.6875 9.375 0.076828
4.6875 10.156 0.024307
4.6875 10.938 0.018741
4.6875 11.719 -0.060794
4.6875 12.5 -0.1834
4.6875 13.281 -0.24331
4.6875 14.063 -0.20786
4.6875 14.844 -0.19194
4.6875 15.625 -0.014807
4.6875 16.406 0.10648
4.6875 17.188 0.10856
4.6875 17.969 0.047163
4.6875 18.75 0.030405
4.6875 19.531 0.11689
4.6875 20.313 0.027055
4.6875 21.094 -0.067362
4.6875 21.875 -0.076015
4.6875 22.656 -0.05343
4.6875 23.438 -0.013623
4.6875 24.219 0.0038436
4.6875 25 0.086248
5.4688 -24.219 0.045247
5.4688 -23.438 0.052644
5.4688 -22.656 0.041939
5.4688 -21.875 0.046782
5.4688 -21.094 0.06984
5.4688 -20.313 0.10904
5.4688 -19.531 0.061219
5.4688 -18.75 0.10198
5.4688 -17.969 0.13612
5.4688 -17.188 0.10715
5.4688 -16.406 0.04248
5.4688 -15.625 0.038838
5.4688 -14.844 -0.061198
5.4688 -14.063 -0.14583
5.4688 -13.281 -0.14066
5.4688 -12.5 -0.10617
5.4688 -11.719 -0.052956
5.4688 -10.938 -0.026512
5.4688 -10.156 -0.061323
5.4688 -9.375 -0.13919
5.4688 -8.5938 -0.083225
5.4688 -7.8125 -0.04699
5.4688 -7.0313 0.047154
5.4688 -6.25 0.10299
5.4688 -5.4688 0.07063
5.4688 -4.6875 -0.033496
5.4688 -3.9063 -0.1087
5.4688 -3.125 -0.073221
5.4688 -2.3438 0.051197
5.4688 -1.5625 0.16526
5.4688 -0.78125 0.18716
5.4688 0 0.21097
5.4688 0.78125 0.11634
5.4688 1.5625 0.061068
5.4688 2.3438 0.012652
5.4688 3.125 0.021386
5.4688 3.9063 0.09601
5.4688 4.6875 0.15084
5.4688 5.4688 0.19
5.4688 6.25 0.18464
5.4688 7.0313 0.13301
5.4688 7.8125 0.1768
5.4688 8.5938 0.1582
5.4688 9.375 0.094776
5.4688 10.156 0.064646
5.4688 10.938 -0.0030418
5.4688 11.719 -0.11048
5.4688 12.5 -0.19693
5.4688 13.281 -0.20773
5.4688 14.063 -0.1962
5.4688 14.844 -0.14286
5.4688 15.625 -0.0095935
5.4688 16.406 0.080621
5.4688 17.188 0.063993
5.4688 17.969 -0.010189
5.4688 18.75 0.01865
5.4688 19.531 0.081214
5.4688 20.313 0.065835
5.4688 21.094 -0.046039
5.4688 21.875 -0.051525
5.4688 22.656 -0.038943
5.4688 23.438 0.046035
5.4688 24.219 0.10311
5.4688 25 0.081259
6.25 -24.219 0.059639
6.25 -23.438 0.024149
6.25 -22.656 0.0097501
6.25 -21.875 0.045346
6.25 -21.094 0.11373
6.25 -20.313 0.11417
6.25 -19.531 0.087318
6.25 -18.75 0.079511
6.25 -17.969 0.1422
6.25 -17.188 0.13419
6.25 -16.406 0.061563
6.25 -15.625 -0.031619
6.25 -14.844 -0.10408
6.25 -14.063 -0.1586
6.25 -13.281 -0.19298
6.25 -12.5 -0.16102
6.25 -11.719 -0.040308
6.25 -10.938 -0.022626
6.25 -10.156 -0.14289
6.25 -9.375 -0.15204
6.25 -8.5938 -0.11304
6.25 -7.8125 -0.050661
6.25 -7.0313 0.031538
6.25 -6.25 0.070749
6.25 -5.4688 0.0032728
6.25 -4.6875 -0.042713
6.25 -3.9063 -0.1073
6.25 -3.125 -0.089021
6.25 -2.3438 0.057556
6.25 -1.5625 0.1475
6.25 -0.78125 0.15607
6.25 0 0.19815
6.25 0.78125 0.11181
6.25 1.5625 0.030651
6.25 2.3438 -0.035525
6.25 3.125 -0.024203
6.25 3.9063 0.097851
6.25 4.6875 0.14096
6.25 5.4688 0.17752
6.25 6.25 0.15467
6.25 7.0313 0.041696
6.25 7.8125 0.073156
6.25 8.5938 0.14959
6.25 9.375 0.12557
6.25 10.156 0.069049
6.25 10.938 -0.01656
6.25 11.719 -0.12521
6.25 12.5 -0.21188
6.25 13.281 -0.18491
6.25 14.063 -0.15094
6.25 14.844 -0.12544
6.25 15.625 -0.042969
6.25 16.406 0.0175
6.25 17.188 -0.042093
6.25 17.969 -0.098632
6.25 18.75 -0.0096085
6.25 19.531 0.044839
6.25 20.313 0.081216
6.25 21.094 0.0027552
6.25 21.875 0.0035693
6.25 22.656 -0.0036361
6.25 23.438 0.037223
6.25 24.219 0.15528
6.25 25 0.11536
7.0313 -24.219 0.044101
7.0313 -23.438 -0.022309
7.0313 -22.656 -0.0028228
7.0313 -21.875 0.038018
7.0313 -21.094 0.16877
7.0313 -20.313 0.15359
7.0313 -19.531 0.088953
7.0313 -18.75 0.12453
7.0313 -17.969 0.1512
7.0313 -17.188 0.1072
7.0313 -16.406 0.028361
7.0313 -15.625 -0.01538
7.0313 -14.844 -0.092762
7.0313 -14.063 -0.19271
7.0313 -13.281 -0.22684
7.0313 -12.5 -0.21424
7.0313 -11.719 -0.095524
7.0313 -10.938 -0.0594
7.0313 -10.156 -0.14538
7.0313 -9.375 -0.19405
7.0313 -8.5938 -0.21338
7.0313 -7.8125 -0.094977
7.0313 -7.0313 0.025875
7.0313 -6.25 0.078264
7.0313 -5.4688 -0.031991
7.0313 -4.6875 -0.1096
7.0313 -3.9063 -0.13025
7.0313 -3.125 -0.07148
7.0313 -2.3438 0.061145
7.0313 -1.5625 0.14162
7.0313 -0.78125 0.16185
7.0313 0 0.16531
7.0313 0.78125 0.10801
7.0313 1.5625 0.017163
7.0313 2.3438 -0.052228
7.0313 3.125 -0.058205
7.0313 3.9063 0.046867
7.0313 4.6875 0.14855
7.0313 5.4688 0.18899
7.0313 6.25 0.12182
7.0313 7.0313 0.02287
7.0313 7.8125 0.059663
7.0313 8.5938 0.11303
7.0313 9.375 0.07242
7.0313 10.156 0.024903
7.0313 10.938 0.0014435
7.0313 11.719 -0.10667
7.0313 12.5 -0.21854
7.0313 13.281 -0.092091
7.0313 14.063 -0.048514
7.0313 14.844 -0.10421
7.0313 15.625 -0.088145
7.0313 16.406 -0.063484
7.0313 17.188 -0.14376
7.0313 17.969 -0.15986
7.0313 18.75 -0.043958
7.0313 19.531 0.044295
7.0313 20.313 0.056775
7.0313 21.094 0.066303
7.0313 21.875 0.064569
7.0313 22.656 0.029174
7.0313 23.438 0.056746
7.0313 24.219 0.14878
7.0313 25 0.11632
7.8125 -24.219 0.036923
7.8125 -23.438 -0.010492
7.8125 -22.656 0.054893
7.8125 -21.875 0.10865
7.8125 -21.094 0.16629
7.8125 -20.313 0.14767
7.8125 -19.531 0.10691
7.8125 -18.75 0.14592
7.8125 -17.969 0.19056
7.8125 -17.188 0.16916
7.8125 -16.406 0.067695
7.8125 -15.625 0.04709
7.8125 -14.844 -0.054866
7.8125 -14.063 -0.23028
7.8125 -13.281 -0.24064
7.8125 -12.5 -0.24529
7.8125 -11.719 -0.12605
7.8125 -10.938 -0.044126
7.8125 -10.156 -0.15505
7.8125 -9.375 -0.22817
7.8125 -8.5938 -0.26997
7.8125 -7.8125 -0.15236
7.8125 -7.0313 -0.016292
7.8125 -6.25 0.051782
7.8125 -5.4688 -0.065019
7.8125 -4.6875 -0.16475
7.8125 -3.9063 -0.23458
7.8125 -3.125 -0.06545
7.8125 -2.3438 0.097153
7.8125 -1.5625 0.1718
7.8125 -0.78125 0.1636
7.8125 0 0.13495
7.8125 0.78125 0.089738
7.8125 1.5625 -0.024401
7.8125 2.3438 -0.075511
7.8125 3.125 -0.029675
7.8125 3.9063 0.036438
7.8125 4.6875 0.12837
7.8125 5.4688 0.20046
7.8125 6.25 0.15197
7.8125 7.0313 0.033422
7.8125 7.8125 0.059055
7.8125 8.5938 0.08278
7.8125 9.375 0.030093
7.8125 10.156 0.051038
7.8125 10.938 0.016254
7.8125 11.719 -0.029005
7.8125 12.5 -0.088178
7.8125 13.281 0.011533
7.8125 14.063 0.021452
7.8125 14.844 -0.098074
7.8125 15.625 -0.1287
7.8125 16.406 -0.097857
7.8125 17.188 -0.14661
7.8125 17.969 -0.15237
7.8125 18.75 -0.053897
7.8125 19.531 0.0057936
7.8125 20.313 0.0012485
7.8125 21.094 0.097447
7.8125 21.875 0.12731
7.8125 22.656 0.10359
7.8125 23.438 0.1111
7.8125 24.219 0.15477
7.8125 25 0.081313
8.5938 -24.219 0.0092035
8.5938 -23.438 0.0027807
8.5938 -22.656 0.091727
8.5938 -21.875 0.15307
8.5938 -21.094 0.11464
8.5938 -20.313 0.050692
8.5938 -19.531 0.065151
8.5938 -18.75 0.13533
8.5938 -17.969 0.16145
8.5938 -17.188 0.16099
8.5938 -16.406 0.078938
8.5938 -15.625 0.028736
8.5938 -14.844 -0.042892
8.5938 -14.063 -0.1763
8.5938 -13.281 -0.20816
8.5938 -12.5 -0.22737
8.5938 -11.719 -0.11143
8.5938 -10.938 -0.051734
8.5938 -10.156 -0.12291
8.5938 -9.375 -0.23078
8.5938 -8.5938 -0.29557
8.5938 -7.8125 -0.17578
8.5938 -7.0313 -0.075962
8.5938 -6.25 -0.0016277
8.5938 -5.4688 -0.11195
8.5938 -4.6875 -0.19376
8.5938 -3.9063 -0.20796
8.5938 -3.125 -0.046831
8.5938 -2.3438 0.062061
8.5938 -1.5625 0.10432
8.5938 -0.78125 0.1467
8.5938 0 0.12497
8.5938 0.78125 0.068437
8.5938 1.5625 -0.084915
8.5938 2.3438 -0.095275
8.5938 3.125 -0.050256
8.5938 3.9063 0.0213
8.5938 4.6875 0.094745
8.5938 5.4688 0.11381
8.5938 6.25 0.12869
8.5938 7.0313 0.055365
8.5938 7.8125 0.032143
8.5938 8.5938 0.066192
8.5938 9.375 0.068249
8.5938 10.156 0.042951
8.5938 10.938 0.04697
8.5938 11.719 0.028483
8.5938 12.5 0.040874
8.5938 13.281 0.047824
8.5938 14.063 0.0080664
8.5938 14.844 -0.10949
8.5938 15.625 -0.08719
8.5938 16.406 -0.092448
8.5938 17.188 -0.10206
8.5938 17.969 -0.10939
8.5938 18.75 -0.13289
8.5938 19.531 -0.072841
8.5938 20.313 -0.010114
8.5938 21.094 0.12201
8.5938 21.875 0.1382
8.5938 22.656 0.11439
8.5938 23.438 0.093436
8.5938 24.219 0.099923
8.5938 25 0.028584
9.375 -24.219 -0.020108
9.375 -23.438 0.044017
9.375 -22.656 0.13791
9.375 -21.875 0.1462
9.375 -21.094 0.030767
9.375 -20.313 -0.081034
9.375 -19.531 -0.028079
9.375 -18.75 0.0879
9.375 -17.969 0.17213
9.375 -17.188 0.15058
9.375 -16.406 0.070431
9.375 -15.625 -0.0091164
9.375 -14.844 -0.12296
9.375 -14.063 -0.16078
9.375 -13.281 -0.15831
9.375 -12.5 -0.14123
9.375 -11.719 -0.074408
9.375 -10.938 -0.062371
9.375 -10.156 -0.14872
9.375 -9.375 -0.2551
9.375 -8.5938 -0.30169
9.375 -7.8125 -0.20396
9.375 -7.0313 -0.095794
9.375 -6.25 -0.045015
9.375 -5.4688 -0.19156
9.375 -4.6875 -0.20054
9.375 -3.9063 -0.12373
9.375 -3.125 -0.033925
9.375 -2.3438 0.044394
9.375 -1.5625 0.076126
9.375 -0.78125 0.10609
9.375 0 0.13085
9.375 0.78125 0.014729
9.375 1.5625 -0.12193
9.375 2.3438 -0.10933
9.375 3.125 -0.061884
9.375 3.9063 0.0049187
9.375 4.6875 0.056935
9.375 5.4688 0.030698
9.375 6.25 0.072526
9.375 7.0313 0.087918
9.375 7.8125 0.053964
9.375 8.5938 0.010366
9.375 9.375 0.049666
9.375 10.156 0.071454
9.375 10.938 0.098598
9.375 11.719 0.078091
9.375 12.5 0.056529
9.375 13.281 0.0057771
9.375 14.063 -0.06424
9.375 14.844 -0.095292
9.375 15.625 -0.070739
9.375 16.406 -0.083001
9.375 17.188 -0.087534
9.375 17.969 -0.070903
9.375 18.75 -0.17182
9.375 19.531 -0.10321
9.375 20.313 0.0018961
9.375 21.094 0.14445
9.375 21.875 0.12281
9.375 22.656 0.085843
9.375 23.438 0.076712
9.375 24.219 0.049055
9.375 25 -0.029969
10.156 -24.219 -0.018463
10.156 -23.438 0.07516
10.156 -22.656 0.13417
10.156 -21.875 0.11068
10.156 -21.094 -0.0057218
10.156 -20.313 -0.099007
10.156 -19.531 -0.043887
10.156 -18.75 0.058022
10.156 -17.969 0.21702
10.156 -17.188 0.17135
10.156 -16.406 0.062422
10.156 -15.625 -0.0079673
10.156 -14.844 -0.13123
10.156 -14.063 -0.13348
10.156 -13.281 -0.064685
10.156 -12.5 -0.071619
10.156 -11.719 -0.071938
10.156 -10.938 -0.091646
10.156 -10.156 -0.19106
10.156 -9.375 -0.26107
10.156 -8.5938 -0.25197
10.156 -7.8125 -0.19301
10.156 -7.0313 -0.082103
10.156 -6.25 -0.049892
10.156 -5.4688 -0.19277
10.156 -4.6875 -0.16068
10.156 -3.9063 -0.073717
10.156 -3.125 0.0114
10.156 -2.3438 0.03845
10.156 -1.5625 0.043311
10.156 -0.78125 0.061878
10.156 0 0.086633
10.156 0.78125 -0.017584
10.156 1.5625 -0.097251
10.156 2.3438 -0.12406
10.156 3.125 -0.052547
10.156 3.9063 0.054194
10.156 4.6875 0.023695
10.156 5.4688 -0.016245
10.156 6.25 0.00065326
10.156 7.0313 0.094596
10.156 7.8125 0.13714
10.156 8.5938 0.075917
10.156 9.375 0.093365
10.156 10.156 0.070153
10.156 10.938 0.12137
10.156 11.719 0.13504
10.156 12.5 0.072197
10.156 13.281 -0.01022
10.156 14.063 -0.055568
10.156 14.844 -0.11607
10.156 15.625 -0.087811
10.156 16.406 -0.12694
10.156 17.188 -0.11744
10.156 17.969 -0.044981
10.156 18.75 -0.06482
10.156 19.531 -0.037133
10.156 20.313 0.041406
10.156 21.094 0.15387
10.156 21.875 0.083632
10.156 22.656 0.087223
10.156 23.438 0.12427
10.156 24.219 0.028907
10.156 25 -0.074554
10.938 -24.219 0.052315
10.938 -23.438 0.095523
10.938 -22.656 0.11062
10.938 -21.875 0.046772
10.938 -21.094 -0.081606
10.938 -20.313 -0.080891
10.938 -19.531 0.023545
10.938 -18.75 0.087453
10.938 -17.969 0.25047
10.938 -17.188 0.21859
10.938 -16.406 0.090729
10.938 -15.625 -0.040256
10.938 -14.844 -0.10661
10.938 -14.063 -0.077754
10.938 -13.281 0.017125
10.938 -12.5 -0.030883
10.938 -11.719 -0.06962
10.938 -10.938 -0.090808
10.938 -10.156 -0.18111
10.938 -9.375 -0.21916
10.938 -8.5938 -0.22384
10.938 -7.8125 -0.20178
10.938 -7.0313 -0.12612
10.938 -6.25 -0.049741
10.938 -5.4688 -0.13371
10.938 -4.6875 -0.076884
10.938 -3.9063 -0.020319
10.938 -3.125 0.049906
10.938 -2.3438 0.0033652
10.938 -1.5625 -0.013699
10.938 -0.78125 -0.0076056
10.938 0 -0.00033669
10.938 0.78125 -0.04524
10.938 1.5625 -0.080415
10.938 2.3438 -0.092216
10.938 3.125 -0.034589
10.938 3.9063 0.049373
10.938 4.6875 0.0082552
10.938 5.4688 -0.053232
10.938 6.25 0.024354
10.938 7.0313 0.090252
10.938 7.8125 0.13888
10.938 8.5938 0.11514
10.938 9.375 0.077235
10.938 10.156 0.095022
10.938 10.938 0.15162
10.938 11.719 0.16497
10.938 12.5 0.077412
10.938 13.281 -0.030245
10.938 14.063 -0.10515
10.938 14.844 -0.13755
10.938 15.625 -0.083448
10.938 16.406 -0.12867
10.938 17.188 -0.13573
10.938 17.969 -0.074378
10.938 18.75 -0.026235
10.938 19.531 0.042302
10.938 20.313 0.12207
10.938 21.094 0.10992
10.938 21.875 -0.034434
10.938 22.656 0.062149
10.938 23.438 0.099825
10.938 24.219 0.015905
10.938 25 -0.049694
11.719 -24.219 0.090128
11.719 -23.438 0.14129
11.719 -22.656 0.13904
11.719 -21.875 0.0047096
11.719 -21.094 -0.047232
11.719 -20.313 0.020432
11.719 -19.531 0.06516
11.719 -18.75 0.10303
11.719 -17.969 0.21551
11.719 -17.188 0.18336
11.719 -16.406 0.081805
11.719 -15.625 -0.057542
11.719 -14.844 -0.12448
11.719 -14.063 -0.049639
11.719 -13.281 0.01294
11.719 -12.5 -0.01459
11.719 -11.719 0.015408
11.719 -10.938 -0.040917
11.719 -10.156 -0.14096
11.719 -9.375 -0.20538
11.719 -8.5938 -0.21451
11.719 -7.8125 -0.18999
11.719 -7.0313 -0.12686
11.719 -6.25 -0.11075
11.719 -5.4688 -0.09944
11.719 -4.6875 -0.029386
11.719 -3.9063 0.015961
11.719 -3.125 0.023066
11.719 -2.3438 -0.0080055
11.719 -1.5625 -0.035856
11.719 -0.78125 -0.050724
11.719 0 -0.040626
11.719 0.78125 -0.061707
11.719 1.5625 -0.10779
11.719 2.3438 -0.093133
11.719 3.125 -0.022574
11.719 3.9063 0.080629
11.719 4.6875 0.027416
11.719 5.4688 -0.035535
11.719 6.25 0.025439
11.719 7.0313 0.078213
11.719 7.8125 0.13843
11.719 8.5938 0.10329
11.719 9.375 0.046932
11.719 10.156 0.1196
11.719 10.938 0.20616
11.719 11.719 0.17105
11.719 12.5 0.097419
11.719 13.281 -0.01276
11.719 14.063 -0.17628
11.719 14.844 -0.21774
11.719 15.625 -0.13493
11.719 16.406 -0.061985
11.719 17.188 -0.08259
11.719 17.969 -0.01637
11.719 18.75 0.050581
11.719 19.531 0.12775
11.719 20.313 0.14853
11.719 21.094 0.036877
11.719 21.875 -0.061498
11.719 22.656 0.046674
11.719 23.438 0.062679
11.719 24.219 0.038976
11.719 25 0.0060882
12.5 -24.219 0.14097
12.5 -23.438 0.13874
12.5 -22.656 0.11119
12.5 -21.875 0.0062871
12.5 -21.094 -0.0040006
12.5 -20.313 0.1023
12.5 -19.531 0.11133
12.5 -18.75 0.16053
12.5 -17.969 0.19944
12.5 -17.188 0.14418
12.5 -16.406 0.066497
12.5 -15.625 0.0049158
12.5 -14.844 -0.092433
12.5 -14.063 -0.065987
12.5 -13.281 0.010027
12.5 -12.5 -0.03574
12.5 -11.719 0.036542
12.5 -10.938 0.0027926
12.5 -10.156 -0.070314
12.5 -9.375 -0.16318
12.5 -8.5938 -0.21604
12.5 -7.8125 -0.12545
12.5 -7.0313 -0.070267
12.5 -6.25 -0.10511
12.5 -5.4688 -0.11771
12.5 -4.6875 -0.098659
12.5 -3.9063 -0.031791
12.5 -3.125 0.010006
12.5 -2.3438 -0.02254
12.5 -1.5625 -0.081932
12.5 -0.78125 -0.056667
12.5 0 0.0061871
12.5 0.78125 -0.047425
12.5 1.5625 -0.15289
12.5 2.3438 -0.12894
12.5 3.125 -0.054474
12.5 3.9063 0.066765
12.5 4.6875 0.030615
12.5 5.4688 -0.057054
12.5 6.25 -0.019635
12.5 7.0313 0.037662
12.5 7.8125 0.059521
12.5 8.5938 0.057792
12.5 9.375 0.033204
12.5 10.156 0.10967
12.5 10.938 0.21745
12.5 11.719 0.10849
12.5 12.5 0.082364
12.5 13.281 0.00017888
12.5 14.063 -0.18301
12.5 14.844 -0.26313
12.5 15.625 -0.17944
12.5 16.406 -0.039117
12.5 17.188 -0.00037724
12.5 17.969 0.015063
12.5 18.75 0.10112
12.5 19.531 0.17204
12.5 20.313 0.089507
12.5 21.094 -0.024627
12.5 21.875 -0.065312
12.5 22.656 0.019697
12.5 23.438 0.067692
12.5 24.219 0.073685
12.5 25 0.1249
13.281 -24.219 0.14193
13.281 -23.438 0.13562
13.281 -22.656 0.095822
13.281 -21.875 0.061745
13.281 -21.094 0.066897
13.281 -20.313 0.12658
13.281 -19.531 0.1469
13.281 -18.75 0.19808
13.281 -17.969 0.11844
13.281 -17.188 0.091537
13.281 -16.406 0.088366
13.281 -15.625 0.073645
13.281 -14.844 -0.017704
13.281 -14.063 -0.029338
13.281 -13.281 0.016878
13.281 -12.5 -0.0031374
13.281 -11.719 0.030217
13.281 -10.938 0.016466
13.281 -10.156 -0.055947
13.281 -9.375 -0.10142
13.281 -8.5938 -0.13354
13.281 -7.8125 -0.089914
13.281 -7.0313 -0.1038
13.281 -6.25 -0.15271
13.281 -5.4688 -0.11885
13.281 -4.6875 -0.048299
13.281 -3.9063 -0.059954
13.281 -3.125 -0.037752
13.281 -2.3438 -0.095567
13.281 -1.5625 -0.038949
13.281 -0.78125 -0.016433
13.281 0 0.027185
13.281 0.78125 -0.0061127
13.281 1.5625 -0.11042
13.281 2.3438 -0.13422
13.281 3.125 -0.07366
13.281 3.9063 -0.01635
13.281 4.6875 -0.0036206
13.281 5.4688 -0.045946
13.281 6.25 -0.051137
13.281 7.0313 -0.020181
13.281 7.8125 0.014269
13.281 8.5938 0.016754
13.281 9.375 -0.033053
13.281 10.156 0.027842
13.281 10.938 0.10339
13.281 11.719 0.084905
13.281 12.5 0.10567
13.281 13.281 0.013146
13.281 14.063 -0.13747
13.281 14.844 -0.22744
13.281 15.625 -0.2182
13.281 16.406 -0.073946
13.281 17.188 0.035012
13.281 17.969 0.03418
13.281 18.75 0.10495
13.281 19.531 0.087873
13.281 20.313 0.0072734
13.281 21.094 -0.11332
13.281 21.875 -0.12034
13.281 22.656 0.039043
13.281 23.438 0.14076
13.281 24.219 0.14841
13.281 25 0.15067
14.063 -24.219 0.11737
14.063 -23.438 0.17824
14.063 -22.656 0.16059
14.063 -21.875 0.14155
14.063 -21.094 0.1601
14.063 -20.313 0.10979
14.063 -19.531 0.12213
14.063 -18.75 0.1465
14.063 -17.969 0.070564
14.063 -17.188 0.06237
14.063 -16.406 0.084074
14.063 -15.625 0.073432
14.063 -14.844 0.044198
14.063 -14.063 0.013535
14.063 -13.281 0.044157
14.063 -12.5 0.068212
14.063 -11.719 0.039207
14.063 -10.938 -0.019904
14.063 -10.156 -0.0041398
14.063 -9.375 -0.048453
14.063 -8.5938 -0.10153
14.063 -7.8125 -0.072399
14.063 -7.0313 -0.083962
14.063 -6.25 -0.16465
14.063 -5.4688 -0.044048
14.063 -4.6875 -0.011542
14.063 -3.9063 -0.051613
14.063 -3.125 -0.034827
14.063 -2.3438 -0.082485
14.063 -1.5625 -0.0039955
14.063 -0.78125 0.0017501
14.063 0 -0.00385
14.063 0.78125 -0.073595
14.063 1.5625 -0.071603
14.063 2.3438 -0.087505
14.063 3.125 -0.047365
14.063 3.9063 -0.078229
14.063 4.6875 -0.059922
14.063 5.4688 -0.039603
14.063 6.25 -0.052132
14.063 7.0313 -0.027113
14.063 7.8125 0.079512
14.063 8.5938 0.025541
14.063 9.375 -0.095324
14.063 10.156 -0.01503
14.063 10.938 0.030316
14.063 11.719 0.06797
14.063 12.5 0.10416
14.063 13.281 0.0016558
14.063 14.063 -0.11504
14.063 14.844 -0.19544
14.063 15.625 -0.19612
14.063 16.406 -0.091418
14.063 17.188 -0.015623
14.063 17.969 -0.03384
14.063 18.75 0.037158
14.063 19.531 0.017877
14.063 20.313 -0.065401
14.063 21.094 -0.16419
14.063 21.875 -0.079656
14.063 22.656 0.091888
14.063 23.438 0.18065
14.063 24.219 0.18516
14.063 25 0.099232
14.844 -24.219 0.12979
14.844 -23.438 0.1105
14.844 -22.656 0.12823
14.844 -21.875 0.15137
14.844 -21.094 0.15422
14.844 -20.313 0.10224
14.844 -19.531 0.14966
14.844 -18.75 0.15118
14.844 -17.969 0.11957
14.844 -17.188 0.11544
14.844 -16.406 0.088989
14.844 -15.625 0.062102
14.844 -14.844 0.046752
14.844 -14.063 0.0416
14.844 -13.281 0.050965
14.844 -12.5 0.063181
14.844 -11.719 0.066543
14.844 -10.938 0.03344
14.844 -10.156 0.060655
14.844 -9.375 -0.025595
14.844 -8.5938 -0.066701
14.844 -7.8125 -0.044245
14.844 -7.0313 -0.082295
14.844 -6.25 -0.14077
14.844 -5.4688 -0.028377
14.844 -4.6875 0.031421
14.844 -3.9063 -0.0080961
14.844 -3.125 -0.018062
14.844 -2.3438 0.014399
14.844 -1.5625 0.057391
14.844 -0.78125 0.042858
14.844 0 -0.025251
14.844 0.78125 -0.12365
14.844 1.5625 -0.053481
14.844 2.3438 -0.064117
14.844 3.125 -0.07207
14.844 3.9063 -0.074499
14.844 4.6875 -0.1007
14.844 5.4688 -0.10958
14.844 6.25 -0.0035766
14.844 7.0313 0.017978
14.844 7.8125 0.079692
14.844 8.5938 0.034261
14.844 9.375 -0.051856
14.844 10.156 -0.0093101
14.844 10.938 -0.0004093
14.844 11.719 0.0069034
14.844 12.5 0.061877
14.844 13.281 -0.0058792
14.844 14.063 -0.094561
14.844 14.844 -0.1437
14.844 15.625 -0.13756
14.844 16.406 -0.073846
14.844 17.188 -0.060033
14.844 17.969 -0.10246
14.844 18.75 -0.022219
14.844 19.531 -0.043546
14.844 20.313 -0.11268
14.844 21.094 -0.13076
14.844 21.875 -0.070844
14.844 22.656 0.082514
14.844 23.438 0.15612
14.844 24.219 0.15829
14.844 25 0.1009
15.625 -24.219 0.10468
15.625 -23.438 0.077355
15.625 -22.656 0.097149
15.625 -21.875 0.11264
15.625 -21.094 0.11658
15.625 -20.313 0.09772
15.625 -19.531 0.20923
15.625 -18.75 0.2144
15.625 -17.969 0.19759
15.625 -17.188 0.17395
15.625 -16.406 0.10738
15.625 -15.625 0.03589
15.625 -14.844 0.040452
15.625 -14.063 0.022962
15.625 -13.281 0.038105
15.625 -12.5 0.065952
15.625 -11.719 0.081678
15.625 -10.938 0.10012
15.625 -10.156 0.086666
15.625 -9.375 0.045667
15.625 -8.5938 0.0057472
15.625 -7.8125 -0.043251
15.625 -7.0313 -0.09899
15.625 -6.25 -0.10845
15.625 -5.4688 -0.027717
15.625 -4.6875 0.062864
15.625 -3.9063 0.048506
15.625 -3.125 -0.011117
15.625 -2.3438 0.040124
15.625 -1.5625 0.085846
15.625 -0.78125 0.062155
15.625 0 -0.032686
15.625 0.78125 -0.049257
15.625 1.5625 -0.029194
15.625 2.3438 -0.0057597
15.625 3.125 -0.053452
15.625 3.9063 -0.06411
15.625 4.6875 -0.1219
15.625 5.4688 -0.17636
15.625 6.25 -0.055947
15.625 7.0313 0.044082
15.625 7.8125 0.076062
15.625 8.5938 0.030434
15.625 9.375 0.001392
15.625 10.156 -0.0096297
15.625 10.938 -0.029303
15.625 11.719 -0.023793
15.625 12.5 0.00079459
15.625 13.281 -0.011833
15.625 14.063 -0.064632
15.625 14.844 -0.093841
15.625 15.625 -0.085826
15.625 16.406 -0.06229
15.625 17.188 -0.074743
15.625 17.969 -0.1399
15.625 18.75 -0.073184
15.625 19.531 -0.098731
15.625 20.313 -0.13475
15.625 21.094 -0.13426
15.625 21.875 -0.10698
15.625 22.656 0.0015877
15.625 23.438 0.061614
15.625 24.219 0.082063
15.625 25 0.11606
16.406 -24.219 0.12843
16.406 -23.438 0.071566
16.406 -22.656 0.0034759
16.406 -21.875 0.0058618
16.406 -21.094 0.031971
16.406 -20.313 0.077829
16.406 -19.531 0.23908
16.406 -18.75 0.29198
16.406 -17.969 0.24168
16.406 -17.188 0.12951
16.406 -16.406 0.052125
16.406 -15.625 0.033014
16.406 -14.844 0.0046716
16.406 -14.063 -0.011719
16.406 -13.281 0.07152
16.406 -12.5 0.13453
16.406 -11.719 0.15843
16.406 -10.938 0.16619
16.406 -10.156 0.093547
16.406 -9.375 0.061571
16.406 -8.5938 0.025991
16.406 -7.8125 -0.0059002
16.406 -7.0313 -0.035838
16.406 -6.25 -0.095568
16.406 -5.4688 -0.057721
16.406 -4.6875 0.025625
16.406 -3.9063 0.072769
16.406 -3.125 0.079103
16.406 -2.3438 0.073134
16.406 -1.5625 0.062523
16.406 -0.78125 0.030014
16.406 0 -0.0042792
16.406 0.78125 0.012768
16.406 1.5625 0.0060566
16.406 2.3438 0.001342
16.406 3.125 -0.042697
16.406 3.9063 -0.10318
16.406 4.6875 -0.11364
16.406 5.4688 -0.18868
16.406 6.25 -0.086101
16.406 7.0313 0.047418
16.406 7.8125 0.047982
16.406 8.5938 0.022679
16.406 9.375 0.00033818
16.406 10.156 0.0050578
16.406 10.938 -0.0090468
16.406 11.719 -0.014743
16.406 12.5 -0.045975
16.406 13.281 -0.061557
16.406 14.063 -0.094132
16.406 14.844 -0.11501
16.406 15.625 -0.029762
16.406 16.406 0.021292
16.406 17.188 -0.026384
16.406 17.969 -0.13239
16.406 18.75 -0.12909
16.406 19.531 -0.11548
16.406 20.313 -0.17183
16.406 21.094 -0.21042
16.406 21.875 -0.20591
16.406 22.656 -0.11213
16.406 23.438 0.013527
16.406 24.219 0.094015
16.406 25 0.092084
17.188 -24.219 0.10749
17.188 -23.438 0.024038
17.188 -22.656 -0.081678
17.188 -21.875 -0.11715
17.188 -21.094 -0.021908
17.188 -20.313 0.11761
17.188 -19.531 0.28527
17.188 -18.75 0.31264
17.188 -17.969 0.22836
17.188 -17.188 0.087146
17.188 -16.406 0.012797
17.188 -15.625 -0.010937
17.188 -14.844 -0.030181
17.188 -14.063 0.014434
17.188 -13.281 0.1551
17.188 -12.5 0.16274
17.188 -11.719 0.17125
17.188 -10.938 0.14987
17.188 -10.156 0.069328
17.188 -9.375 0.085903
17.188 -8.5938 0.095539
17.188 -7.8125 0.1156
17.188 -7.0313 0.020251
17.188 -6.25 -0.11015
17.188 -5.4688 -0.092872
17.188 -4.6875 -0.057071
17.188 -3.9063 0.067684
17.188 -3.125 0.15444
17.188 -2.3438 0.087244
17.188 -1.5625 0.059188
17.188 -0.78125 0.015154
17.188 0 0.023528
17.188 0.78125 0.048175
17.188 1.5625 0.026888
17.188 2.3438 -0.0067468
17.188 3.125 -0.065945
17.188 3.9063 -0.13016
17.188 4.6875 -0.13446
17.188 5.4688 -0.16761
17.188 6.25 -0.02907
17.188 7.0313 0.066214
17.188 7.8125 0.046604
17.188 8.5938 0.026512
17.188 9.375 0.024534
17.188 10.156 0.027822
17.188 10.938 -0.0013516
17.188 11.719 -0.031062
17.188 12.5 -0.056364
17.188 13.281 -0.11082
17.188 14.063 -0.089052
17.188 14.844 -0.091584
17.188 15.625 -0.04984
17.188 16.406 0.043172
17.188 17.188 0.064369
17.188 17.969 -0.054468
17.188 18.75 -0.14047
17.188 19.531 -0.13112
17.188 20.313 -0.15229
17.188 21.094 -0.20412
17.188 21.875 -0.24839
17.188 22.656 -0.16818
17.188 23.438 -0.016328
17.188 24.219 0.073151
17.188 25 0.097905
17.969 -24.219 0.12324
17.969 -23.438 0.018492
17.969 -22.656 -0.1269
17.969 -21.875 -0.15265
17.969 -21.094 -0.043571
17.969 -20.313 0.12589
17.969 -19.531 0.30636
17.969 -18.75 0.29695
17.969 -17.969 0.20207
17.969 -17.188 0.045641
17.969 -16.406 -0.017577
17.969 -15.625 0.0092006
17.969 -14.844 0.0058209
17.969 -14.063 0.096718
17.969 -13.281 0.19561
17.969 -12.5 0.19964
17.969 -11.719 0.14661
17.969 -10.938 0.057231
17.969 -10.156 0.028617
17.969 -9.375 0.1104
17.969 -8.5938 0.19654
17.969 -7.8125 0.1954
17.969 -7.0313 0.057331
17.969 -6.25 -0.080499
17.969 -5.4688 -0.10214
17.969 -4.6875 -0.12992
17.969 -3.9063 0.0083612
17.969 -3.125 0.17664
17.969 -2.3438 0.16214
17.969 -1.5625 0.05478
17.969 -0.78125 0.041689
17.969 0 0.053437
17.969 0.78125 0.016632
17.969 1.5625 -0.03507
17.969 2.3438 -0.02355
17.969 3.125 -0.059956
17.969 3.9063 -0.16405
17.969 4.6875 -0.16329
17.969 5.4688 -0.10182
17.969 6.25 0.017765
17.969 7.0313 0.072382
17.969 7.8125 0.076217
17.969 8.5938 0.033047
17.969 9.375 0.031375
17.969 10.156 -0.0021915
17.969 10.938 -0.021501
17.969 11.719 -0.056678
17.969 12.5 -0.065677
17.969 13.281 -0.1001
17.969 14.063 -0.093417
17.969 14.844 -0.048691
17.969 15.625 -0.012064
17.969 16.406 0.028101
17.969 17.188 0.073357
17.969 17.969 -0.040455
17.969 18.75 -0.11704
17.969 19.531 -0.13477
17.969 20.313 -0.16886
17.969 21.094 -0.22953
17.969 21.875 -0.24932
17.969 22.656 -0.16379
17.969 23.438 -0.076656
17.969 24.219 -0.030159
17.969 25 0.046587
18.75 -24.219 0.13584
18.75 -23.438 0.018628
18.75 -22.656 -0.11917
18.75 -21.875 -0.15085
18.75 -21.094 -0.039479
18.75 -20.313 0.13929
18.75 -19.531 0.28731
18.75 -18.75 0.273
18.75 -17.969 0.18477
18.75 -17.188 0.045626
18.75 -16.406 0.0026858
18.75 -15.625 0.058801
18.75 -14.844 0.065081
18.75 -14.063 0.14235
18.75 -13.281 0.22229
18.75 -12.5 0.25251
18.75 -11.719 0.19306
18.75 -10.938 0.03267
18.75 -10.156 0.012239
18.75 -9.375 0.097307
18.75 -8.5938 0.21778
18.75 -7.8125 0.20723
18.75 -7.0313 0.058752
18.75 -6.25 -0.071393
18.75 -5.4688 -0.06614
18.75 -4.6875 -0.084164
18.75 -3.9063 0.012049
18.75 -3.125 0.15908
18.75 -2.3438 0.15008
18.75 -1.5625 0.082218
18.75 -0.78125 0.06499
18.75 0 0.095014
18.75 0.78125 -0.0002113
18.75 1.5625 -0.04542
18.75 2.3438 -0.055983
18.75 3.125 -0.10844
18.75 3.9063 -0.22005
18.75 4.6875 -0.24196
18.75 5.4688 -0.12319
18.75 6.25 0.018767
18.75 7.0313 0.10709
18.75 7.8125 0.11288
18.75 8.5938 0.056563
18.75 9.375 0.037671
18.75 10.156 -0.04308
18.75 10.938 -0.063746
18.75 11.719 -0.072713
18.75 12.5 -0.094586
18.75 13.281 -0.11721
18.75 14.063 -0.094947
18.75 14.844 -0.10143
18.75 15.625 -0.0065347
18.75 16.406 0.025078
18.75 17.188 0.060582
18.75 17.969 -0.051686
18.75 18.75 -0.071116
18.75 19.531 -0.13305
18.75 20.313 -0.16839
18.75 21.094 -0.21554
18.75 21.875 -0.19525
18.75 22.656 -0.13301
18.75 23.438 -0.071678
18.75 24.219 -0.033776
18.75 25 0.018949
19.531 -24.219 0.069088
19.531 -23.438 -0.0083338
19.531 -22.656 -0.14806
19.531 -21.875 -0.20493
19.531 -21.094 -0.046801
19.531 -20.313 0.18109
19.531 -19.531 0.25714
19.531 -18.75 0.20885
19.531 -17.969 0.12963
19.531 -17.188 0.061303
19.531 -16.406 0.025003
19.531 -15.625 -0.015979
19.531 -14.844 0.083939
19.531 -14.063 0.205
19.531 -13.281 0.22629
19.531 -12.5 0.20858
19.531 -11.719 0.1602
19.531 -10.938 0.017083
19.531 -10.156 -0.00099598
19.531 -9.375 0.092617
19.531 -8.5938 0.20052
19.531 -7.8125 0.18341
19.531 -7.0313 0.061447
19.531 -6.25 -0.070096
19.531 -5.4688 -0.079515
19.531 -4.6875 -0.00059199
19.531 -3.9063 0.057372
19.531 -3.125 0.12239
19.531 -2.3438 0.11169
19.531 -1.5625 0.11663
19.531 -0.78125 0.091018
19.531 0 0.0768
19.531 0.78125 -0.024563
19.531 1.5625 -0.04646
19.531 2.3438 -0.072971
19.531 3.125 -0.14536
19.531 3.9063 -0.23762
19.531 4.6875 -0.26675
19.531 5.4688 -0.13196
19.531 6.25 0.049846
19.531 7.0313 0.090788
19.531 7.8125 0.11715
19.531 8.5938 0.078139
19.531 9.375 0.01727
19.531 10.156 -0.0070064
19.531 10.938 -0.00098563
19.531 11.719 -0.047444
19.531 12.5 -0.087345
19.531 13.281 -0.10573
19.531 14.063 -0.085633
19.531 14.844 -0.07607
19.531 15.625 0.017366
19.531 16.406 0.074044
19.531 17.188 -0.0040945
19.531 17.969 -0.057988
19.531 18.75 -0.086406
19.531 19.531 -0.14567
19.531 20.313 -0.19999
19.531 21.094 -0.16904
19.531 21.875 -0.14259
19.531 22.656 -0.10284
19.531 23.438 0.0055806
19.531 24.219 0.028124
19.531 25 0.073952
20.313 -24.219 0.024261
20.313 -23.438 -0.055943
20.313 -22.656 -0.19106
20.313 -21.875 -0.19282
20.313 -21.094 0.095239
20.313 -20.313 0.23541
20.313 -19.531 0.27707
20.313 -18.75 0.23959
20.313 -17.969 0.10349
20.313 -17.188 0.065344
20.313 -16.406 -0.023446
20.313 -15.625 -0.071417
20.313 -14.844 0.056235
20.313 -14.063 0.21313
20.313 -13.281 0.21002
20.313 -12.5 0.18555
20.313 -11.719 0.15686
20.313 -10.938 0.05211
20.313 -10.156 -0.0021102
20.313 -9.375 0.13601
20.313 -8.5938 0.2359
20.313 -7.8125 0.1427
20.313 -7.0313 0.039903
20.313 -6.25 -0.067555
20.313 -5.4688 -0.059844
20.313 -4.6875 0.023339
20.313 -3.9063 0.083113
20.313 -3.125 0.14423
20.313 -2.3438 0.1095
20.313 -1.5625 0.18149
20.313 -0.78125 0.14165
20.313 0 0.021133
20.313 0.78125 -0.041837
20.313 1.5625 -0.076912
20.313 2.3438 -0.11053
20.313 3.125 -0.20629
20.313 3.9063 -0.22299
20.313 4.6875 -0.1952
20.313 5.4688 -0.061841
20.313 6.25 0.10909
20.313 7.0313 0.11204
20.313 7.8125 0.11275
20.313 8.5938 0.071084
20.313 9.375 -0.049014
20.313 10.156 -0.022952
20.313 10.938 0.044854
20.313 11.719 -0.0075504
20.313 12.5 -0.12935
20.313 13.281 -0.078869
20.313 14.063 -0.083492
20.313 14.844 -0.019128
20.313 15.625 0.041854
20.313 16.406 0.10345
20.313 17.188 0.022428
20.313 17.969 -0.0554
20.313 18.75 -0.067656
20.313 19.531 -0.15191
20.313 20.313 -0.18794
20.313 21.094 -0.17712
20.313 21.875 -0.12975
20.313 22.656 -0.04406
20.313 23.438 0.070625
20.313 24.219 0.067463
20.313 25 0.063524
21.094 -24.219 -0.01183
21.094 -23.438 -0.10242
21.094 -22.656 -0.21006
21.094 -21.875 -0.16969
21.094 -21.094 0.14015
21.094 -20.313 0.2636
21.094 -19.531 0.26582
21.094 -18.75 0.21443
21.094 -17.969 0.095886
21.094 -17.188 0.040967
21.094 -16.406 -0.07542
21.094 -15.625 -0.054282
21.094 -14.844 0.065957
21.094 -14.063 0.15644
21.094 -13.281 0.19555
21.094 -12.5 0.1897
21.094 -11.719 0.18222
21.094 -10.938 0.072456
21.094 -10.156 0.0041499
21.094 -9.375 0.11756
21.094 -8.5938 0.18253
21.094 -7.8125 0.053947
21.094 -7.0313 0.032711
21.094 -6.25 -0.024441
21.094 -5.4688 -0.033563
21.094 -4.6875 0.03942
21.094 -3.9063 0.16492
21.094 -3.125 0.18835
21.094 -2.3438 0.1563
21.094 -1.5625 0.22492
21.094 -0.78125 0.15601
21.094 0 0.045821
21.094 0.78125 -0.061302
21.094 1.5625 -0.18319
21.094 2.3438 -0.21493
21.094 3.125 -0.23249
21.094 3.9063 -0.20394
21.094 4.6875 -0.16683
21.094 5.4688 0.036975
21.094 6.25 0.14903
21.094 7.0313 0.14187
21.094 7.8125 0.081686
21.094 8.5938 0.027069
21.094 9.375 -0.034897
21.094 10.156 -0.010964
21.094 10.938 0.033937
21.094 11.719 -0.015028
21.094 12.5 -0.07756
21.094 13.281 -0.082696
21.094 14.063 -0.048791
21.094 14.844 0.0052091
21.094 15.625 0.033327
21.094 16.406 0.046081
21.094 17.188 0.03233
21.094 17.969 -0.053119
21.094 18.75 -0.092121
21.094 19.531 -0.15722
21.094 20.313 -0.17813
21.094 21.094 -0.18124
21.094 21.875 -0.12282
21.094 22.656 -0.0057227
21.094 23.438 0.085461
21.094 24.219 0.069183
21.094 25 -0.0018885
21.875 -24.219 -0.0038731
21.875 -23.438 -0.10068
21.875 -22.656 -0.262
21.875 -21.875 -0.15108
21.875 -21.094 0.11748
21.875 -20.313 0.25572
21.875 -19.531 0.25117
21.875 -18.75 0.1631
21.875 -17.969 0.095554
21.875 -17.188 0.017783
21.875 -16.406 -0.071753
21.875 -15.625 -0.017429
21.875 -14.844 0.024421
21.875 -14.063 0.076757
21.875 -13.281 0.19015
21.875 -12.5 0.23735
21.875 -11.719 0.23346
21.875 -10.938 0.086172
21.875 -10.156 -0.017001
21.875 -9.375 0.054792
21.875 -8.5938 0.1047
21.875 -7.8125 0.019745
21.875 -7.0313 0.05758
21.875 -6.25 0.023914
21.875 -5.4688 0.011829
21.875 -4.6875 0.11336
21.875 -3.9063 0.21855
21.875 -3.125 0.18628
21.875 -2.3438 0.22984
21.875 -1.5625 0.25316
21.875 -0.78125 0.16839
21.875 0 0.077532
21.875 0.78125 -0.10755
21.875 1.5625 -0.28349
21.875 2.3438 -0.32513
21.875 3.125 -0.24696
21.875 3.9063 -0.10863
21.875 4.6875 -0.072078
21.875 5.4688 0.084561
21.875 6.25 0.16977
21.875 7.0313 0.086231
21.875 7.8125 -0.03334
21.875 8.5938 -0.092154
21.875 9.375 -0.03044
21.875 10.156 -0.01933
21.875 10.938 -0.031114
21.875 11.719 -0.061178
21.875 12.5 -0.0924
21.875 13.281 -0.045992
21.875 14.063 -0.035767
21.875 14.844 0.0072732
21.875 15.625 0.076814
21.875 16.406 0.045806
21.875 17.188 0.029126
21.875 17.969 -0.13969
21.875 18.75 -0.2054
21.875 19.531 -0.21341
21.875 20.313 -0.22303
21.875 21.094 -0.21593
21.875 21.875 -0.15611
21.875 22.656 -0.053948
21.875 23.438 0.069091
21.875 24.219 0.040251
21.875 25 -0.030163
22.656 -24.219 0.006192
22.656 -23.438 -0.078405
22.656 -22.656 -0.21672
22.656 -21.875 -0.12653
22.656 -21.094 0.097465
22.656 -20.313 0.25307
22.656 -19.531 0.20835
22.656 -18.75 0.1199
22.656 -17.969 0.077573
22.656 -17.188 0.007407
22.656 -16.406 -0.066323
22.656 -15.625 -0.0016422
22.656 -14.844 0.029286
22.656 -14.063 0.13728
22.656 -13.281 0.18983
22.656 -12.5 0.27704
22.656 -11.719 0.28892
22.656 -10.938 0.11209
22.656 -10.156 0.047007
22.656 -9.375 0.038139
22.656 -8.5938 0.060746
22.656 -7.8125 -0.0047506
22.656 -7.0313 -0.01382
22.656 -6.25 -0.04665
22.656 -5.4688 -0.0031145
22.656 -4.6875 0.13643
22.656 -3.9063 0.23948
22.656 -3.125 0.27791
22.656 -2.3438 0.29478
22.656 -1.5625 0.25432
22.656 -0.78125 0.18412
22.656 0 0.029221
22.656 0.78125 -0.13772
22.656 1.5625 -0.26747
22.656 2.3438 -0.30663
22.656 3.125 -0.22781
22.656 3.9063 -0.059607
22.656 4.6875 0.050183
22.656 5.4688 0.13173
22.656 6.25 0.16378
22.656 7.0313 0.040389
22.656 7.8125 -0.14225
22.656 8.5938 -0.1458
22.656 9.375 -0.035144
22.656 10.156 -0.012827
22.656 10.938 -0.059912
22.656 11.719 -0.053033
22.656 12.5 -0.063654
22.656 13.281 0.0042952
22.656 14.063 0.044353
22.656 14.844 0.040209
22.656 15.625 0.076681
22.656 16.406 0.027192
22.656 17.188 -0.023527
22.656 17.969 -0.1528
22.656 18.75 -0.27651
22.656 19.531 -0.27261
22.656 20.313 -0.22615
22.656 21.094 -0.23908
22.656 21.875 -0.18426
22.656 22.656 -0.056366
22.656 23.438 0.0072477
22.656 24.219 -0.039112
22.656 25 -0.060845
23.438 -24.219 -0.039782
23.438 -23.438 -0.056711
23.438 -22.656 -0.15607
23.438 -21.875 -0.13085
23.438 -21.094 0.080017
23.438 -20.313 0.2064
23.438 -19.531 0.16632
23.438 -18.75 0.082879
23.438 -17.969 0.045086
23.438 -17.188 -0.033186
23.438 -16.406 -0.04236
23.438 -15.625 -0.031652
23.438 -14.844 0.09526
23.438 -14.063 0.21973
23.438 -13.281 0.19886
23.438 -12.5 0.23611
23.438 -11.719 0.26549
23.438 -10.938 0.13541
23.438 -10.156 0.052346
23.438 -9.375 0.032103
23.438 -8.5938 0.055569
23.438 -7.8125 0.043174
23.438 -7.0313 0.0070802
23.438 -6.25 -0.059872
23.438 -5.4688 -0.023473
23.438 -4.6875 0.18105
23.438 -3.9063 0.26817
23.438 -3.125 0.31144
23.438 -2.3438 0.26335
23.438 -1.5625 0.23623
23.438 -0.78125 0.094849
23.438 0 -0.025833
23.438 0.78125 -0.15898
23.438 1.5625 -0.20998
23.438 2.3438 -0.18224
23.438 3.125 -0.15516
23.438 3.9063 -0.013878
23.438 4.6875 0.1095
23.438 5.4688 0.12602
23.438 6.25 0.098111
23.438 7.0313 -0.038468
23.438 7.8125 -0.15969
23.438 8.5938 -0.12291
23.438 9.375 -0.026139
23.438 10.156 -0.024227
23.438 10.938 -0.032877
23.438 11.719 -0.042066
23.438 12.5 -0.076532
23.438 13.281 -0.0012473
23.438 14.063 0.059685
23.438 14.844 0.098506
23.438 15.625 0.098341
23.438 16.406 0.010842
23.438 17.188 -0.054135
23.438 17.969 -0.16243
23.438 18.75 -0.30358
23.438 19.531 -0.33548
23.438 20.313 -0.26814
23.438 21.094 -0.25283
23.438 21.875 -0.16502
23.438 22.656 -0.042093
23.438 23.438 -0.021965
23.438 24.219 -0.051023
23.438 25 -0.079935
24.219 -24.219 -0.10389
24.219 -23.438 -0.061022
24.219 -22.656 -0.12621
24.219 -21.875 -0.092751
24.219 -21.094 0.071132
24.219 -20.313 0.13441
24.219 -19.531 0.11542
24.219 -18.75 0.028632
24.219 -17.969 0.033834
24.219 -17.188 -0.0015147
24.219 -16.406 -0.018133
24.219 -15.625 -0.013316
24.219 -14.844 0.095769
24.219 -14.063 0.20656
24.219 -13.281 0.20726
24.219 -12.5 0.20531
24.219 -11.719 0.22519
24.219 -10.938 0.15124
24.219 -10.156 0.052965
24.219 -9.375 0.026203
24.219 -8.5938 0.097061
24.219 -7.8125 0.10263
24.219 -7.0313 0.04794
24.219 -6.25 -0.026345
24.219 -5.4688 0.012462
24.219 -4.6875 0.22577
24.219 -3.9063 0.31668
24.219 -3.125 0.29921
24.219 -2.3438 0.20768
24.219 -1.5625 0.15446
24.219 -0.78125 0.040498
24.219 0 0.0075888
24.219 0.78125 -0.10258
24.219 1.5625 -0.14655
24.219 2.3438 -0.09485
24.219 3.125 -0.075009
24.219 3.9063 0.0038202
24.219 4.6875 0.071192
24.219 5.4688 0.093113
24.219 6.25 0.040341
24.219 7.0313 -0.077552
24.219 7.8125 -0.14685
24.219 8.5938 -0.097476
24.219 9.375 0.031607
24.219 10.156 0.018422
24.219 10.938 -0.029665
24.219 11.719 -0.073177
24.219 12.5 -0.12262
24.219 13.281 -0.027249
24.219 14.063 0.057585
24.219 14.844 0.14219
24.219 15.625 0.1082
24.219 16.406 0.0028609
24.219 17.188 -0.08806
24.219 17.969 -0.23579
24.219 18.75 -0.32174
24.219 19.531 -0.29178
24.219 20.313 -0.25595
24.219 21.094 -0.24244
24.219 21.875 -0.15442
24.219 22.656 -0.059282
24.219 23.438 -0.051822
24.219 24.219 -0.10285
24.219 25 -0.13604
25 -24.219 -0.17997
25 -23.438 -0.10666
25 -22.656 -0.10545
25 -21.875 -0.028208
25 -21.094 0.025492
25 -20.313 0.033055
25 -19.531 -0.034779
25 -18.75 -0.094951
25 -17.969 -0.01948
25 -17.188 0.031205
25 -16.406 0.056182
25 -15.625 0.0067864
25 -14.844 0.11389
25 -14.063 0.19788
25 -13.281 0.21885
25 -12.5 0.19184
25 -11.719 0.18235
25 -10.938 0.17674
25 -10.156 0.075482
25 -9.375 0.04896
25 -8.5938 0.10524
25 -7.8125 0.12351
25 -7.0313 0.016233
25 -6.25 -0.015343
25 -5.4688 0.076189
25 -4.6875 0.23431
25 -3.9063 0.31933
25 -3.125 0.27452
25 -2.3438 0.16828
25 -1.5625 0.058044
25 -0.78125 0.041221
25 0 0.016519
25 0.78125 -0.051909
25 1.5625 -0.072405
25 2.3438 -0.050578
25 3.125 -0.0214
25 3.9063 0.0019254
25 4.6875 0.052298
25 5.4688 0.07129
25 6.25 0.0051647
25 7.0313 -0.086907
25 7.8125 -0.11061
25 8.5938 -0.029744
25 9.375 0.12783
25 10.156 0.054795
25 10.938 -0.058607
25 11.719 -0.092929
25 12.5 -0.11534
25 13.281 -0.020393
25 14.063 0.1025
25 14.844 0.12212
25 15.625 0.057856
25 16.406 -0.020696
25 17.188 -0.10686
25 17.969 -0.2374
25 18.75 -0.28268
25 19.531 -0.25503
25 20.313 -0.21182
25 21.094 -0.20919
25 21.875 -0.20166
25 22.656 -0.098521
25 23.438 -0.098002
25 24.219 -0.15296
25 25 -0.19468
