-24.219 -24.219 0.081381
-24.219 -23.438 0.03351
-24.219 -22.656 0.063467
-24.219 -21.875 0.13217
-24.219 -21.094 0.16631
-24.219 -20.313 0.1687
-24.219 -19.531 0.068383
-24.219 -18.75 -0.0032398
-24.219 -17.969 -0.10547
-24.219 -17.188 -0.06476
-24.219 -16.406 -0.01455
-24.219 -15.625 -0.025206
-24.219 -14.844 0.033513
-24.219 -14.063 0.12798
-24.219 -13.281 0.25383
-24.219 -12.5 0.34362
-24.219 -11.719 0.33583
-24.219 -10.938 0.2502
-24.219 -10.156 0.20427
-24.219 -9.375 0.13852
-24.219 -8.5938 0.14203
-24.219 -7.8125 0.11625
-24.219 -7.0313 0.015929
-24.219 -6.25 -0.049912
-24.219 -5.4688 -0.11713
-24.219 -4.6875 -0.0071873
-24.219 -3.9063 0.084066
-24.219 -3.125 0.16718
-24.219 -2.3438 0.1713
-24.219 -1.5625 0.1333
-24.219 -0.78125 0.15967
-24.219 0 0.17022
-24.219 0.78125 0.14923
-24.219 1.5625 0.095399
-24.219 2.3438 0.070598
-24.219 3.125 -0.035349
-24.219 3.9063 -0.091588
-24.219 4.6875 -0.10024
-24.219 5.4688 -0.031374
-24.219 6.25 0.064329
-24.219 7.0313 0.070203
-24.219 7.8125 0.043433
-24.219 8.5938 0.065105
-24.219 9.375 0.15198
-24.219 10.156 0.06063
-24.219 10.938 -0.0029626
-24.219 11.719 -0.031923
-24.219 12.5 -0.011394
-24.219 13.281 -0.03104
-24.219 14.063 -0.06911
-24.219 14.844 0.010049
-24.219 15.625 0.060575
-24.219 16.406 0.18776
-24.219 17.188 0.33154
-24.219 17.969 0.22101
-24.219 18.75 0.076114
-24.219 19.531 -0.066187
-24.219 20.313 -0.026507
-24.219 21.094 0.13146
-24.219 21.875 0.18438
-24.219 22.656 0.17413
-24.219 23.438 0.056047
-24.219 24.219 0.074656
-24.219 25 0.11845
-23.438 -24.219 0.083292
-23.438 -23.438 0.066706
-23.438 -22.656 0.09615
-23.438 -21.875 0.19033
-23.438 -21.094 0.13063
-23.438 -20.313 0.14142
-23.438 -19.531 0.058166
-23.438 -18.75 0.036327
-23.438 -17.969 -0.038667
-23.438 -17.188 -0.06396
-23.438 -16.406 -0.05091
-23.438 -15.625 -0.027319
-23.438 -14.844 0.060935
-23.438 -14.063 0.20419
-23.438 -13.281 0.32396
-23.438 -12.5 0.38461
-23.438 -11.719 0.35747
-23.438 -10.938 0.29132
-23.438 -10.156 0.21987
-23.438 -9.375 0.13519
-23.438 -8.5938 0.10699
-23.438 -7.8125 0.071317
-23.438 -7.0313 -0.029577
-23.438 -6.25 -0.077329
-23.438 -5.4688 -0.079025
-23.438 -4.6875 0.018658
-23.438 -3.9063 0.063584
-23.438 -3.125 0.19809
-23.438 -2.3438 0.22228
-23.438 -1.5625 0.1799
-23.438 -0.78125 0.15168
-23.438 0 0.10757
-23.438 0.78125 0.1252
-23.438 1.5625 0.07975
-23.438 2.3438 0.025815
-23.438 3.125 -0.055007
-23.438 3.9063 -0.031472
-23.438 4.6875 -0.044048
-23.438 5.4688 0.016452
-23.438 6.25 0.094026
-23.438 7.0313 0.090078
-23.438 7.8125 0.071189
-23.438 8.5938 0.13784
-23.438 9.375 0.17809
-23.438 10.156 0.12558
-23.438 10.938 -0.0032623
-23.438 11.719 -0.037437
-23.438 12.5 -0.020341
-23.438 13.281 -0.05885
-23.438 14.063 -0.074747
-23.438 14.844 0.06905
-23.438 15.625 0.18495
-23.438 16.406 0.31669
-23.438 17.188 0.35808
-23.438 17.969 0.20516
-23.438 18.75 0.059673
-23.438 19.531 -0.042767
-23.438 20.313 -0.00053702
-23.438 21.094 0.12319
-23.438 21.875 0.20692
-23.438 22.656 0.17882
-23.438 23.438 0.053795
-23.438 24.219 0.073937
-23.438 25 0.11084
-22.656 -24.219 0.086769
-22.656 -23.438 0.097706
-22.656 -22.656 0.10606
-22.656 -21.875 0.14217
-22.656 -21.094 0.089931
-22.656 -20.313 0.1047
-22.656 -19.531 0.081862
-22.656 -18.75 0.03035
-22.656 -17.969 -0.058815
-22.656 -17.188 -0.11219
-22.656 -16.406 -0.079553
-22.656 -15.625 -0.014639
-22.656 -14.844 0.080518
-22.656 -14.063 0.20852
-22.656 -13.281 0.34062
-22.656 -12.5 0.37304
-22.656 -11.719 0.28476
-22.656 -10.938 0.25552
-22.656 -10.156 0.23244
-22.656 -9.375 0.15189
-22.656 -8.5938 0.067029
-22.656 -7.8125 -0.0059107
-22.656 -7.0313 -0.058648
-22.656 -6.25 -0.092028
-22.656 -5.4688 -0.07966
-22.656 -4.6875 0.10685
-22.656 -3.9063 0.13259
-22.656 -3.125 0.21389
-22.656 -2.3438 0.24994
-22.656 -1.5625 0.22689
-22.656 -0.78125 0.1768
-22.656 0 0.064637
-22.656 0.78125 0.044269
-22.656 1.5625 0.067754
-22.656 2.3438 -0.0084057
-22.656 3.125 -0.018617
-22.656 3.9063 0.034225
-22.656 4.6875 -0.011089
-22.656 5.4688 0.032857
-22.656 6.25 0.11837
-22.656 7.0313 0.13733
-22.656 7.8125 0.16565
-22.656 8.5938 0.17229
-22.656 9.375 0.21855
-22.656 10.156 0.1874
-22.656 10.938 0.04478
-22.656 11.719 -0.0037778
-22.656 12.5 -0.068974
-22.656 13.281 -0.084535
-22.656 14.063 0.035618
-22.656 14.844 0.2158
-22.656 15.625 0.25475
-22.656 16.406 0.32261
-22.656 17.188 0.36891
-22.656 17.969 0.22026
-22.656 18.75 0.039993
-22.656 19.531 0.017728
-22.656 20.313 0.028599
-22.656 21.094 0.10852
-22.656 21.875 0.14731
-22.656 22.656 0.16525
-22.656 23.438 0.077253
-22.656 24.219 0.045892
-22.656 25 0.081508
-21.875 -24.219 0.15457
-21.875 -23.438 0.12964
-21.875 -22.656 0.093591
-21.875 -21.875 0.10244
-21.875 -21.094 0.053631
-21.875 -20.313 0.058866
-21.875 -19.531 0.10241
-21.875 -18.75 0.014728
-21.875 -17.969 -0.071962
-21.875 -17.188 -0.10829
-21.875 -16.406 -0.059346
-21.875 -15.625 0.041289
-21.875 -14.844 0.11536
-21.875 -14.063 0.22678
-21.875 -13.281 0.34378
-21.875 -12.5 0.34222
-21.875 -11.719 0.22646
-21.875 -10.938 0.19942
-21.875 -10.156 0.24403
-21.875 -9.375 0.15465
-21.875 -8.5938 0.053518
-21.875 -7.8125 -0.02171
-21.875 -7.0313 -0.1115
-21.875 -6.25 -0.13161
-21.875 -5.4688 -0.022824
-21.875 -4.6875 0.22876
-21.875 -3.9063 0.3054
-21.875 -3.125 0.29684
-21.875 -2.3438 0.28002
-21.875 -1.5625 0.21383
-21.875 -0.78125 0.20726
-21.875 0 0.085154
-21.875 0.78125 0.037333
-21.875 1.5625 0.048932
-21.875 2.3438 0.023966
-21.875 3.125 0.025349
-21.875 3.9063 0.10721
-21.875 4.6875 0.09236
-21.875 5.4688 0.070291
-21.875 6.25 0.11039
-21.875 7.0313 0.14853
-21.875 7.8125 0.19479
-21.875 8.5938 0.2392
-21.875 9.375 0.23833
-21.875 10.156 0.16516
-21.875 10.938 0.073233
-21.875 11.719 -0.014535
-21.875 12.5 -0.076734
-21.875 13.281 -0.015271
-21.875 14.063 0.12419
-21.875 14.844 0.27963
-21.875 15.625 0.31191
-21.875 16.406 0.32746
-21.875 17.188 0.3598
-21.875 17.969 0.25786
-21.875 18.75 0.10865
-21.875 19.531 0.027956
-21.875 20.313 0.079021
-21.875 21.094 0.13014
-21.875 21.875 0.13456
-21.875 22.656 0.17971
-21.875 23.438 0.095964
-21.875 24.219 0.043548
-21.875 25 0.11299
-21.094 -24.219 0.21095
-21.094 -23.438 0.19436
-21.094 -22.656 0.12449
-21.094 -21.875 0.13795
-21.094 -21.094 0.14043
-21.094 -20.313 0.11417
-21.094 -19.531 0.097446
-21.094 -18.75 0.0095664
-21.094 -17.969 -0.11986
-21.094 -17.188 -0.09382
-21.094 -16.406 -0.021107
-21.094 -15.625 0.04712
-21.094 -14.844 0.14433
-21.094 -14.063 0.27623
-21.094 -13.281 0.29165
-21.094 -12.5 0.2863
-21.094 -11.719 0.23279
-21.094 -10.938 0.2251
-21.094 -10.156 0.25295
-21.094 -9.375 0.13446
-21.094 -8.5938 -0.0089056
-21.094 -7.8125 -0.087427
-21.094 -7.0313 -0.16422
-21.094 -6.25 -0.16932
-21.094 -5.4688 0.046863
-21.094 -4.6875 0.31419
-21.094 -3.9063 0.40726
-21.094 -3.125 0.33264
-21.094 -2.3438 0.25709
-21.094 -1.5625 0.1806
-21.094 -0.78125 0.15521
-21.094 0 0.12659
-21.094 0.78125 0.082482
-21.094 1.5625 -0.0043858
-21.094 2.3438 -0.030475
-21.094 3.125 0.024647
-21.094 3.9063 0.17415
-21.094 4.6875 0.16948
-21.094 5.4688 0.12065
-21.094 6.25 0.073864
-21.094 7.0313 0.08242
-21.094 7.8125 0.22251
-21.094 8.5938 0.3062
-21.094 9.375 0.23877
-21.094 10.156 0.1507
-21.094 10.938 0.092281
-21.094 11.719 0.0057981
-21.094 12.5 -0.0086422
-21.094 13.281 0.04816
-21.094 14.063 0.17681
-21.094 14.844 0.30433
-21.094 15.625 0.35135
-21.094 16.406 0.38364
-21.094 17.188 0.39899
-21.094 17.969 0.31782
-21.094 18.75 0.19456
-21.094 19.531 0.097831
-21.094 20.313 0.15886
-21.094 21.094 0.21028
-21.094 21.875 0.18801
-21.094 22.656 0.17495
-21.094 23.438 0.13489
-21.094 24.219 0.10719
-21.094 25 0.16902
-20.313 -24.219 0.22281
-20.313 -23.438 0.19875
-20.313 -22.656 0.18949
-20.313 -21.875 0.22006
-20.313 -21.094 0.23886
-20.313 -20.313 0.18144
-20.313 -19.531 0.12687
-20.313 -18.75 -0.035521
-20.313 -17.969 -0.16308
-20.313 -17.188 -0.12038
-20.313 -16.406 -0.042166
-20.313 -15.625 0.084247
-20.313 -14.844 0.17219
-20.313 -14.063 0.23739
-20.313 -13.281 0.22155
-20.313 -12.5 0.24687
-20.313 -11.719 0.27394
-20.313 -10.938 0.26855
-20.313 -10.156 0.22637
-20.313 -9.375 0.12853
-20.313 -8.5938 -0.033948
-20.313 -7.8125 -0.13638
-20.313 -7.0313 -0.26059
-20.313 -6.25 -0.19948
-20.313 -5.4688 0.043639
-20.313 -4.6875 0.32872
-20.313 -3.9063 0.37563
-20.313 -3.125 0.29335
-20.313 -2.3438 0.18339
-20.313 -1.5625 0.09168
-20.313 -0.78125 0.096241
-20.313 0 0.12512
-20.313 0.78125 0.087613
-20.313 1.5625 0.0022234
-20.313 2.3438 -0.072687
-20.313 3.125 0.043288
-20.313 3.9063 0.16679
-20.313 4.6875 0.18677
-20.313 5.4688 0.11544
-20.313 6.25 0.064287
-20.313 7.0313 0.052617
-20.313 7.8125 0.1883
-20.313 8.5938 0.2161
-20.313 9.375 0.23356
-20.313 10.156 0.17477
-20.313 10.938 0.12893
-20.313 11.719 0.09037
-20.313 12.5 0.088415
-20.313 13.281 0.079773
-20.313 14.063 0.15064
-20.313 14.844 0.31157
-20.313 15.625 0.39849
-20.313 16.406 0.40419
-20.313 17.188 0.4003
-20.313 17.969 0.347
-20.313 18.75 0.28184
-20.313 19.531 0.16927
-20.313 20.313 0.20187
-20.313 21.094 0.21726
-20.313 21.875 0.19028
-20.313 22.656 0.16954
-20.313 23.438 0.20467
-20.313 24.219 0.1943
-20.313 25 0.19871
-19.531 -24.219 0.23544
-19.531 -23.438 0.19785
-19.531 -22.656 0.20851
-19.531 -21.875 0.28114
-19.531 -21.094 0.31183
-19.531 -20.313 0.21669
-19.531 -19.531 0.16146
-19.531 -18.75 0.012676
-19.531 -17.969 -0.093937
-19.531 -17.188 -0.13719
-19.531 -16.406 -0.023993
-19.531 -15.625 0.088577
-19.531 -14.844 0.11776
-19.531 -14.063 0.18176
-19.531 -13.281 0.17882
-19.531 -12.5 0.25305
-19.531 -11.719 0.30375
-19.531 -10.938 0.31335
-19.531 -10.156 0.20257
-19.531 -9.375 0.054458
-19.531 -8.5938 -0.037394
-19.531 -7.8125 -0.19432
-19.531 -7.0313 -0.30263
-19.531 -6.25 -0.13931
-19.531 -5.4688 0.11187
-19.531 -4.6875 0.28521
-19.531 -3.9063 0.29455
-19.531 -3.125 0.19203
-19.531 -2.3438 0.11611
-19.531 -1.5625 0.046804
-19.531 -0.78125 0.044574
-19.531 0 0.060336
-19.531 0.78125 0.02585
-19.531 1.5625 0.006873
-19.531 2.3438 -0.0016285
-19.531 3.125 0.07601
-19.531 3.9063 0.18224
-19.531 4.6875 0.18849
-19.531 5.4688 0.14072
-19.531 6.25 0.044023
-19.531 7.0313 0.032764
-19.531 7.8125 0.073706
-19.531 8.5938 0.083182
-19.531 9.375 0.14593
-19.531 10.156 0.15601
-19.531 10.938 0.1255
-19.531 11.719 0.11717
-19.531 12.5 0.1449
-19.531 13.281 0.13244
-19.531 14.063 0.18386
-19.531 14.844 0.28325
-19.531 15.625 0.38773
-19.531 16.406 0.39173
-19.531 17.188 0.43429
-19.531 17.969 0.38121
-19.531 18.75 0.23369
-19.531 19.531 0.18747
-19.531 20.313 0.17773
-19.531 21.094 0.18609
-19.531 21.875 0.2551
-19.531 22.656 0.20777
-19.531 23.438 0.2541
-19.531 24.219 0.26745
-19.531 25 0.24098
-18.75 -24.219 0.28841
-18.75 -23.438 0.22828
-18.75 -22.656 0.2432
-18.75 -21.875 0.31633
-18.75 -21.094 0.33621
-18.75 -20.313 0.28697
-18.75 -19.531 0.17169
-18.75 -18.75 0.037931
-18.75 -17.969 -0.058276
-18.75 -17.188 -0.075494
-18.75 -16.406 0.010337
-18.75 -15.625 0.11984
-18.75 -14.844 0.11661
-18.75 -14.063 0.12792
-18.75 -13.281 0.17431
-18.75 -12.5 0.2677
-18.75 -11.719 0.32953
-18.75 -10.938 0.28947
-18.75 -10.156 0.14232
-18.75 -9.375 0.00043015
-18.75 -8.5938 -0.12091
-18.75 -7.8125 -0.2281
-18.75 -7.0313 -0.2192
-18.75 -6.25 -0.039786
-18.75 -5.4688 0.095052
-18.75 -4.6875 0.19017
-18.75 -3.9063 0.20916
-18.75 -3.125 0.15065
-18.75 -2.3438 0.04759
-18.75 -1.5625 -0.0059653
-18.75 -0.78125 0.0094663
-18.75 0 -0.001282
-18.75 0.78125 -0.056348
-18.75 1.5625 -0.029354
-18.75 2.3438 0.0074933
-18.75 3.125 0.059358
-18.75 3.9063 0.16268
-18.75 4.6875 0.19221
-18.75 5.4688 0.17357
-18.75 6.25 0.031723
-18.75 7.0313 -0.025056
-18.75 7.8125 -0.00074823
-18.75 8.5938 0.06815
-18.75 9.375 0.093215
-18.75 10.156 0.11324
-18.75 10.938 0.13786
-18.75 11.719 0.19168
-18.75 12.5 0.15431
-18.75 13.281 0.12821
-18.75 14.063 0.19875
-18.75 14.844 0.2866
-18.75 15.625 0.32687
-18.75 16.406 0.38205
-18.75 17.188 0.44169
-18.75 17.969 0.38298
-18.75 18.75 0.25567
-18.75 19.531 0.18939
-18.75 20.313 0.16561
-18.75 21.094 0.17917
-18.75 21.875 0.22226
-18.75 22.656 0.2374
-18.75 23.438 0.28687
-18.75 24.219 0.30428
-18.75 25 0.29792
-17.969 -24.219 0.3063
-17.969 -23.438 0.2458
-17.969 -22.656 0.28435
-17.969 -21.875 0.32986
-17.969 -21.094 0.33192
-17.969 -20.313 0.31722
-17.969 -19.531 0.21716
-17.969 -18.75 0.083811
-17.969 -17.969 0.048519
-17.969 -17.188 -0.017949
-17.969 -16.406 0.063675
-17.969 -15.625 0.17388
-17.969 -14.844 0.14039
-17.969 -14.063 0.12539
-17.969 -13.281 0.23291
-17.969 -12.5 0.31829
-17.969 -11.719 0.37283
-17.969 -10.938 0.3026
-17.969 -10.156 0.11107
-17.969 -9.375 -0.049065
-17.969 -8.5938 -0.1698
-17.969 -7.8125 -0.20856
-17.969 -7.0313 -0.17034
-17.969 -6.25 -0.062711
-17.969 -5.4688 0.078841
-17.969 -4.6875 0.1733
-17.969 -3.9063 0.18622
-17.969 -3.125 0.13641
-17.969 -2.3438 0.019978
-17.969 -1.5625 -0.037856
-17.969 -0.78125 0.0089852
-17.969 0 -0.0021759
-17.969 0.78125 -0.055638
-17.969 1.5625 -0.056496
-17.969 2.3438 -0.030896
-17.969 3.125 0.0188
-17.969 3.9063 0.14821
-17.969 4.6875 0.18313
-17.969 5.4688 0.14777
-17.969 6.25 0.023751
-17.969 7.0313 -0.057993
-17.969 7.8125 0.00061591
-17.969 8.5938 0.089913
-17.969 9.375 0.11911
-17.969 10.156 0.1337
-17.969 10.938 0.19374
-17.969 11.719 0.17984
-17.969 12.5 0.091747
-17.969 13.281 0.061989
-17.969 14.063 0.17346
-17.969 14.844 0.29636
-17.969 15.625 0.34531
-17.969 16.406 0.40107
-17.969 17.188 0.39889
-17.969 17.969 0.35336
-17.969 18.75 0.2921
-17.969 19.531 0.22826
-17.969 20.313 0.22098
-17.969 21.094 0.17667
-17.969 21.875 0.17593
-17.969 22.656 0.23396
-17.969 23.438 0.30228
-17.969 24.219 0.291
-17.969 25 0.34801
-17.188 -24.219 0.29444
-17.188 -23.438 0.22841
-17.188 -22.656 0.31336
-17.188 -21.875 0.37348
-17.188 -21.094 0.37671
-17.188 -20.313 0.3242
-17.188 -19.531 0.20606
-17.188 -18.75 0.11816
-17.188 -17.969 0.07805
-17.188 -17.188 0.013103
-17.188 -16.406 0.058133
-17.188 -15.625 0.1422
-17.188 -14.844 0.23788
-17.188 -14.063 0.24381
-17.188 -13.281 0.32305
-17.188 -12.5 0.3889
-17.188 -11.719 0.3835
-17.188 -10.938 0.29136
-17.188 -10.156 0.10172
-17.188 -9.375 -0.077736
-17.188 -8.5938 -0.21713
-17.188 -7.8125 -0.16754
-17.188 -7.0313 -0.14216
-17.188 -6.25 -0.062653
-17.188 -5.4688 0.055735
-17.188 -4.6875 0.19368
-17.188 -3.9063 0.18226
-17.188 -3.125 0.086088
-17.188 -2.3438 -0.034785
-17.188 -1.5625 -0.071592
-17.188 -0.78125 -0.051996
-17.188 0 -0.039567
-17.188 0.78125 -0.07406
-17.188 1.5625 -0.075588
-17.188 2.3438 -0.050359
-17.188 3.125 0.031583
-17.188 3.9063 0.14305
-17.188 4.6875 0.17229
-17.188 5.4688 0.13464
-17.188 6.25 0.05002
-17.188 7.0313 0.0089732
-17.188 7.8125 0.00051317
-17.188 8.5938 0.060061
-17.188 9.375 0.11358
-17.188 10.156 0.15221
-17.188 10.938 0.20026
-17.188 11.719 0.16134
-17.188 12.5 0.0526
-17.188 13.281 -0.0040888
-17.188 14.063 0.092691
-17.188 14.844 0.24174
-17.188 15.625 0.32734
-17.188 16.406 0.33193
-17.188 17.188 0.32705
-17.188 17.969 0.33017
-17.188 18.75 0.28325
-17.188 19.531 0.28645
-17.188 20.313 0.31248
-17.188 21.094 0.26137
-17.188 21.875 0.2292
-17.188 22.656 0.25383
-17.188 23.438 0.25387
-17.188 24.219 0.22973
-17.188 25 0.35314
-16.406 -24.219 0.20557
-16.406 -23.438 0.21292
-16.406 -22.656 0.28514
-16.406 -21.875 0.42041
-16.406 -21.094 0.39384
-16.406 -20.313 0.26281
-16.406 -19.531 0.16348
-16.406 -18.75 0.071909
-16.406 -17.969 -0.02161
-16.406 -17.188 -0.023006
-16.406 -16.406 0.058963
-16.406 -15.625 0.14365
-16.406 -14.844 0.23982
-16.406 -14.063 0.31108
-16.406 -13.281 0.36197
-16.406 -12.5 0.40119
-16.406 -11.719 0.35997
-16.406 -10.938 0.24023
-16.406 -10.156 0.067207
-16.406 -9.375 -0.095764
-16.406 -8.5938 -0.23907
-16.406 -7.8125 -0.19203
-16.406 -7.0313 -0.11793
-16.406 -6.25 -0.015775
-16.406 -5.4688 0.077429
-16.406 -4.6875 0.21064
-16.406 -3.9063 0.19389
-16.406 -3.125 0.034772
-16.406 -2.3438 -0.084003
-16.406 -1.5625 -0.1776
-16.406 -0.78125 -0.16817
-16.406 0 -0.12959
-16.406 0.78125 -0.15458
-16.406 1.5625 -0.11882
-16.406 2.3438 -0.047338
-16.406 3.125 0.049393
-16.406 3.9063 0.1363
-16.406 4.6875 0.15502
-16.406 5.4688 0.15841
-16.406 6.25 0.14022
-16.406 7.0313 0.047925
-16.406 7.8125 -0.0061943
-16.406 8.5938 -0.020101
-16.406 9.375 0.05042
-16.406 10.156 0.1404
-16.406 10.938 0.20084
-16.406 11.719 0.12999
-16.406 12.5 0.0026422
-16.406 13.281 -0.008791
-16.406 14.063 0.054227
-16.406 14.844 0.20224
-16.406 15.625 0.2302
-16.406 16.406 0.19758
-16.406 17.188 0.2269
-16.406 17.969 0.27325
-16.406 18.75 0.26446
-16.406 19.531 0.28162
-16.406 20.313 0.3093
-16.406 21.094 0.30848
-16.406 21.875 0.24681
-16.406 22.656 0.23292
-16.406 23.438 0.26957
-16.406 24.219 0.21928
-16.406 25 0.30855
-15.625 -24.219 0.16846
-15.625 -23.438 0.16674
-15.625 -22.656 0.23337
-15.625 -21.875 0.368
-15.625 -21.094 0.35834
-15.625 -20.313 0.19176
-15.625 -19.531 0.08541
-15.625 -18.75 -0.063134
-15.625 -17.969 -0.074828
-15.625 -17.188 -0.025676
-15.625 -16.406 0.030343
-15.625 -15.625 0.12932
-15.625 -14.844 0.20061
-15.625 -14.063 0.27851
-15.625 -13.281 0.36929
-15.625 -12.5 0.42605
-15.625 -11.719 0.30765
-15.625 -10.938 0.12791
-15.625 -10.156 -0.022974
-15.625 -9.375 -0.13506
-15.625 -8.5938 -0.21607
-15.625 -7.8125 -0.19207
-15.625 -7.0313 -0.05764
-15.625 -6.25 0.053137
-15.625 -5.4688 0.18239
-15.625 -4.6875 0.23585
-15.625 -3.9063 0.20521
-15.625 -3.125 0.0030489
-15.625 -2.3438 -0.12722
-15.625 -1.5625 -0.18671
-15.625 -0.78125 -0.20456
-15.625 0 -0.1607
-15.625 0.78125 -0.22505
-15.625 1.5625 -0.16573
-15.625 2.3438 -0.037847
-15.625 3.125 0.089945
-15.625 3.9063 0.13192
-15.625 4.6875 0.17837
-15.625 5.4688 0.20623
-15.625 6.25 0.18028
-15.625 7.0313 0.064361
-15.625 7.8125 -0.026605
-15.625 8.5938 -0.051057
-15.625 9.375 0.028312
-15.625 10.156 0.12646
-15.625 10.938 0.18256
-15.625 11.719 0.10725
-15.625 12.5 -0.00058114
-15.625 13.281 0.0093777
-15.625 14.063 0.053618
-15.625 14.844 0.13454
-15.625 15.625 0.12778
-15.625 16.406 0.071578
-15.625 17.188 0.10917
-15.625 17.969 0.14976
-15.625 18.75 0.18848
-15.625 19.531 0.24785
-15.625 20.313 0.28302
-15.625 21.094 0.27837
-15.625 21.875 0.22077
-15.625 22.656 0.17931
-15.625 23.438 0.20633
-15.625 24.219 0.17058
-15.625 25 0.23111
-14.844 -24.219 0.17212
-14.844 -23.438 0.16418
-14.844 -22.656 0.2463
-14.844 -21.875 0.27639
-14.844 -21.094 0.25304
-14.844 -20.313 0.099884
-14.844 -19.531 -0.019712
-14.844 -18.75 -0.15273
-14.844 -17.969 -0.12031
-14.844 -17.188 -0.050975
-14.844 -16.406 -0.0046305
-14.844 -15.625 0.07903
-14.844 -14.844 0.15448
-14.844 -14.063 0.23662
-14.844 -13.281 0.36237
-14.844 -12.5 0.38976
-14.844 -11.719 0.25214
-14.844 -10.938 0.033335
-14.844 -10.156 -0.10793
-14.844 -9.375 -0.17499
-14.844 -8.5938 -0.22094
-14.844 -7.8125 -0.1167
-14.844 -7.0313 0.013934
-14.844 -6.25 0.11749
-14.844 -5.4688 0.24017
-14.844 -4.6875 0.21896
-14.844 -3.9063 0.17112
-14.844 -3.125 0.031332
-14.844 -2.3438 -0.088925
-14.844 -1.5625 -0.14839
-14.844 -0.78125 -0.23401
-14.844 0 -0.26393
-14.844 0.78125 -0.36785
-14.844 1.5625 -0.25381
-14.844 2.3438 -0.086392
-14.844 3.125 0.02025
-14.844 3.9063 0.13288
-14.844 4.6875 0.21612
-14.844 5.4688 0.23394
-14.844 6.25 0.16865
-14.844 7.0313 0.05882
-14.844 7.8125 -0.010396
-14.844 8.5938 -0.076228
-14.844 9.375 -0.058448
-14.844 10.156 0.030015
-14.844 10.938 0.089102
-14.844 11.719 0.079287
-14.844 12.5 0.016104
-14.844 13.281 0.047782
-14.844 14.063 0.066251
-14.844 14.844 0.086031
-14.844 15.625 0.070112
-14.844 16.406 0.034183
-14.844 17.188 -0.0057212
-14.844 17.969 0.035554
-14.844 18.75 0.1348
-14.844 19.531 0.23867
-14.844 20.313 0.25623
-14.844 21.094 0.22463
-14.844 21.875 0.14784
-14.844 22.656 0.088195
-14.844 23.438 0.071816
-14.844 24.219 0.07767
-14.844 25 0.17452
-14.063 -24.219 0.16592
-14.063 -23.438 0.19152
-14.063 -22.656 0.24784
-14.063 -21.875 0.21795
-14.063 -21.094 0.16621
-14.063 -20.313 0.0029009
-14.063 -19.531 -0.15585
-14.063 -18.75 -0.23656
-14.063 -17.969 -0.19251
-14.063 -17.188 -0.069686
-14.063 -16.406 0.0068969
-14.063 -15.625 0.028871
-14.063 -14.844 0.073443
-14.063 -14.063 0.20486
-14.063 -13.281 0.36496
-14.063 -12.5 0.36681
-14.063 -11.719 0.20363
-14.063 -10.938 -0.046689
-14.063 -10.156 -0.20592
-14.063 -9.375 -0.21858
-14.063 -8.5938 -0.1983
-14.063 -7.8125 -0.059898
-14.063 -7.0313 0.10884
-14.063 -6.25 0.20326
-14.063 -5.4688 0.23546
-14.063 -4.6875 0.18483
-14.063 -3.9063 0.16348
-14.063 -3.125 0.066174
-14.063 -2.3438 -0.067452
-14.063 -1.5625 -0.21502
-14.063 -0.78125 -0.33538
-14.063 0 -0.33908
-14.063 0.78125 -0.3606
-14.063 1.5625 -0.21246
-14.063 2.3438 -0.07291
-14.063 3.125 0.030383
-14.063 3.9063 0.14897
-14.063 4.6875 0.208
-14.063 5.4688 0.21334
-14.063 6.25 0.075265
-14.063 7.0313 -0.039225
-14.063 7.8125 -0.050069
-14.063 8.5938 -0.091142
-14.063 9.375 -0.14726
-14.063 10.156 -0.036161
-14.063 10.938 0.038355
-14.063 11.719 0.085344
-14.063 12.5 0.09758
-14.063 13.281 0.11051
-14.063 14.063 0.13911
-14.063 14.844 0.13688
-14.063 15.625 0.10148
-14.063 16.406 -0.052501
-14.063 17.188 -0.093654
-14.063 17.969 -0.00046942
-14.063 18.75 0.12197
-14.063 19.531 0.2367
-14.063 20.313 0.21424
-14.063 21.094 0.17325
-14.063 21.875 0.03731
-14.063 22.656 -0.016461
-14.063 23.438 0.019069
-14.063 24.219 0.025698
-14.063 25 0.14043
-13.281 -24.219 0.10639
-13.281 -23.438 0.13577
-13.281 -22.656 0.1785
-13.281 -21.875 0.11169
-13.281 -21.094 0.045043
-13.281 -20.313 -0.11988
-13.281 -19.531 -0.27427
-13.281 -18.75 -0.32473
-13.281 -17.969 -0.281
-13.281 -17.188 -0.063673
-13.281 -16.406 -0.0074754
-13.281 -15.625 0.013132
-13.281 -14.844 0.060819
-13.281 -14.063 0.21467
-13.281 -13.281 0.34083
-13.281 -12.5 0.30505
-13.281 -11.719 0.058928
-13.281 -10.938 -0.21637
-13.281 -10.156 -0.28725
-13.281 -9.375 -0.20574
-13.281 -8.5938 -0.16617
-13.281 -7.8125 -0.063625
-13.281 -7.0313 0.10019
-13.281 -6.25 0.1453
-13.281 -5.4688 0.11926
-13.281 -4.6875 0.14435
-13.281 -3.9063 0.17221
-13.281 -3.125 0.083579
-13.281 -2.3438 -0.093453
-13.281 -1.5625 -0.2966
-13.281 -0.78125 -0.4041
-13.281 0 -0.36558
-13.281 0.78125 -0.27827
-13.281 1.5625 -0.13645
-13.281 2.3438 -0.038413
-13.281 3.125 0.073003
-13.281 3.9063 0.089091
-13.281 4.6875 0.13868
-13.281 5.4688 0.12321
-13.281 6.25 0.028658
-13.281 7.0313 -0.13912
-13.281 7.8125 -0.14637
-13.281 8.5938 -0.15115
-13.281 9.375 -0.1768
-13.281 10.156 -0.079239
-13.281 10.938 0.0011538
-13.281 11.719 0.06923
-13.281 12.5 0.076347
-13.281 13.281 0.10697
-13.281 14.063 0.18063
-13.281 14.844 0.18185
-13.281 15.625 0.072823
-13.281 16.406 -0.16394
-13.281 17.188 -0.23919
-13.281 17.969 -0.10896
-13.281 18.75 0.036391
-13.281 19.531 0.18239
-13.281 20.313 0.14976
-13.281 21.094 0.080973
-13.281 21.875 0.00029626
-13.281 22.656 -0.056058
-13.281 23.438 -0.0058351
-13.281 24.219 0.032114
-13.281 25 0.074508
-12.5 -24.219 0.11249
-12.5 -23.438 0.12964
-12.5 -22.656 0.11991
-12.5 -21.875 0.043177
-12.5 -21.094 -0.05965
-12.5 -20.313 -0.20623
-12.5 -19.531 -0.28326
-12.5 -18.75 -0.35184
-12.5 -17.969 -0.34637
-12.5 -17.188 -0.13878
-12.5 -16.406 -0.024854
-12.5 -15.625 0.048191
-12.5 -14.844 0.083958
-12.5 -14.063 0.17845
-12.5 -13.281 0.2713
-12.5 -12.5 0.24822
-12.5 -11.719 -0.065369
-12.5 -10.938 -0.32435
-12.5 -10.156 -0.26783
-12.5 -9.375 -0.1953
-12.5 -8.5938 -0.16362
-12.5 -7.8125 -0.1116
-12.5 -7.0313 0.00033606
-12.5 -6.25 0.027156
-12.5 -5.4688 0.011315
-12.5 -4.6875 0.084193
-12.5 -3.9063 0.135
-12.5 -3.125 0.021924
-12.5 -2.3438 -0.15331
-12.5 -1.5625 -0.33856
-12.5 -0.78125 -0.40214
-12.5 0 -0.39928
-12.5 0.78125 -0.28653
-12.5 1.5625 -0.14452
-12.5 2.3438 -0.04969
-12.5 3.125 -0.0035285
-12.5 3.9063 -0.0082428
-12.5 4.6875 -0.016978
-12.5 5.4688 0.0036967
-12.5 6.25 -0.041436
-12.5 7.0313 -0.22559
-12.5 7.8125 -0.22419
-12.5 8.5938 -0.20741
-12.5 9.375 -0.21746
-12.5 10.156 -0.142
-12.5 10.938 -0.079043
-12.5 11.719 -0.023607
-12.5 12.5 0.040868
-12.5 13.281 0.093397
-12.5 14.063 0.15921
-12.5 14.844 0.11409
-12.5 15.625 -0.038025
-12.5 16.406 -0.21634
-12.5 17.188 -0.24638
-12.5 17.969 -0.16318
-12.5 18.75 -0.03936
-12.5 19.531 0.079007
-12.5 20.313 0.022104
-12.5 21.094 0.0061066
-12.5 21.875 -0.069889
-12.5 22.656 -0.072667
-12.5 23.438 -0.028728
-12.5 24.219 0.023682
-12.5 25 0.0094899
-11.719 -24.219 0.13498
-11.719 -23.438 0.15646
-11.719 -22.656 0.065408
-11.719 -21.875 -0.026741
-11.719 -21.094 -0.11705
-11.719 -20.313 -0.25834
-11.719 -19.531 -0.29114
-11.719 -18.75 -0.36798
-11.719 -17.969 -0.32028
-11.719 -17.188 -0.11741
-11.719 -16.406 0.025694
-11.719 -15.625 0.042335
-11.719 -14.844 0.065321
-11.719 -14.063 0.1606
-11.719 -13.281 0.20684
-11.719 -12.5 0.11454
-11.719 -11.719 -0.12576
-11.719 -10.938 -0.39767
-11.719 -10.156 -0.37118
-11.719 -9.375 -0.19607
-11.719 -8.5938 -0.10864
-11.719 -7.8125 -0.071027
-11.719 -7.0313 -0.027241
-11.719 -6.25 -0.063457
-11.719 -5.4688 -0.075995
-11.719 -4.6875 -0.029776
-11.719 -3.9063 -0.001587
-11.719 -3.125 -0.034194
-11.719 -2.3438 -0.13933
-11.719 -1.5625 -0.31869
-11.719 -0.78125 -0.40389
-11.719 0 -0.4074
-11.719 0.78125 -0.28246
-11.719 1.5625 -0.19331
-11.719 2.3438 -0.1298
-11.719 3.125 -0.085564
-11.719 3.9063 -0.094408
-11.719 4.6875 -0.12371
-11.719 5.4688 -0.12699
-11.719 6.25 -0.16563
-11.719 7.0313 -0.28506
-11.719 7.8125 -0.23318
-11.719 8.5938 -0.23185
-11.719 9.375 -0.25321
-11.719 10.156 -0.22629
-11.719 10.938 -0.23661
-11.719 11.719 -0.162
-11.719 12.5 0.0021602
-11.719 13.281 0.10393
-11.719 14.063 0.10546
-11.719 14.844 -0.0094894
-11.719 15.625 -0.097102
-11.719 16.406 -0.20844
-11.719 17.188 -0.25972
-11.719 17.969 -0.2287
-11.719 18.75 -0.085995
-11.719 19.531 0.014022
-11.719 20.313 0.00071032
-11.719 21.094 -0.013884
-11.719 21.875 -0.1204
-11.719 22.656 -0.12476
-11.719 23.438 -0.055645
-11.719 24.219 -0.027338
-11.719 25 -0.00050483
-10.938 -24.219 0.12107
-10.938 -23.438 0.086838
-10.938 -22.656 -0.020346
-10.938 -21.875 -0.062433
-10.938 -21.094 -0.14767
-10.938 -20.313 -0.23754
-10.938 -19.531 -0.26789
-10.938 -18.75 -0.29421
-10.938 -17.969 -0.24518
-10.938 -17.188 -0.12898
-10.938 -16.406 0.037948
-10.938 -15.625 0.01874
-10.938 -14.844 0.086459
-10.938 -14.063 0.15364
-10.938 -13.281 0.10856
-10.938 -12.5 -0.023675
-10.938 -11.719 -0.25223
-10.938 -10.938 -0.46449
-10.938 -10.156 -0.3948
-10.938 -9.375 -0.17997
-10.938 -8.5938 -0.067472
-10.938 -7.8125 0.042054
-10.938 -7.0313 0.0016901
-10.938 -6.25 -0.12464
-10.938 -5.4688 -0.18486
-10.938 -4.6875 -0.13035
-10.938 -3.9063 -0.099875
-10.938 -3.125 -0.067647
-10.938 -2.3438 -0.16098
-10.938 -1.5625 -0.32555
-10.938 -0.78125 -0.42967
-10.938 0 -0.411
-10.938 0.78125 -0.28762
-10.938 1.5625 -0.19888
-10.938 2.3438 -0.11979
-10.938 3.125 -0.053527
-10.938 3.9063 -0.10919
-10.938 4.6875 -0.18282
-10.938 5.4688 -0.19415
-10.938 6.25 -0.19827
-10.938 7.0313 -0.21895
-10.938 7.8125 -0.2071
-10.938 8.5938 -0.24974
-10.938 9.375 -0.29154
-10.938 10.156 -0.3136
-10.938 10.938 -0.32996
-10.938 11.719 -0.19789
-10.938 12.5 -0.05556
-10.938 13.281 0.084552
-10.938 14.063 0.054644
-10.938 14.844 -0.050272
-10.938 15.625 -0.15386
-10.938 16.406 -0.20604
-10.938 17.188 -0.24865
-10.938 17.969 -0.2481
-10.938 18.75 -0.13665
-10.938 19.531 0.0070264
-10.938 20.313 0.0045086
-10.938 21.094 -0.01349
-10.938 21.875 -0.10182
-10.938 22.656 -0.17809
-10.938 23.438 -0.11402
-10.938 24.219 -0.058417
-10.938 25 0.0078993
-10.156 -24.219 -0.0093596
-10.156 -23.438 -0.0011171
-10.156 -22.656 -0.029561
-10.156 -21.875 -0.025782
-10.156 -21.094 -0.082468
-10.156 -20.313 -0.15043
-10.156 -19.531 -0.19603
-10.156 -18.75 -0.23291
-10.156 -17.969 -0.15765
-10.156 -17.188 -0.098836
-10.156 -16.406 0.0035759
-10.156 -15.625 0.040021
-10.156 -14.844 0.11825
-10.156 -14.063 0.099247
-10.156 -13.281 -0.00057105
-10.156 -12.5 -0.12804
-10.156 -11.719 -0.3199
-10.156 -10.938 -0.43884
-10.156 -10.156 -0.38458
-10.156 -9.375 -0.18609
-10.156 -8.5938 0.029082
-10.156 -7.8125 0.12131
-10.156 -7.0313 0.035751
-10.156 -6.25 -0.098487
-10.156 -5.4688 -0.19515
-10.156 -4.6875 -0.17255
-10.156 -3.9063 -0.10514
-10.156 -3.125 -0.10855
-10.156 -2.3438 -0.16472
-10.156 -1.5625 -0.27514
-10.156 -0.78125 -0.41952
-10.156 0 -0.39838
-10.156 0.78125 -0.2798
-10.156 1.5625 -0.13898
-10.156 2.3438 -0.025832
-10.156 3.125 -0.055807
-10.156 3.9063 -0.14755
-10.156 4.6875 -0.22983
-10.156 5.4688 -0.19834
-10.156 6.25 -0.15573
-10.156 7.0313 -0.13853
-10.156 7.8125 -0.17634
-10.156 8.5938 -0.23719
-10.156 9.375 -0.28339
-10.156 10.156 -0.33653
-10.156 10.938 -0.35138
-10.156 11.719 -0.24596
-10.156 12.5 -0.11724
-10.156 13.281 0.063063
-10.156 14.063 -0.0022334
-10.156 14.844 -0.12068
-10.156 15.625 -0.22661
-10.156 16.406 -0.21513
-10.156 17.188 -0.14497
-10.156 17.969 -0.13024
-10.156 18.75 -0.1289
-10.156 19.531 0.0031533
-10.156 20.313 -0.025123
-10.156 21.094 -0.024572
-10.156 21.875 -0.094703
-10.156 22.656 -0.14821
-10.156 23.438 -0.10986
-10.156 24.219 -0.057465
-10.156 25 -0.021249
-9.375 -24.219 -0.075105
-9.375 -23.438 -0.064285
-9.375 -22.656 -0.029093
-9.375 -21.875 -0.017575
-9.375 -21.094 -0.020321
-9.375 -20.313 -0.073176
-9.375 -19.531 -0.14347
-9.375 -18.75 -0.13334
-9.375 -17.969 -0.054531
-9.375 -17.188 -0.057783
-9.375 -16.406 0.010286
-9.375 -15.625 0.052105
-9.375 -14.844 0.075597
-9.375 -14.063 0.035808
-9.375 -13.281 -0.10249
-9.375 -12.5 -0.2419
-9.375 -11.719 -0.32793
-9.375 -10.938 -0.37243
-9.375 -10.156 -0.3603
-9.375 -9.375 -0.22081
-9.375 -8.5938 0.03358
-9.375 -7.8125 0.062899
-9.375 -7.0313 -0.024244
-9.375 -6.25 -0.051626
-9.375 -5.4688 -0.12355
-9.375 -4.6875 -0.12524
-9.375 -3.9063 -0.068102
-9.375 -3.125 -0.089769
-9.375 -2.3438 -0.16752
-9.375 -1.5625 -0.30191
-9.375 -0.78125 -0.39218
-9.375 0 -0.31257
-9.375 0.78125 -0.18763
-9.375 1.5625 -0.059865
-9.375 2.3438 0.041519
-9.375 3.125 -0.045305
-9.375 3.9063 -0.1449
-9.375 4.6875 -0.18843
-9.375 5.4688 -0.1953
-9.375 6.25 -0.17888
-9.375 7.0313 -0.1727
-9.375 7.8125 -0.20836
-9.375 8.5938 -0.24565
-9.375 9.375 -0.24392
-9.375 10.156 -0.35066
-9.375 10.938 -0.34993
-9.375 11.719 -0.2582
-9.375 12.5 -0.14781
-9.375 13.281 0.014195
-9.375 14.063 -0.034658
-9.375 14.844 -0.21063
-9.375 15.625 -0.26691
-9.375 16.406 -0.15863
-9.375 17.188 -0.051013
-9.375 17.969 -0.01826
-9.375 18.75 -0.035411
-9.375 19.531 0.013731
-9.375 20.313 -0.005726
-9.375 21.094 -0.048802
-9.375 21.875 -0.069702
-9.375 22.656 -0.071682
-9.375 23.438 -0.073424
-9.375 24.219 -0.041898
-9.375 25 -0.08753
-8.5938 -24.219 -0.064282
-8.5938 -23.438 -0.085802
-8.5938 -22.656 -0.041407
-8.5938 -21.875 -0.0016361
-8.5938 -21.094 0.066637
-8.5938 -20.313 -0.0074756
-8.5938 -19.531 -0.052512
-8.5938 -18.75 -0.025963
-8.5938 -17.969 0.022295
-8.5938 -17.188 0.031002
-8.5938 -16.406 0.0735
-8.5938 -15.625 0.083013
-8.5938 -14.844 0.10523
-8.5938 -14.063 0.052124
-8.5938 -13.281 -0.12352
-8.5938 -12.5 -0.25037
-8.5938 -11.719 -0.35673
-8.5938 -10.938 -0.352
-8.5938 -10.156 -0.30202
-8.5938 -9.375 -0.17102
-8.5938 -8.5938 0.0017569
-8.5938 -7.8125 0.012075
-8.5938 -7.0313 -0.061142
-8.5938 -6.25 -0.12556
-8.5938 -5.4688 -0.12693
-8.5938 -4.6875 -0.054425
-8.5938 -3.9063 -0.047955
-8.5938 -3.125 -0.068132
-8.5938 -2.3438 -0.17597
-8.5938 -1.5625 -0.30649
-8.5938 -0.78125 -0.37054
-8.5938 0 -0.32214
-8.5938 0.78125 -0.18838
-8.5938 1.5625 -0.077178
-8.5938 2.3438 0.05865
-8.5938 3.125 0.022925
-8.5938 3.9063 -0.073943
-8.5938 4.6875 -0.10629
-8.5938 5.4688 -0.1514
-8.5938 6.25 -0.24884
-8.5938 7.0313 -0.26241
-8.5938 7.8125 -0.22482
-8.5938 8.5938 -0.25208
-8.5938 9.375 -0.28708
-8.5938 10.156 -0.30405
-8.5938 10.938 -0.26568
-8.5938 11.719 -0.22663
-8.5938 12.5 -0.13315
-8.5938 13.281 -0.015899
-8.5938 14.063 -0.076026
-8.5938 14.844 -0.23546
-8.5938 15.625 -0.28295
-8.5938 16.406 -0.16877
-8.5938 17.188 -0.029937
-8.5938 17.969 0.0039537
-8.5938 18.75 0.039182
-8.5938 19.531 0.041218
-8.5938 20.313 0.021129
-8.5938 21.094 -0.00038439
-8.5938 21.875 -0.030606
-8.5938 22.656 -0.022852
-8.5938 23.438 -0.073088
-8.5938 24.219 -0.076339
-8.5938 25 -0.090846
-7.8125 -24.219 -0.10868
-7.8125 -23.438 -0.10782
-7.8125 -22.656 -0.067543
-7.8125 -21.875 0.020002
-7.8125 -21.094 0.08077
-7.8125 -20.313 0.052934
-7.8125 -19.531 0.047251
-7.8125 -18.75 0.046693
-7.8125 -17.969 0.088128
-7.8125 -17.188 0.11621
-7.8125 -16.406 0.14374
-7.8125 -15.625 0.16112
-7.8125 -14.844 0.14476
-7.8125 -14.063 0.060927
-7.8125 -13.281 -0.049421
-7.8125 -12.5 -0.19229
-7.8125 -11.719 -0.29958
-7.8125 -10.938 -0.30278
-7.8125 -10.156 -0.23707
-7.8125 -9.375 -0.083775
-7.8125 -8.5938 0.013195
-7.8125 -7.8125 -0.016474
-7.8125 -7.0313 -0.072875
-7.8125 -6.25 -0.1557
-7.8125 -5.4688 -0.14698
-7.8125 -4.6875 -0.047423
-7.8125 -3.9063 0.0033089
-7.8125 -3.125 -0.01052
-7.8125 -2.3438 -0.1503
-7.8125 -1.5625 -0.30673
-7.8125 -0.78125 -0.34472
-7.8125 0 -0.33302
-7.8125 0.78125 -0.24061
-7.8125 1.5625 -0.044962
-7.8125 2.3438 0.10281
-7.8125 3.125 0.04712
-7.8125 3.9063 -0.033778
-7.8125 4.6875 -0.042853
-7.8125 5.4688 -0.14525
-7.8125 6.25 -0.25511
-7.8125 7.0313 -0.29906
-7.8125 7.8125 -0.27272
-7.8125 8.5938 -0.29383
-7.8125 9.375 -0.33461
-7.8125 10.156 -0.30741
-7.8125 10.938 -0.27213
-7.8125 11.719 -0.23402
-7.8125 12.5 -0.14396
-7.8125 13.281 -0.092739
-7.8125 14.063 -0.12942
-7.8125 14.844 -0.20779
-7.8125 15.625 -0.26878
-7.8125 16.406 -0.22516
-7.8125 17.188 -0.09608
-7.8125 17.969 -0.026007
-7.8125 18.75 0.0015136
-7.8125 19.531 0.055037
-7.8125 20.313 0.035293
-7.8125 21.094 0.057033
-7.8125 21.875 0.057424
-7.8125 22.656 0.03007
-7.8125 23.438 0.014433
-7.8125 24.219 -0.013527
-7.8125 25 -0.058092
-7.0313 -24.219 -0.082143
-7.0313 -23.438 -0.11262
-7.0313 -22.656 -0.13719
-7.0313 -21.875 -0.01147
-7.0313 -21.094 0.095918
-7.0313 -20.313 0.12283
-7.0313 -19.531 0.13871
-7.0313 -18.75 0.1467
-7.0313 -17.969 0.17282
-7.0313 -17.188 0.14182
-7.0313 -16.406 0.15685
-7.0313 -15.625 0.19658
-7.0313 -14.844 0.13993
-7.0313 -14.063 0.027393
-7.0313 -13.281 -0.071617
-7.0313 -12.5 -0.13412
-7.0313 -11.719 -0.19892
-7.0313 -10.938 -0.22021
-7.0313 -10.156 -0.15641
-7.0313 -9.375 -0.018303
-7.0313 -8.5938 0.032265
-7.0313 -7.8125 -0.0075465
-7.0313 -7.0313 -0.041388
-7.0313 -6.25 -0.11027
-7.0313 -5.4688 -0.084157
-7.0313 -4.6875 0.050435
-7.0313 -3.9063 0.029762
-7.0313 -3.125 -0.030789
-7.0313 -2.3438 -0.15141
-7.0313 -1.5625 -0.2516
-7.0313 -0.78125 -0.2624
-7.0313 0 -0.25223
-7.0313 0.78125 -0.18889
-7.0313 1.5625 0.015717
-7.0313 2.3438 0.17636
-7.0313 3.125 0.1095
-7.0313 3.9063 0.0081548
-7.0313 4.6875 -0.030981
-7.0313 5.4688 -0.15372
-7.0313 6.25 -0.23215
-7.0313 7.0313 -0.29117
-7.0313 7.8125 -0.29577
-7.0313 8.5938 -0.30318
-7.0313 9.375 -0.30882
-7.0313 10.156 -0.23158
-7.0313 10.938 -0.20909
-7.0313 11.719 -0.17681
-7.0313 12.5 -0.15186
-7.0313 13.281 -0.11644
-7.0313 14.063 -0.16174
-7.0313 14.844 -0.22912
-7.0313 15.625 -0.3003
-7.0313 16.406 -0.27776
-7.0313 17.188 -0.18672
-7.0313 17.969 -0.063668
-7.0313 18.75 0.011022
-7.0313 19.531 0.054851
-7.0313 20.313 0.055064
-7.0313 21.094 0.068958
-7.0313 21.875 0.091506
-7.0313 22.656 0.075847
-7.0313 23.438 0.056567
-7.0313 24.219 0.03727
-7.0313 25 -0.026329
-6.25 -24.219 -0.0089607
-6.25 -23.438 -0.04376
-6.25 -22.656 -0.10379
-6.25 -21.875 -0.023764
-6.25 -21.094 0.11559
-6.25 -20.313 0.20053
-6.25 -19.531 0.21721
-6.25 -18.75 0.247
-6.25 -17.969 0.19948
-6.25 -17.188 0.12031
-6.25 -16.406 0.13298
-6.25 -15.625 0.1784
-6.25 -14.844 0.16516
-6.25 -14.063 0.040186
-6.25 -13.281 -0.075353
-6.25 -12.5 -0.08521
-6.25 -11.719 -0.11548
-6.25 -10.938 -0.12972
-6.25 -10.156 -0.087513
-6.25 -9.375 0.033541
-6.25 -8.5938 0.048121
-6.25 -7.8125 0.0042689
-6.25 -7.0313 0.015636
-6.25 -6.25 -0.014379
-6.25 -5.4688 0.0087523
-6.25 -4.6875 0.082704
-6.25 -3.9063 -0.0034181
-6.25 -3.125 -0.077413
-6.25 -2.3438 -0.17242
-6.25 -1.5625 -0.20193
-6.25 -0.78125 -0.23811
-6.25 0 -0.17645
-6.25 0.78125 -0.10638
-6.25 1.5625 0.13436
-6.25 2.3438 0.2385
-6.25 3.125 0.16339
-6.25 3.9063 0.042747
-6.25 4.6875 -0.029863
-6.25 5.4688 -0.19751
-6.25 6.25 -0.28018
-6.25 7.0313 -0.33644
-6.25 7.8125 -0.29749
-6.25 8.5938 -0.27121
-6.25 9.375 -0.25417
-6.25 10.156 -0.14357
-6.25 10.938 -0.081889
-6.25 11.719 -0.10421
-6.25 12.5 -0.13713
-6.25 13.281 -0.14065
-6.25 14.063 -0.19203
-6.25 14.844 -0.26735
-6.25 15.625 -0.32209
-6.25 16.406 -0.30035
-6.25 17.188 -0.20719
-6.25 17.969 -0.073269
-6.25 18.75 0.0066608
-6.25 19.531 -0.0048845
-6.25 20.313 0.058814
-6.25 21.094 0.11491
-6.25 21.875 0.1269
-6.25 22.656 0.090742
-6.25 23.438 0.048137
-6.25 24.219 -0.024048
-6.25 25 -0.025655
-5.4688 -24.219 0.029847
-5.4688 -23.438 0.025025
-5.4688 -22.656 -0.012244
-5.4688 -21.875 0.017006
-5.4688 -21.094 0.1589
-5.4688 -20.313 0.23524
-5.4688 -19.531 0.26514
-5.4688 -18.75 0.26481
-5.4688 -17.969 0.17264
-5.4688 -17.188 0.14414
-5.4688 -16.406 0.17874
-5.4688 -15.625 0.19176
-5.4688 -14.844 0.18294
-5.4688 -14.063 0.099789
-5.4688 -13.281 0.013159
-5.4688 -12.5 0.017543
-5.4688 -11.719 -0.0036357
-5.4688 -10.938 -0.0027804
-5.4688 -10.156 -0.012499
-5.4688 -9.375 0.10808
-5.4688 -8.5938 0.093726
-5.4688 -7.8125 0.079101
-5.4688 -7.0313 0.077005
-5.4688 -6.25 0.049545
-5.4688 -5.4688 0.029574
-5.4688 -4.6875 0.027646
-5.4688 -3.9063 -0.017176
-5.4688 -3.125 -0.095606
-5.4688 -2.3438 -0.18368
-5.4688 -1.5625 -0.19393
-5.4688 -0.78125 -0.16979
-5.4688 0 -0.11223
-5.4688 0.78125 0.017816
-5.4688 1.5625 0.19524
-5.4688 2.3438 0.27655
-5.4688 3.125 0.17329
-5.4688 3.9063 0.05089
-5.4688 4.6875 -0.069265
-5.4688 5.4688 -0.28481
-5.4688 6.25 -0.32212
-5.4688 7.0313 -0.31408
-5.4688 7.8125 -0.30463
-5.4688 8.5938 -0.29052
-5.4688 9.375 -0.20501
-5.4688 10.156 -0.12258
-5.4688 10.938 -0.065031
-5.4688 11.719 -0.089093
-5.4688 12.5 -0.14267
-5.4688 13.281 -0.16056
-5.4688 14.063 -0.19087
-5.4688 14.844 -0.25006
-5.4688 15.625 -0.30996
-5.4688 16.406 -0.32575
-5.4688 17.188 -0.28124
-5.4688 17.969 -0.18822
-5.4688 18.75 -0.0771
-5.4688 19.531 -0.034375
-5.4688 20.313 0.065895
-5.4688 21.094 0.17756
-5.4688 21.875 0.17828
-5.4688 22.656 0.12893
-5.4688 23.438 0.065956
-5.4688 24.219 -0.015817
-5.4688 25 -0.0043223
-4.6875 -24.219 0.06162
-4.6875 -23.438 0.022299
-4.6875 -22.656 0.019804
-4.6875 -21.875 0.040339
-4.6875 -21.094 0.18972
-4.6875 -20.313 0.2632
-4.6875 -19.531 0.23322
-4.6875 -18.75 0.18416
-4.6875 -17.969 0.13674
-4.6875 -17.188 0.12527
-4.6875 -16.406 0.15585
-4.6875 -15.625 0.16651
-4.6875 -14.844 0.15241
-4.6875 -14.063 0.14839
-4.6875 -13.281 0.072984
-4.6875 -12.5 0.017513
-4.6875 -11.719 0.010194
-4.6875 -10.938 0.05132
-4.6875 -10.156 0.097524
-4.6875 -9.375 0.15199
-4.6875 -8.5938 0.16228
-4.6875 -7.8125 0.11622
-4.6875 -7.0313 0.077663
-4.6875 -6.25 0.07605
-4.6875 -5.4688 0.05854
-4.6875 -4.6875 -0.0058903
-4.6875 -3.9063 -0.054963
-4.6875 -3.125 -0.15241
-4.6875 -2.3438 -0.17939
-4.6875 -1.5625 -0.1604
-4.6875 -0.78125 -0.10431
-4.6875 0 -0.036441
-4.6875 0.78125 0.10643
-4.6875 1.5625 0.25028
-4.6875 2.3438 0.24193
-4.6875 3.125 0.1506
-4.6875 3.9063 -0.0094375
-4.6875 4.6875 -0.15405
-4.6875 5.4688 -0.25456
-4.6875 6.25 -0.28886
-4.6875 7.0313 -0.30354
-4.6875 7.8125 -0.34977
-4.6875 8.5938 -0.27408
-4.6875 9.375 -0.19644
-4.6875 10.156 -0.077913
-4.6875 10.938 -0.02262
-4.6875 11.719 -0.072504
-4.6875 12.5 -0.11366
-4.6875 13.281 -0.11618
-4.6875 14.063 -0.18604
-4.6875 14.844 -0.22673
-4.6875 15.625 -0.29191
-4.6875 16.406 -0.37012
-4.6875 17.188 -0.34679
-4.6875 17.969 -0.27304
-4.6875 18.75 -0.12498
-4.6875 19.531 -0.057095
-4.6875 20.313 0.058
-4.6875 21.094 0.1859
-4.6875 21.875 0.22656
-4.6875 22.656 0.11257
-4.6875 23.438 -0.013379
-4.6875 24.219 -0.023654
-4.6875 25 0.031721
-3.9063 -24.219 0.068543
-3.9063 -23.438 0.048723
-3.9063 -22.656 0.025627
-3.9063 -21.875 0.057599
-3.9063 -21.094 0.16481
-3.9063 -20.313 0.23804
-3.9063 -19.531 0.23216
-3.9063 -18.75 0.16176
-3.9063 -17.969 0.13221
-3.9063 -17.188 0.12005
-3.9063 -16.406 0.1269
-3.9063 -15.625 0.13685
-3.9063 -14.844 0.097465
-3.9063 -14.063 0.10262
-3.9063 -13.281 0.051546
-3.9063 -12.5 -0.0025646
-3.9063 -11.719 0.01236
-3.9063 -10.938 0.085154
-3.9063 -10.156 0.14031
-3.9063 -9.375 0.16916
-3.9063 -8.5938 0.19617
-3.9063 -7.8125 0.12398
-3.9063 -7.0313 0.13636
-3.9063 -6.25 0.10547
-3.9063 -5.4688 0.067284
-3.9063 -4.6875 -0.040187
-3.9063 -3.9063 -0.11359
-3.9063 -3.125 -0.1948
-3.9063 -2.3438 -0.16553
-3.9063 -1.5625 -0.14657
-3.9063 -0.78125 -0.079703
-3.9063 0 0.08727
-3.9063 0.78125 0.17401
-3.9063 1.5625 0.26473
-3.9063 2.3438 0.2154
-3.9063 3.125 0.12634
-3.9063 3.9063 -0.045978
-3.9063 4.6875 -0.19845
-3.9063 5.4688 -0.20626
-3.9063 6.25 -0.25737
-3.9063 7.0313 -0.2768
-3.9063 7.8125 -0.31315
-3.9063 8.5938 -0.22553
-3.9063 9.375 -0.11318
-3.9063 10.156 0.034733
-3.9063 10.938 0.09428
-3.9063 11.719 0.044877
-3.9063 12.5 -0.0083755
-3.9063 13.281 -0.0878
-3.9063 14.063 -0.18484
-3.9063 14.844 -0.21754
-3.9063 15.625 -0.26326
-3.9063 16.406 -0.34088
-3.9063 17.188 -0.36931
-3.9063 17.969 -0.27229
-3.9063 18.75 -0.097564
-3.9063 19.531 -0.011115
-3.9063 20.313 0.10091
-3.9063 21.094 0.207
-3.9063 21.875 0.21476
-3.9063 22.656 0.079484
-3.9063 23.438 0.0097044
-3.9063 24.219 -0.031216
-3.9063 25 0.044434
-3.125 -24.219 0.0056777
-3.125 -23.438 -0.025724
-3.125 -22.656 0.027752
-3.125 -21.875 0.057522
-3.125 -21.094 0.13693
-3.125 -20.313 0.25987
-3.125 -19.531 0.28163
-3.125 -18.75 0.19685
-3.125 -17.969 0.14093
-3.125 -17.188 0.10043
-3.125 -16.406 0.070952
-3.125 -15.625 0.075963
-3.125 -14.844 0.033091
-3.125 -14.063 0.016754
-3.125 -13.281 0.012284
-3.125 -12.5 -0.0035186
-3.125 -11.719 0.056199
-3.125 -10.938 0.092006
-3.125 -10.156 0.12062
-3.125 -9.375 0.13783
-3.125 -8.5938 0.17219
-3.125 -7.8125 0.16332
-3.125 -7.0313 0.19404
-3.125 -6.25 0.14064
-3.125 -5.4688 0.060095
-3.125 -4.6875 -0.055233
-3.125 -3.9063 -0.14928
-3.125 -3.125 -0.17771
-3.125 -2.3438 -0.20658
-3.125 -1.5625 -0.14994
-3.125 -0.78125 0.018172
-3.125 0 0.18572
-3.125 0.78125 0.23432
-3.125 1.5625 0.24913
-3.125 2.3438 0.16787
-3.125 3.125 -0.0051232
-3.125 3.9063 -0.12646
-3.125 4.6875 -0.2488
-3.125 5.4688 -0.27432
-3.125 6.25 -0.25612
-3.125 7.0313 -0.23991
-3.125 7.8125 -0.24469
-3.125 8.5938 -0.19283
-3.125 9.375 -0.069535
-3.125 10.156 0.080661
-3.125 10.938 0.14958
-3.125 11.719 0.12872
-3.125 12.5 0.021242
-3.125 13.281 -0.14024
-3.125 14.063 -0.23943
-3.125 14.844 -0.2713
-3.125 15.625 -0.28232
-3.125 16.406 -0.32561
-3.125 17.188 -0.33525
-3.125 17.969 -0.24268
-3.125 18.75 -0.12999
-3.125 19.531 -0.0043619
-3.125 20.313 0.13448
-3.125 21.094 0.19163
-3.125 21.875 0.12479
-3.125 22.656 0.044148
-3.125 23.438 0.017415
-3.125 24.219 0.015454
-3.125 25 0.019033
-2.3438 -24.219 -0.10308
-2.3438 -23.438 -0.11003
-2.3438 -22.656 -0.028044
-2.3438 -21.875 0.065236
-2.3438 -21.094 0.18938
-2.3438 -20.313 0.31884
-2.3438 -19.531 0.32696
-2.3438 -18.75 0.23302
-2.3438 -17.969 0.15873
-2.3438 -17.188 0.067752
-2.3438 -16.406 -0.017889
-2.3438 -15.625 5.6609e-05
-2.3438 -14.844 -0.02982
-2.3438 -14.063 -0.07079
-2.3438 -13.281 -0.058842
-2.3438 -12.5 -0.083094
-2.3438 -11.719 -0.0032734
-2.3438 -10.938 0.071889
-2.3438 -10.156 0.098812
-2.3438 -9.375 0.10397
-2.3438 -8.5938 0.083021
-2.3438 -7.8125 0.18365
-2.3438 -7.0313 0.22226
-2.3438 -6.25 0.14822
-2.3438 -5.4688 0.030596
-2.3438 -4.6875 -0.1007
-2.3438 -3.9063 -0.20045
-2.3438 -3.125 -0.23476
-2.3438 -2.3438 -0.24804
-2.3438 -1.5625 -0.15282
-2.3438 -0.78125 0.084015
-2.3438 0 0.21924
-2.3438 0.78125 0.24835
-2.3438 1.5625 0.20777
-2.3438 2.3438 0.098327
-2.3438 3.125 -0.088221
-2.3438 3.9063 -0.23305
-2.3438 4.6875 -0.29018
-2.3438 5.4688 -0.28211
-2.3438 6.25 -0.2087
-2.3438 7.0313 -0.22478
-2.3438 7.8125 -0.23681
-2.3438 8.5938 -0.18679
-2.3438 9.375 -0.093052
-2.3438 10.156 0.023771
-2.3438 10.938 0.13994
-2.3438 11.719 0.13175
-2.3438 12.5 -0.011053
-2.3438 13.281 -0.21751
-2.3438 14.063 -0.35223
-2.3438 14.844 -0.32902
-2.3438 15.625 -0.27853
-2.3438 16.406 -0.29775
-2.3438 17.188 -0.28896
-2.3438 17.969 -0.23196
-2.3438 18.75 -0.15239
-2.3438 19.531 -0.017877
-2.3438 20.313 0.13215
-2.3438 21.094 0.15278
-2.3438 21.875 0.065126
-2.3438 22.656 -0.079983
-2.3438 23.438 -0.085129
-2.3438 24.219 -0.021268
-2.3438 25 -0.037689
-1.5625 -24.219 -0.20493
-1.5625 -23.438 -0.18914
-1.5625 -22.656 -0.06822
-1.5625 -21.875 0.081363
-1.5625 -21.094 0.24231
-1.5625 -20.313 0.34024
-1.5625 -19.531 0.31659
-1.5625 -18.75 0.25454
-1.5625 -17.969 0.15673
-1.5625 -17.188 0.0071548
-1.5625 -16.406 -0.04882
-1.5625 -15.625 -0.027077
-1.5625 -14.844 -0.086281
-1.5625 -14.063 -0.14339
-1.5625 -13.281 -0.10587
-1.5625 -12.5 -0.14071
-1.5625 -11.719 -0.11348
-1.5625 -10.938 0.020957
-1.5625 -10.156 0.093422
-1.5625 -9.375 0.080206
-1.5625 -8.5938 0.1253
-1.5625 -7.8125 0.20709
-1.5625 -7.0313 0.25023
-1.5625 -6.25 0.17861
-1.5625 -5.4688 0.0013429
-1.5625 -4.6875 -0.14937
-1.5625 -3.9063 -0.26117
-1.5625 -3.125 -0.27441
-1.5625 -2.3438 -0.31138
-1.5625 -1.5625 -0.14649
-1.5625 -0.78125 0.086976
-1.5625 0 0.21979
-1.5625 0.78125 0.19709
-1.5625 1.5625 0.15853
-1.5625 2.3438 0.058108
-1.5625 3.125 -0.11388
-1.5625 3.9063 -0.29504
-1.5625 4.6875 -0.30722
-1.5625 5.4688 -0.26535
-1.5625 6.25 -0.16945
-1.5625 7.0313 -0.16594
-1.5625 7.8125 -0.20785
-1.5625 8.5938 -0.1551
-1.5625 9.375 -0.052707
-1.5625 10.156 0.047596
-1.5625 10.938 0.058185
-1.5625 11.719 0.087837
-1.5625 12.5 -0.067664
-1.5625 13.281 -0.26586
-1.5625 14.063 -0.34901
-1.5625 14.844 -0.33784
-1.5625 15.625 -0.26423
-1.5625 16.406 -0.31543
-1.5625 17.188 -0.3093
-1.5625 17.969 -0.20723
-1.5625 18.75 -0.1062
-1.5625 19.531 0.011014
-1.5625 20.313 0.11003
-1.5625 21.094 0.063399
-1.5625 21.875 -0.057466
-1.5625 22.656 -0.18529
-1.5625 23.438 -0.19351
-1.5625 24.219 -0.13821
-1.5625 25 -0.1225
-0.78125 -24.219 -0.31036
-0.78125 -23.438 -0.26505
-0.78125 -22.656 -0.093422
-0.78125 -21.875 0.068357
-0.78125 -21.094 0.17937
-0.78125 -20.313 0.26539
-0.78125 -19.531 0.27646
-0.78125 -18.75 0.2468
-0.78125 -17.969 0.13951
-0.78125 -17.188 0.0044571
-0.78125 -16.406 -0.050645
-0.78125 -15.625 -0.052785
-0.78125 -14.844 -0.10358
-0.78125 -14.063 -0.12016
-0.78125 -13.281 -0.12368
-0.78125 -12.5 -0.13963
-0.78125 -11.719 -0.15597
-0.78125 -10.938 -0.0076508
-0.78125 -10.156 0.092766
-0.78125 -9.375 0.11791
-0.78125 -8.5938 0.16438
-0.78125 -7.8125 0.19844
-0.78125 -7.0313 0.24877
-0.78125 -6.25 0.15799
-0.78125 -5.4688 -0.011817
-0.78125 -4.6875 -0.18217
-0.78125 -3.9063 -0.25346
-0.78125 -3.125 -0.24811
-0.78125 -2.3438 -0.26232
-0.78125 -1.5625 -0.13897
-0.78125 -0.78125 0.067273
-0.78125 0 0.19951
-0.78125 0.78125 0.17024
-0.78125 1.5625 0.12465
-0.78125 2.3438 0.029946
-0.78125 3.125 -0.1139
-0.78125 3.9063 -0.25818
-0.78125 4.6875 -0.24292
-0.78125 5.4688 -0.19992
-0.78125 6.25 -0.11901
-0.78125 7.0313 -0.14168
-0.78125 7.8125 -0.17421
-0.78125 8.5938 -0.10648
-0.78125 9.375 0.087563
-0.78125 10.156 0.16499
-0.78125 10.938 0.084968
-0.78125 11.719 0.01568
-0.78125 12.5 -0.083939
-0.78125 13.281 -0.21235
-0.78125 14.063 -0.29917
-0.78125 14.844 -0.28056
-0.78125 15.625 -0.25463
-0.78125 16.406 -0.2737
-0.78125 17.188 -0.21745
-0.78125 17.969 -0.15568
-0.78125 18.75 -0.082707
-0.78125 19.531 0.020566
-0.78125 20.313 0.062256
-0.78125 21.094 -0.028355
-0.78125 21.875 -0.13153
-0.78125 22.656 -0.24158
-0.78125 23.438 -0.24687
-0.78125 24.219 -0.22145
-0.78125 25 -0.2188
0 -24.219 -0.32589
0 -23.438 -0.24314
0 -22.656 -0.099638
0 -21.875 0.035128
0 -21.094 0.10198
0 -20.313 0.15501
0 -19.531 0.22021
0 -18.75 0.21701
0 -17.969 0.14768
0 -17.188 0.021176
0 -16.406 -0.032141
0 -15.625 -0.028631
0 -14.844 -0.037132
0 -14.063 -0.06413
0 -13.281 -0.11084
0 -12.5 -0.14609
0 -11.719 -0.15002
0 -10.938 -0.038552
0 -10.156 0.094557
0 -9.375 0.11812
0 -8.5938 0.22709
0 -7.8125 0.21242
0 -7.0313 0.23361
0 -6.25 0.12245
0 -5.4688 -0.047686
0 -4.6875 -0.1994
0 -3.9063 -0.22674
0 -3.125 -0.23098
0 -2.3438 -0.19509
0 -1.5625 -0.051445
0 -0.78125 0.094873
0 0 0.1756
0 0.78125 0.16952
0 1.5625 0.073645
0 2.3438 -0.047791
0 3.125 -0.15367
0 3.9063 -0.19467
0 4.6875 -0.16037
0 5.4688 -0.14932
0 6.25 -0.15191
0 7.0313 -0.17146
0 7.8125 -0.13023
0 8.5938 -0.059201
0 9.375 0.15263
0 10.156 0.20978
0 10.938 0.10268
0 11.719 0.0094571
0 12.5 -0.067048
0 13.281 -0.21943
0 14.063 -0.29288
0 14.844 -0.23075
0 15.625 -0.17677
0 16.406 -0.18067
0 17.188 -0.15077
0 17.969 -0.079649
0 18.75 -0.047759
0 19.531 -0.026842
0 20.313 -0.013869
0 21.094 -0.070895
0 21.875 -0.095255
0 22.656 -0.18631
0 23.438 -0.27567
0 24.219 -0.27653
0 25 -0.31532
0.78125 -24.219 -0.33789
0.78125 -23.438 -0.19152
0.78125 -22.656 -0.058496
0.78125 -21.875 0.015534
0.78125 -21.094 0.039005
0.78125 -20.313 0.062447
0.78125 -19.531 0.12195
0.78125 -18.75 0.19374
0.78125 -17.969 0.14865
0.78125 -17.188 -0.0028003
0.78125 -16.406 -0.090303
0.78125 -15.625 -0.05698
0.78125 -14.844 -0.014969
0.78125 -14.063 -0.0062811
0.78125 -13.281 -0.071187
0.78125 -12.5 -0.11266
0.78125 -11.719 -0.11525
0.78125 -10.938 0.0066947
0.78125 -10.156 0.095335
0.78125 -9.375 0.13424
0.78125 -8.5938 0.24638
0.78125 -7.8125 0.23656
0.78125 -7.0313 0.15625
0.78125 -6.25 0.0094553
0.78125 -5.4688 -0.14909
0.78125 -4.6875 -0.20371
0.78125 -3.9063 -0.21246
0.78125 -3.125 -0.2101
0.78125 -2.3438 -0.13384
0.78125 -1.5625 0.02791
0.78125 -0.78125 0.12204
0.78125 0 0.13571
0.78125 0.78125 0.12743
0.78125 1.5625 0.021212
0.78125 2.3438 -0.088469
0.78125 3.125 -0.20952
0.78125 3.9063 -0.25357
0.78125 4.6875 -0.15159
0.78125 5.4688 -0.12505
0.78125 6.25 -0.17386
0.78125 7.0313 -0.12008
0.78125 7.8125 -0.085706
0.78125 8.5938 0.016213
0.78125 9.375 0.099346
0.78125 10.156 0.17562
0.78125 10.938 0.092118
0.78125 11.719 0.017317
0.78125 12.5 -0.13123
0.78125 13.281 -0.27661
0.78125 14.063 -0.27813
0.78125 14.844 -0.19082
0.78125 15.625 -0.12511
0.78125 16.406 -0.1399
0.78125 17.188 -0.12777
0.78125 17.969 -0.043107
0.78125 18.75 -0.046954
0.78125 19.531 -0.066835
0.78125 20.313 -0.069152
0.78125 21.094 -0.036138
0.78125 21.875 -0.049407
0.78125 22.656 -0.18777
0.78125 23.438 -0.32986
0.78125 24.219 -0.38012
0.78125 25 -0.38265
1.5625 -24.219 -0.36334
1.5625 -23.438 -0.18714
1.5625 -22.656 -0.074506
1.5625 -21.875 -0.057094
1.5625 -21.094 -0.01728
1.5625 -20.313 0.019707
1.5625 -19.531 0.047917
1.5625 -18.75 0.093357
1.5625 -17.969 0.10788
1.5625 -17.188 -0.048338
1.5625 -16.406 -0.10595
1.5625 -15.625 -0.054864
1.5625 -14.844 -0.0084593
1.5625 -14.063 0.034626
1.5625 -13.281 -0.022208
1.5625 -12.5 -0.10685
1.5625 -11.719 -0.071718
1.5625 -10.938 0.037621
1.5625 -10.156 0.12232
1.5625 -9.375 0.14298
1.5625 -8.5938 0.21242
1.5625 -7.8125 0.20086
1.5625 -7.0313 0.071205
1.5625 -6.25 -0.075344
1.5625 -5.4688 -0.19916
1.5625 -4.6875 -0.20894
1.5625 -3.9063 -0.20018
1.5625 -3.125 -0.125
1.5625 -2.3438 -0.028899
1.5625 -1.5625 0.11457
1.5625 -0.78125 0.18427
1.5625 0 0.14756
1.5625 0.78125 0.08455
1.5625 1.5625 -0.031358
1.5625 2.3438 -0.15958
1.5625 3.125 -0.28899
1.5625 3.9063 -0.27097
1.5625 4.6875 -0.14172
1.5625 5.4688 -0.13593
1.5625 6.25 -0.10993
1.5625 7.0313 -0.031917
1.5625 7.8125 -0.0060846
1.5625 8.5938 0.087409
1.5625 9.375 0.095834
1.5625 10.156 0.11573
1.5625 10.938 0.045575
1.5625 11.719 -0.051831
1.5625 12.5 -0.19858
1.5625 13.281 -0.29435
1.5625 14.063 -0.29584
1.5625 14.844 -0.20423
1.5625 15.625 -0.10201
1.5625 16.406 -0.16711
1.5625 17.188 -0.1276
1.5625 17.969 -0.0777
1.5625 18.75 -0.042394
1.5625 19.531 -0.099342
1.5625 20.313 -0.11178
1.5625 21.094 -0.044804
1.5625 21.875 -0.07995
1.5625 22.656 -0.21012
1.5625 23.438 -0.36828
1.5625 24.219 -0.43297
1.5625 25 -0.44479
2.3438 -24.219 -0.29985
2.3438 -23.438 -0.17832
2.3438 -22.656 -0.1116
2.3438 -21.875 -0.089206
2.3438 -21.094 -0.052431
2.3438 -20.313 -0.011298
2.3438 -19.531 0.033593
2.3438 -18.75 0.015622
2.3438 -17.969 0.014112
2.3438 -17.188 -0.058878
2.3438 -16.406 -0.04745
2.3438 -15.625 0.029633
2.3438 -14.844 0.029721
2.3438 -14.063 0.026506
2.3438 -13.281 -0.00056443
2.3438 -12.5 -0.040521
2.3438 -11.719 -0.070934
2.3438 -10.938 -0.00053616
2.3438 -10.156 0.080103
2.3438 -9.375 0.15279
2.3438 -8.5938 0.24539
2.3438 -7.8125 0.18384
2.3438 -7.0313 -0.013075
2.3438 -6.25 -0.17538
2.3438 -5.4688 -0.22406
2.3438 -4.6875 -0.21312
2.3438 -3.9063 -0.19133
2.3438 -3.125 -0.037459
2.3438 -2.3438 0.064353
2.3438 -1.5625 0.18899
2.3438 -0.78125 0.22406
2.3438 0 0.13403
2.3438 0.78125 -0.0079952
2.3438 1.5625 -0.13438
2.3438 2.3438 -0.25757
2.3438 3.125 -0.29167
2.3438 3.9063 -0.25851
2.3438 4.6875 -0.18256
2.3438 5.4688 -0.13253
2.3438 6.25 -0.069608
2.3438 7.0313 0.0041448
2.3438 7.8125 0.044248
2.3438 8.5938 0.082268
2.3438 9.375 0.082356
2.3438 10.156 0.10349
2.3438 10.938 -0.0089013
2.3438 11.719 -0.1454
2.3438 12.5 -0.22181
2.3438 13.281 -0.28047
2.3438 14.063 -0.24139
2.3438 14.844 -0.11547
2.3438 15.625 -0.082741
2.3438 16.406 -0.12939
2.3438 17.188 -0.1199
2.3438 17.969 -0.1146
2.3438 18.75 -0.079127
2.3438 19.531 -0.089216
2.3438 20.313 -0.10648
2.3438 21.094 -0.076285
2.3438 21.875 -0.13456
2.3438 22.656 -0.24806
2.3438 23.438 -0.36324
2.3438 24.219 -0.40532
2.3438 25 -0.39584
3.125 -24.219 -0.24431
3.125 -23.438 -0.18217
3.125 -22.656 -0.14934
3.125 -21.875 -0.1107
3.125 -21.094 -0.040787
3.125 -20.313 -0.0053571
3.125 -19.531 0.014358
3.125 -18.75 0.012887
3.125 -17.969 -0.016681
3.125 -17.188 -0.067531
3.125 -16.406 -0.049644
3.125 -15.625 0.050438
3.125 -14.844 0.11375
3.125 -14.063 0.070666
3.125 -13.281 0.016835
3.125 -12.5 -0.0047918
3.125 -11.719 -0.03297
3.125 -10.938 -0.0081807
3.125 -10.156 0.0050063
3.125 -9.375 0.11737
3.125 -8.5938 0.23721
3.125 -7.8125 0.1493
3.125 -7.0313 -0.1261
3.125 -6.25 -0.24074
3.125 -5.4688 -0.23129
3.125 -4.6875 -0.1932
3.125 -3.9063 -0.11734
3.125 -3.125 -0.01655
3.125 -2.3438 0.077069
3.125 -1.5625 0.20861
3.125 -0.78125 0.24152
3.125 0 0.15836
3.125 0.78125 -0.021223
3.125 1.5625 -0.12592
3.125 2.3438 -0.21463
3.125 3.125 -0.25901
3.125 3.9063 -0.30164
3.125 4.6875 -0.22295
3.125 5.4688 -0.14684
3.125 6.25 -0.064928
3.125 7.0313 -0.00085143
3.125 7.8125 0.044029
3.125 8.5938 0.064036
3.125 9.375 0.093564
3.125 10.156 0.084302
3.125 10.938 -0.066563
3.125 11.719 -0.18848
3.125 12.5 -0.19791
3.125 13.281 -0.19825
3.125 14.063 -0.12299
3.125 14.844 -0.069952
3.125 15.625 -0.081867
3.125 16.406 -0.16954
3.125 17.188 -0.15213
3.125 17.969 -0.11306
3.125 18.75 -0.091791
3.125 19.531 -0.078685
3.125 20.313 -0.093015
3.125 21.094 -0.082842
3.125 21.875 -0.13106
3.125 22.656 -0.2768
3.125 23.438 -0.29528
3.125 24.219 -0.3461
3.125 25 -0.33852
3.9063 -24.219 -0.25828
3.9063 -23.438 -0.18494
3.9063 -22.656 -0.13891
3.9063 -21.875 -0.14697
3.9063 -21.094 -0.072323
3.9063 -20.313 -0.025253
3.9063 -19.531 0.01694
3.9063 -18.75 0.0050059
3.9063 -17.969 -0.075974
3.9063 -17.188 -0.13503
3.9063 -16.406 -0.076876
3.9063 -15.625 0.055097
3.9063 -14.844 0.18599
3.9063 -14.063 0.13607
3.9063 -13.281 -0.0075379
3.9063 -12.5 -0.038998
3.9063 -11.719 -0.040295
3.9063 -10.938 -0.03627
3.9063 -10.156 -0.02198
3.9063 -9.375 0.079118
3.9063 -8.5938 0.1979
3.9063 -7.8125 0.096495
3.9063 -7.0313 -0.12493
3.9063 -6.25 -0.23316
3.9063 -5.4688 -0.2583
3.9063 -4.6875 -0.20561
3.9063 -3.9063 -0.042822
3.9063 -3.125 -0.00034918
3.9063 -2.3438 0.097459
3.9063 -1.5625 0.21559
3.9063 -0.78125 0.2292
3.9063 0 0.17505
3.9063 0.78125 0.045023
3.9063 1.5625 -0.12369
3.9063 2.3438 -0.22705
3.9063 3.125 -0.26363
3.9063 3.9063 -0.23818
3.9063 4.6875 -0.14688
3.9063 5.4688 -0.10597
3.9063 6.25 -0.005068
3.9063 7.0313 0.039582
3.9063 7.8125 0.033058
3.9063 8.5938 0.068039
3.9063 9.375 0.1001
3.9063 10.156 0.011602
3.9063 10.938 -0.10034
3.9063 11.719 -0.1743
3.9063 12.5 -0.15289
3.9063 13.281 -0.079711
3.9063 14.063 -0.038753
3.9063 14.844 -0.02839
3.9063 15.625 -0.045652
3.9063 16.406 -0.13396
3.9063 17.188 -0.166
3.9063 17.969 -0.11755
3.9063 18.75 -0.057264
3.9063 19.531 -0.033663
3.9063 20.313 -0.092971
3.9063 21.094 -0.10714
3.9063 21.875 -0.12564
3.9063 22.656 -0.22123
3.9063 23.438 -0.2519
3.9063 24.219 -0.27987
3.9063 25 -0.27054
4.6875 -24.219 -0.3019
4.6875 -23.438 -0.21824
4.6875 -22.656 -0.19833
4.6875 -21.875 -0.14342
4.6875 -21.094 -0.056741
4.6875 -20.313 0.02195
4.6875 -19.531 0.073736
4.6875 -18.75 0.066596
4.6875 -17.969 -0.086827
4.6875 -17.188 -0.18517
4.6875 -16.406 -0.057204
4.6875 -15.625 0.061114
4.6875 -14.844 0.16004
4.6875 -14.063 0.11037
4.6875 -13.281 0.0375
4.6875 -12.5 -0.056318
4.6875 -11.719 -0.064236
4.6875 -10.938 -0.032146
4.6875 -10.156 0.00012821
4.6875 -9.375 0.040239
4.6875 -8.5938 0.050015
4.6875 -7.8125 0.0062546
4.6875 -7.0313 -0.12982
4.6875 -6.25 -0.24913
4.6875 -5.4688 -0.27352
4.6875 -4.6875 -0.11772
4.6875 -3.9063 0.02837
4.6875 -3.125 0.072305
4.6875 -2.3438 0.14327
4.6875 -1.5625 0.21808
4.6875 -0.78125 0.19907
4.6875 0 0.13261
4.6875 0.78125 0.02319
4.6875 1.5625 -0.16538
4.6875 2.3438 -0.20204
4.6875 3.125 -0.18414
4.6875 3.9063 -0.19089
4.6875 4.6875 -0.094967
4.6875 5.4688 -0.043525
4.6875 6.25 0.043915
4.6875 7.0313 0.11541
4.6875 7.8125 0.041023
4.6875 8.5938 0.11658
4.6875 9.375 0.10578
4.6875 10.156 -0.015161
4.6875 10.938 -0.085625
4.6875 11.719 -0.12996
4.6875 12.5 -0.078669
4.6875 13.281 -0.052515
4.6875 14.063 -0.036618
4.6875 14.844 -0.03971
4.6875 15.625 -0.067741
4.6875 16.406 -0.13128
4.6875 17.188 -0.13856
4.6875 17.969 -0.099288
4.6875 18.75 -0.030344
4.6875 19.531 0.019998
4.6875 20.313 -0.088745
4.6875 21.094 -0.15064
4.6875 21.875 -0.10868
4.6875 22.656 -0.16895
4.6875 23.438 -0.17572
4.6875 24.219 -0.20621
4.6875 25 -0.25258
5.4688 -24.219 -0.25389
5.4688 -23.438 -0.18423
5.4688 -22.656 -0.1744
5.4688 -21.875 -0.11248
5.4688 -21.094 0.029995
5.4688 -20.313 0.11984
5.4688 -19.531 0.13411
5.4688 -18.75 0.05492
5.4688 -17.969 -0.092388
5.4688 -17.188 -0.17284
5.4688 -16.406 -0.080897
5.4688 -15.625 0.038531
5.4688 -14.844 0.094037
5.4688 -14.063 0.020983
5.4688 -13.281 0.0415
5.4688 -12.5 0.021152
5.4688 -11.719 -0.030632
5.4688 -10.938 0.021014
5.4688 -10.156 0.029613
5.4688 -9.375 0.037072
5.4688 -8.5938 0.0052906
5.4688 -7.8125 -0.07103
5.4688 -7.0313 -0.17044
5.4688 -6.25 -0.22005
5.4688 -5.4688 -0.22471
5.4688 -4.6875 -0.12589
5.4688 -3.9063 0.050498
5.4688 -3.125 0.13273
5.4688 -2.3438 0.1496
5.4688 -1.5625 0.19255
5.4688 -0.78125 0.15018
5.4688 0 0.12808
5.4688 0.78125 -0.019704
5.4688 1.5625 -0.1123
5.4688 2.3438 -0.13376
5.4688 3.125 -0.14302
5.4688 3.9063 -0.14448
5.4688 4.6875 -0.074609
5.4688 5.4688 0.014668
5.4688 6.25 0.050378
5.4688 7.0313 0.1021
5.4688 7.8125 0.059718
5.4688 8.5938 0.085811
5.4688 9.375 0.11265
5.4688 10.156 0.018165
5.4688 10.938 -0.043596
5.4688 11.719 -0.068803
5.4688 12.5 -0.079027
5.4688 13.281 -0.074781
5.4688 14.063 -0.024538
5.4688 14.844 -0.027097
5.4688 15.625 -0.053218
5.4688 16.406 -0.11025
5.4688 17.188 -0.11691
5.4688 17.969 -0.064368
5.4688 18.75 0.0099738
5.4688 19.531 0.029492
5.4688 20.313 -0.083351
5.4688 21.094 -0.14313
5.4688 21.875 -0.1138
5.4688 22.656 -0.12883
5.4688 23.438 -0.096652
5.4688 24.219 -0.10431
5.4688 25 -0.21164
6.25 -24.219 -0.17964
6.25 -23.438 -0.13426
6.25 -22.656 -0.091112
6.25 -21.875 0.024541
6.25 -21.094 0.11395
6.25 -20.313 0.1673
6.25 -19.531 0.17487
6.25 -18.75 0.053538
6.25 -17.969 -0.063399
6.25 -17.188 -0.097804
6.25 -16.406 -0.037346
6.25 -15.625 0.007934
6.25 -14.844 0.0471
6.25 -14.063 0.033675
6.25 -13.281 0.11573
6.25 -12.5 0.1359
6.25 -11.719 0.080226
6.25 -10.938 0.078135
6.25 -10.156 0.03842
6.25 -9.375 0.0022452
6.25 -8.5938 -0.0043274
6.25 -7.8125 -0.10982
6.25 -7.0313 -0.14366
6.25 -6.25 -0.17858
6.25 -5.4688 -0.17923
6.25 -4.6875 -0.07134
6.25 -3.9063 0.080166
6.25 -3.125 0.11945
6.25 -2.3438 0.18187
6.25 -1.5625 0.18313
6.25 -0.78125 0.15344
6.25 0 0.10802
6.25 0.78125 -0.010038
6.25 1.5625 -0.088634
6.25 2.3438 -0.079918
6.25 3.125 -0.10427
6.25 3.9063 -0.1048
6.25 4.6875 -0.038875
6.25 5.4688 -0.0086096
6.25 6.25 0.019827
6.25 7.0313 0.066154
6.25 7.8125 0.097452
6.25 8.5938 0.079816
6.25 9.375 0.087211
6.25 10.156 0.068449
6.25 10.938 0.045635
6.25 11.719 0.0044986
6.25 12.5 -0.075366
6.25 13.281 -0.053346
6.25 14.063 -0.042112
6.25 14.844 -0.029883
6.25 15.625 -0.088513
6.25 16.406 -0.096136
6.25 17.188 -0.060406
6.25 17.969 0.033299
6.25 18.75 0.064838
6.25 19.531 -0.0078683
6.25 20.313 -0.077369
6.25 21.094 -0.095031
6.25 21.875 -0.019561
6.25 22.656 -0.030699
6.25 23.438 -0.043252
6.25 24.219 -0.042741
6.25 25 -0.12078
7.0313 -24.219 -0.10595
7.0313 -23.438 -0.076181
7.0313 -22.656 0.0055974
7.0313 -21.875 0.12328
7.0313 -21.094 0.19096
7.0313 -20.313 0.21781
7.0313 -19.531 0.15793
7.0313 -18.75 0.062365
7.0313 -17.969 -0.0019557
7.0313 -17.188 -0.02595
7.0313 -16.406 0.082909
7.0313 -15.625 0.035231
7.0313 -14.844 0.0010363
7.0313 -14.063 0.069566
7.0313 -13.281 0.21575
7.0313 -12.5 0.25742
7.0313 -11.719 0.14937
7.0313 -10.938 0.053963
7.0313 -10.156 0.032819
7.0313 -9.375 0.011204
7.0313 -8.5938 -0.0022884
7.0313 -7.8125 -0.099565
7.0313 -7.0313 -0.12286
7.0313 -6.25 -0.16155
7.0313 -5.4688 -0.09987
7.0313 -4.6875 0.038766
7.0313 -3.9063 0.10925
7.0313 -3.125 0.15904
7.0313 -2.3438 0.20254
7.0313 -1.5625 0.22681
7.0313 -0.78125 0.167
7.0313 0 0.088004
7.0313 0.78125 0.043382
7.0313 1.5625 -0.03144
7.0313 2.3438 -0.01986
7.0313 3.125 -0.034961
7.0313 3.9063 -0.06929
7.0313 4.6875 -0.0016074
7.0313 5.4688 -0.030051
7.0313 6.25 0.015926
7.0313 7.0313 0.089327
7.0313 7.8125 0.13226
7.0313 8.5938 0.13474
7.0313 9.375 0.11518
7.0313 10.156 0.10937
7.0313 10.938 0.067189
7.0313 11.719 0.058444
7.0313 12.5 0.041479
7.0313 13.281 -0.00018323
7.0313 14.063 -0.02159
7.0313 14.844 -0.039328
7.0313 15.625 -0.025423
7.0313 16.406 -0.035167
7.0313 17.188 0.029605
7.0313 17.969 0.078723
7.0313 18.75 0.14279
7.0313 19.531 0.049512
7.0313 20.313 -0.014698
7.0313 21.094 -0.066418
7.0313 21.875 -0.038011
7.0313 22.656 0.015044
7.0313 23.438 0.022751
7.0313 24.219 -0.001848
7.0313 25 -0.061096
7.8125 -24.219 -0.021658
7.8125 -23.438 0.027809
7.8125 -22.656 0.060852
7.8125 -21.875 0.13877
7.8125 -21.094 0.17063
7.8125 -20.313 0.194
7.8125 -19.531 0.16429
7.8125 -18.75 0.09563
7.8125 -17.969 0.064804
7.8125 -17.188 0.063459
7.8125 -16.406 0.14677
7.8125 -15.625 0.089458
7.8125 -14.844 0.052226
7.8125 -14.063 0.16728
7.8125 -13.281 0.27279
7.8125 -12.5 0.32653
7.8125 -11.719 0.17108
7.8125 -10.938 0.061213
7.8125 -10.156 0.042359
7.8125 -9.375 0.0054247
7.8125 -8.5938 -0.024676
7.8125 -7.8125 -0.065875
7.8125 -7.0313 -0.13047
7.8125 -6.25 -0.10572
7.8125 -5.4688 0.062808
7.8125 -4.6875 0.12758
7.8125 -3.9063 0.17937
7.8125 -3.125 0.16875
7.8125 -2.3438 0.20599
7.8125 -1.5625 0.24138
7.8125 -0.78125 0.16749
7.8125 0 0.14092
7.8125 0.78125 0.085268
7.8125 1.5625 0.044612
7.8125 2.3438 0.037615
7.8125 3.125 0.0028052
7.8125 3.9063 -0.036457
7.8125 4.6875 -0.033327
7.8125 5.4688 -0.012086
7.8125 6.25 0.061819
7.8125 7.0313 0.14035
7.8125 7.8125 0.14779
7.8125 8.5938 0.12623
7.8125 9.375 0.14399
7.8125 10.156 0.18172
7.8125 10.938 0.11664
7.8125 11.719 0.099803
7.8125 12.5 0.11099
7.8125 13.281 0.068477
7.8125 14.063 0.0017734
7.8125 14.844 -0.029639
7.8125 15.625 0.048739
7.8125 16.406 0.11233
7.8125 17.188 0.079942
7.8125 17.969 0.073205
7.8125 18.75 0.13205
7.8125 19.531 0.12184
7.8125 20.313 0.020703
7.8125 21.094 0.000254
7.8125 21.875 0.027189
7.8125 22.656 0.043314
7.8125 23.438 0.055109
7.8125 24.219 0.0067617
7.8125 25 -0.03759
8.5938 -24.219 -0.00088033
8.5938 -23.438 0.081482
8.5938 -22.656 0.13418
8.5938 -21.875 0.14336
8.5938 -21.094 0.089308
8.5938 -20.313 0.10218
8.5938 -19.531 0.065611
8.5938 -18.75 0.065481
8.5938 -17.969 0.054289
8.5938 -17.188 0.068636
8.5938 -16.406 0.13036
8.5938 -15.625 0.12862
8.5938 -14.844 0.1242
8.5938 -14.063 0.24421
8.5938 -13.281 0.29763
8.5938 -12.5 0.30291
8.5938 -11.719 0.14541
8.5938 -10.938 -0.0061832
8.5938 -10.156 -0.020455
8.5938 -9.375 -0.036509
8.5938 -8.5938 -0.093042
8.5938 -7.8125 -0.1515
8.5938 -7.0313 -0.16427
8.5938 -6.25 -0.057507
8.5938 -5.4688 0.12852
8.5938 -4.6875 0.19594
8.5938 -3.9063 0.20449
8.5938 -3.125 0.20359
8.5938 -2.3438 0.20552
8.5938 -1.5625 0.20099
8.5938 -0.78125 0.1544
8.5938 0 0.16508
8.5938 0.78125 0.13315
8.5938 1.5625 0.086903
8.5938 2.3438 0.09381
8.5938 3.125 0.008341
8.5938 3.9063 -0.047314
8.5938 4.6875 -0.0086193
8.5938 5.4688 -0.0016319
8.5938 6.25 0.076932
8.5938 7.0313 0.17149
8.5938 7.8125 0.22833
8.5938 8.5938 0.19176
8.5938 9.375 0.19178
8.5938 10.156 0.23307
8.5938 10.938 0.18496
8.5938 11.719 0.14041
8.5938 12.5 0.13284
8.5938 13.281 0.089808
8.5938 14.063 0.01766
8.5938 14.844 0.050574
8.5938 15.625 0.10071
8.5938 16.406 0.14269
8.5938 17.188 0.11922
8.5938 17.969 0.094753
8.5938 18.75 0.14314
8.5938 19.531 0.17751
8.5938 20.313 0.05343
8.5938 21.094 0.022637
8.5938 21.875 0.060068
8.5938 22.656 0.10644
8.5938 23.438 0.10159
8.5938 24.219 0.024215
8.5938 25 -0.03605
9.375 -24.219 0.0084959
9.375 -23.438 0.079008
9.375 -22.656 0.13302
9.375 -21.875 0.13577
9.375 -21.094 0.067375
9.375 -20.313 0.04919
9.375 -19.531 0.026382
9.375 -18.75 0.0042537
9.375 -17.969 0.017377
9.375 -17.188 0.011375
9.375 -16.406 0.023263
9.375 -15.625 0.060247
9.375 -14.844 0.13898
9.375 -14.063 0.23245
9.375 -13.281 0.30824
9.375 -12.5 0.26993
9.375 -11.719 0.097999
9.375 -10.938 -0.020973
9.375 -10.156 -0.019035
9.375 -9.375 -0.055846
9.375 -8.5938 -0.099693
9.375 -7.8125 -0.17964
9.375 -7.0313 -0.18093
9.375 -6.25 0.014523
9.375 -5.4688 0.13152
9.375 -4.6875 0.14968
9.375 -3.9063 0.15251
9.375 -3.125 0.15502
9.375 -2.3438 0.21233
9.375 -1.5625 0.17807
9.375 -0.78125 0.13427
9.375 0 0.16496
9.375 0.78125 0.15926
9.375 1.5625 0.11566
9.375 2.3438 0.1208
9.375 3.125 0.060915
9.375 3.9063 -0.02797
9.375 4.6875 -0.042969
9.375 5.4688 0.020768
9.375 6.25 0.11039
9.375 7.0313 0.21585
9.375 7.8125 0.25773
9.375 8.5938 0.27564
9.375 9.375 0.25479
9.375 10.156 0.21142
9.375 10.938 0.20256
9.375 11.719 0.13868
9.375 12.5 0.060143
9.375 13.281 0.091239
9.375 14.063 0.084787
9.375 14.844 0.10603
9.375 15.625 0.073612
9.375 16.406 0.065147
9.375 17.188 0.14742
9.375 17.969 0.14815
9.375 18.75 0.19655
9.375 19.531 0.21876
9.375 20.313 0.060004
9.375 21.094 -0.0045236
9.375 21.875 0.047048
9.375 22.656 0.12403
9.375 23.438 0.12979
9.375 24.219 0.02588
9.375 25 -0.049085
10.156 -24.219 0.029251
10.156 -23.438 0.059634
10.156 -22.656 0.13329
10.156 -21.875 0.11857
10.156 -21.094 0.11566
10.156 -20.313 0.075619
10.156 -19.531 -0.0017099
10.156 -18.75 0.019483
10.156 -17.969 0.0082297
10.156 -17.188 0.0081634
10.156 -16.406 -0.031482
10.156 -15.625 0.0076478
10.156 -14.844 0.13094
10.156 -14.063 0.26339
10.156 -13.281 0.32287
10.156 -12.5 0.20985
10.156 -11.719 0.07185
10.156 -10.938 0.0079283
10.156 -10.156 0.020519
10.156 -9.375 0.011984
10.156 -8.5938 -0.073902
10.156 -7.8125 -0.17368
10.156 -7.0313 -0.11355
10.156 -6.25 0.029584
10.156 -5.4688 0.086393
10.156 -4.6875 0.13299
10.156 -3.9063 0.13572
10.156 -3.125 0.090307
10.156 -2.3438 0.17539
10.156 -1.5625 0.20686
10.156 -0.78125 0.12825
10.156 0 0.16951
10.156 0.78125 0.15944
10.156 1.5625 0.10245
10.156 2.3438 0.1119
10.156 3.125 0.040634
10.156 3.9063 -0.036047
10.156 4.6875 -0.077157
10.156 5.4688 -0.009813
10.156 6.25 0.12454
10.156 7.0313 0.22774
10.156 7.8125 0.23922
10.156 8.5938 0.28215
10.156 9.375 0.26034
10.156 10.156 0.19653
10.156 10.938 0.14101
10.156 11.719 0.049113
10.156 12.5 -0.027493
10.156 13.281 0.058926
10.156 14.063 0.11331
10.156 14.844 0.11328
10.156 15.625 0.081421
10.156 16.406 0.065211
10.156 17.188 0.12622
10.156 17.969 0.14088
10.156 18.75 0.18467
10.156 19.531 0.17504
10.156 20.313 0.025821
10.156 21.094 -0.033791
10.156 21.875 0.029994
10.156 22.656 0.092293
10.156 23.438 0.1172
10.156 24.219 0.019084
10.156 25 0.0021351
10.938 -24.219 0.040394
10.938 -23.438 0.064241
10.938 -22.656 0.069704
10.938 -21.875 0.10043
10.938 -21.094 0.1131
10.938 -20.313 0.045378
10.938 -19.531 0.02405
10.938 -18.75 0.03259
10.938 -17.969 0.043699
10.938 -17.188 -0.016456
10.938 -16.406 -0.095799
10.938 -15.625 -0.026525
10.938 -14.844 0.1127
10.938 -14.063 0.26099
10.938 -13.281 0.25166
10.938 -12.5 0.16989
10.938 -11.719 0.060468
10.938 -10.938 -0.042746
10.938 -10.156 0.0043179
10.938 -9.375 -0.013819
10.938 -8.5938 -0.057821
10.938 -7.8125 -0.14728
10.938 -7.0313 -0.090251
10.938 -6.25 0.016543
10.938 -5.4688 0.089815
10.938 -4.6875 0.13438
10.938 -3.9063 0.16802
10.938 -3.125 0.14233
10.938 -2.3438 0.15419
10.938 -1.5625 0.15243
10.938 -0.78125 0.13215
10.938 0 0.15519
10.938 0.78125 0.11831
10.938 1.5625 0.12897
10.938 2.3438 0.1159
10.938 3.125 0.0011979
10.938 3.9063 -0.086177
10.938 4.6875 -0.11294
10.938 5.4688 -0.046885
10.938 6.25 0.064952
10.938 7.0313 0.19872
10.938 7.8125 0.22253
10.938 8.5938 0.25751
10.938 9.375 0.23976
10.938 10.156 0.13966
10.938 10.938 0.039968
10.938 11.719 -0.023851
10.938 12.5 -0.051528
10.938 13.281 0.015151
10.938 14.063 0.13794
10.938 14.844 0.14579
10.938 15.625 0.060821
10.938 16.406 0.039697
10.938 17.188 0.10377
10.938 17.969 0.12669
10.938 18.75 0.15334
10.938 19.531 0.054009
10.938 20.313 0.0019353
10.938 21.094 -0.074882
10.938 21.875 -0.074047
10.938 22.656 0.038024
10.938 23.438 0.096145
10.938 24.219 0.025861
10.938 25 0.033457
11.719 -24.219 0.053459
11.719 -23.438 -0.0029972
11.719 -22.656 -0.051853
11.719 -21.875 0.0070158
11.719 -21.094 0.028784
11.719 -20.313 -0.019876
11.719 -19.531 0.03943
11.719 -18.75 0.084385
11.719 -17.969 0.025033
11.719 -17.188 -0.027825
11.719 -16.406 -0.079362
11.719 -15.625 -0.080467
11.719 -14.844 0.06287
11.719 -14.063 0.24276
11.719 -13.281 0.2121
11.719 -12.5 0.12447
11.719 -11.719 0.078023
11.719 -10.938 -0.033524
11.719 -10.156 -0.04686
11.719 -9.375 0.0015774
11.719 -8.5938 -0.043283
11.719 -7.8125 -0.11478
11.719 -7.0313 -0.047374
11.719 -6.25 -0.025346
11.719 -5.4688 0.079828
11.719 -4.6875 0.13525
11.719 -3.9063 0.13104
11.719 -3.125 0.14913
11.719 -2.3438 0.12394
11.719 -1.5625 0.10621
11.719 -0.78125 0.15428
11.719 0 0.15032
11.719 0.78125 0.15151
11.719 1.5625 0.13711
11.719 2.3438 0.042625
11.719 3.125 -0.040847
11.719 3.9063 -0.10227
11.719 4.6875 -0.095967
11.719 5.4688 -0.071103
11.719 6.25 0.051021
11.719 7.0313 0.15958
11.719 7.8125 0.18705
11.719 8.5938 0.21943
11.719 9.375 0.1906
11.719 10.156 0.066048
11.719 10.938 0.0099302
11.719 11.719 -0.088225
11.719 12.5 -0.1128
11.719 13.281 -0.038494
11.719 14.063 0.10593
11.719 14.844 0.12297
11.719 15.625 0.0016854
11.719 16.406 -0.0057037
11.719 17.188 0.05103
11.719 17.969 0.045943
11.719 18.75 0.068906
11.719 19.531 -0.030397
11.719 20.313 -0.090955
11.719 21.094 -0.14631
11.719 21.875 -0.19349
11.719 22.656 -0.021195
11.719 23.438 0.045181
11.719 24.219 0.0019495
11.719 25 0.040508
12.5 -24.219 0.080253
12.5 -23.438 -0.036132
12.5 -22.656 -0.098198
12.5 -21.875 -0.042242
12.5 -21.094 -0.016191
12.5 -20.313 -0.0077231
12.5 -19.531 0.061906
12.5 -18.75 0.086939
12.5 -17.969 0.01323
12.5 -17.188 -0.06699
12.5 -16.406 -0.15361
12.5 -15.625 -0.14084
12.5 -14.844 0.041501
12.5 -14.063 0.19416
12.5 -13.281 0.19403
12.5 -12.5 0.126
12.5 -11.719 0.1003
12.5 -10.938 -0.032136
12.5 -10.156 -0.053879
12.5 -9.375 -0.0042935
12.5 -8.5938 -0.02691
12.5 -7.8125 -0.077029
12.5 -7.0313 -0.041779
12.5 -6.25 -0.021357
12.5 -5.4688 0.095519
12.5 -4.6875 0.13538
12.5 -3.9063 0.14769
12.5 -3.125 0.13865
12.5 -2.3438 0.019628
12.5 -1.5625 0.047458
12.5 -0.78125 0.15644
12.5 0 0.19291
12.5 0.78125 0.18045
12.5 1.5625 0.12552
12.5 2.3438 0.012076
12.5 3.125 -0.0245
12.5 3.9063 -0.063533
12.5 4.6875 -0.1075
12.5 5.4688 -0.069157
12.5 6.25 0.046528
12.5 7.0313 0.13104
12.5 7.8125 0.20135
12.5 8.5938 0.21931
12.5 9.375 0.15497
12.5 10.156 0.0070324
12.5 10.938 -0.11604
12.5 11.719 -0.20172
12.5 12.5 -0.19101
12.5 13.281 -0.052804
12.5 14.063 0.041942
12.5 14.844 0.063879
12.5 15.625 0.016462
12.5 16.406 0.012753
12.5 17.188 0.025538
12.5 17.969 0.0078474
12.5 18.75 -0.024909
12.5 19.531 -0.11751
12.5 20.313 -0.15302
12.5 21.094 -0.18073
12.5 21.875 -0.18721
12.5 22.656 -0.070274
12.5 23.438 0.0048494
12.5 24.219 0.015097
12.5 25 0.04797
13.281 -24.219 0.071193
13.281 -23.438 -0.0171
13.281 -22.656 -0.12329
13.281 -21.875 -0.094478
13.281 -21.094 -0.029727
13.281 -20.313 0.013552
13.281 -19.531 0.016759
13.281 -18.75 0.03802
13.281 -17.969 -0.025184
13.281 -17.188 -0.095802
13.281 -16.406 -0.12476
13.281 -15.625 -0.10731
13.281 -14.844 0.065625
13.281 -14.063 0.088552
13.281 -13.281 0.080337
13.281 -12.5 0.10267
13.281 -11.719 0.07904
13.281 -10.938 -0.010857
13.281 -10.156 -0.07135
13.281 -9.375 -0.051798
13.281 -8.5938 -0.03851
13.281 -7.8125 -0.04341
13.281 -7.0313 -0.046199
13.281 -6.25 0.034041
13.281 -5.4688 0.15674
13.281 -4.6875 0.15929
13.281 -3.9063 0.17447
13.281 -3.125 0.075318
13.281 -2.3438 -0.0062195
13.281 -1.5625 0.012875
13.281 -0.78125 0.12073
13.281 0 0.1482
13.281 0.78125 0.11905
13.281 1.5625 0.099369
13.281 2.3438 -0.0044656
13.281 3.125 -0.021126
13.281 3.9063 -0.055988
13.281 4.6875 -0.12837
13.281 5.4688 -0.12144
13.281 6.25 0.044588
13.281 7.0313 0.16538
13.281 7.8125 0.24904
13.281 8.5938 0.19987
13.281 9.375 0.068771
13.281 10.156 -0.094782
13.281 10.938 -0.2214
13.281 11.719 -0.2975
13.281 12.5 -0.22859
13.281 13.281 -0.067539
13.281 14.063 0.045282
13.281 14.844 0.07747
13.281 15.625 0.028747
13.281 16.406 -0.013168
13.281 17.188 0.033653
13.281 17.969 0.0069863
13.281 18.75 -0.10271
13.281 19.531 -0.20454
13.281 20.313 -0.18862
13.281 21.094 -0.214
13.281 21.875 -0.19542
13.281 22.656 -0.08822
13.281 23.438 -0.0097825
13.281 24.219 0.04987
13.281 25 0.10921
14.063 -24.219 -0.005111
14.063 -23.438 -0.079061
14.063 -22.656 -0.15062
14.063 -21.875 -0.14304
14.063 -21.094 -0.08667
14.063 -20.313 -0.028408
14.063 -19.531 -0.046962
14.063 -18.75 -0.088428
14.063 -17.969 -0.1353
14.063 -17.188 -0.14913
14.063 -16.406 -0.065265
14.063 -15.625 -0.03049
14.063 -14.844 0.016518
14.063 -14.063 0.035773
14.063 -13.281 0.0061652
14.063 -12.5 0.018235
14.063 -11.719 0.035025
14.063 -10.938 -0.036739
14.063 -10.156 -0.12203
14.063 -9.375 -0.1054
14.063 -8.5938 -0.10795
14.063 -7.8125 -0.086071
14.063 -7.0313 -0.037998
14.063 -6.25 0.070502
14.063 -5.4688 0.12851
14.063 -4.6875 0.18094
14.063 -3.9063 0.1354
14.063 -3.125 0.069847
14.063 -2.3438 0.0091558
14.063 -1.5625 -0.011437
14.063 -0.78125 0.075089
14.063 0 0.071799
14.063 0.78125 0.038283
14.063 1.5625 0.0097603
14.063 2.3438 -0.068435
14.063 3.125 -0.075257
14.063 3.9063 -0.082336
14.063 4.6875 -0.13881
14.063 5.4688 -0.17986
14.063 6.25 -0.0027148
14.063 7.0313 0.18793
14.063 7.8125 0.28638
14.063 8.5938 0.20646
14.063 9.375 -0.024755
14.063 10.156 -0.20729
14.063 10.938 -0.27648
14.063 11.719 -0.27657
14.063 12.5 -0.20798
14.063 13.281 -0.071826
14.063 14.063 0.068238
14.063 14.844 0.12628
14.063 15.625 0.059891
14.063 16.406 -0.01259
14.063 17.188 -0.040448
14.063 17.969 -0.091685
14.063 18.75 -0.14509
14.063 19.531 -0.17743
14.063 20.313 -0.20977
14.063 21.094 -0.23251
14.063 21.875 -0.22119
14.063 22.656 -0.152
14.063 23.438 -0.034676
14.063 24.219 0.051908
14.063 25 0.099062
14.844 -24.219 -0.037042
14.844 -23.438 -0.14206
14.844 -22.656 -0.18582
14.844 -21.875 -0.18914
14.844 -21.094 -0.11407
14.844 -20.313 -0.046784
14.844 -19.531 -0.10742
14.844 -18.75 -0.17763
14.844 -17.969 -0.21745
14.844 -17.188 -0.16752
14.844 -16.406 -0.074692
14.844 -15.625 -0.030729
14.844 -14.844 -0.028852
14.844 -14.063 -0.0031586
14.844 -13.281 0.0070859
14.844 -12.5 -0.035895
14.844 -11.719 -0.084974
14.844 -10.938 -0.11364
14.844 -10.156 -0.13911
14.844 -9.375 -0.16674
14.844 -8.5938 -0.11349
14.844 -7.8125 -0.1103
14.844 -7.0313 -0.074407
14.844 -6.25 0.061492
14.844 -5.4688 0.091516
14.844 -4.6875 0.14889
14.844 -3.9063 0.1186
14.844 -3.125 0.049158
14.844 -2.3438 -0.0083374
14.844 -1.5625 -0.034619
14.844 -0.78125 0.055073
14.844 0 0.054574
14.844 0.78125 0.022777
14.844 1.5625 -0.0055287
14.844 2.3438 -0.1249
14.844 3.125 -0.12816
14.844 3.9063 -0.15935
14.844 4.6875 -0.19226
14.844 5.4688 -0.17336
14.844 6.25 0.0062186
14.844 7.0313 0.19443
14.844 7.8125 0.28103
14.844 8.5938 0.17619
14.844 9.375 -0.10011
14.844 10.156 -0.24601
14.844 10.938 -0.28862
14.844 11.719 -0.2023
14.844 12.5 -0.164
14.844 13.281 -0.085179
14.844 14.063 0.12466
14.844 14.844 0.14562
14.844 15.625 0.077758
14.844 16.406 -0.0276
14.844 17.188 -0.093585
14.844 17.969 -0.15337
14.844 18.75 -0.18383
14.844 19.531 -0.16999
14.844 20.313 -0.19284
14.844 21.094 -0.21424
14.844 21.875 -0.23707
14.844 22.656 -0.19059
14.844 23.438 -0.071393
14.844 24.219 0.035003
14.844 25 0.081886
15.625 -24.219 -0.088081
15.625 -23.438 -0.13875
15.625 -22.656 -0.22432
15.625 -21.875 -0.28336
15.625 -21.094 -0.1648
15.625 -20.313 -0.071995
15.625 -19.531 -0.14586
15.625 -18.75 -0.23416
15.625 -17.969 -0.25541
15.625 -17.188 -0.20231
15.625 -16.406 -0.088416
15.625 -15.625 -0.059007
15.625 -14.844 -0.044365
15.625 -14.063 -0.042584
15.625 -13.281 -0.052095
15.625 -12.5 -0.12594
15.625 -11.719 -0.19753
15.625 -10.938 -0.18101
15.625 -10.156 -0.23157
15.625 -9.375 -0.19123
15.625 -8.5938 -0.10446
15.625 -7.8125 -0.10705
15.625 -7.0313 -0.0462
15.625 -6.25 0.056385
15.625 -5.4688 0.10162
15.625 -4.6875 0.14046
15.625 -3.9063 0.081961
15.625 -3.125 0.016811
15.625 -2.3438 -0.031799
15.625 -1.5625 -0.032832
15.625 -0.78125 0.012822
15.625 0 0.04894
15.625 0.78125 0.089043
15.625 1.5625 0.024362
15.625 2.3438 -0.11576
15.625 3.125 -0.1223
15.625 3.9063 -0.20671
15.625 4.6875 -0.19384
15.625 5.4688 -0.096956
15.625 6.25 0.063958
15.625 7.0313 0.15643
15.625 7.8125 0.18516
15.625 8.5938 0.11667
15.625 9.375 -0.076
15.625 10.156 -0.25198
15.625 10.938 -0.29153
15.625 11.719 -0.23191
15.625 12.5 -0.2154
15.625 13.281 -0.055427
15.625 14.063 0.11055
15.625 14.844 0.12679
15.625 15.625 0.087573
15.625 16.406 -0.034132
15.625 17.188 -0.15103
15.625 17.969 -0.20491
15.625 18.75 -0.22707
15.625 19.531 -0.20401
15.625 20.313 -0.23456
15.625 21.094 -0.2482
15.625 21.875 -0.2526
15.625 22.656 -0.22554
15.625 23.438 -0.076146
15.625 24.219 0.025872
15.625 25 0.073164
16.406 -24.219 -0.026138
16.406 -23.438 -0.095942
16.406 -22.656 -0.22711
16.406 -21.875 -0.2924
16.406 -21.094 -0.1831
16.406 -20.313 -0.10482
16.406 -19.531 -0.10963
16.406 -18.75 -0.1607
16.406 -17.969 -0.25916
16.406 -17.188 -0.27466
16.406 -16.406 -0.14908
16.406 -15.625 -0.068086
16.406 -14.844 -0.071699
16.406 -14.063 -0.086437
16.406 -13.281 -0.08281
16.406 -12.5 -0.14164
16.406 -11.719 -0.2083
16.406 -10.938 -0.18993
16.406 -10.156 -0.23399
16.406 -9.375 -0.18254
16.406 -8.5938 -0.12994
16.406 -7.8125 -0.0819
16.406 -7.0313 -0.04273
16.406 -6.25 -0.012891
16.406 -5.4688 0.069836
16.406 -4.6875 0.12936
16.406 -3.9063 0.11386
16.406 -3.125 0.060551
16.406 -2.3438 -0.01492
16.406 -1.5625 -0.035133
16.406 -0.78125 -0.038457
16.406 0 0.057394
16.406 0.78125 0.11688
16.406 1.5625 0.070387
16.406 2.3438 -0.036676
16.406 3.125 -0.020518
16.406 3.9063 -0.11835
16.406 4.6875 -0.17381
16.406 5.4688 -0.028719
16.406 6.25 0.12834
16.406 7.0313 0.16753
16.406 7.8125 0.17121
16.406 8.5938 0.075265
16.406 9.375 -0.016945
16.406 10.156 -0.18714
16.406 10.938 -0.23386
16.406 11.719 -0.22945
16.406 12.5 -0.13849
16.406 13.281 0.0073758
16.406 14.063 0.099527
16.406 14.844 0.098371
16.406 15.625 0.05322
16.406 16.406 -0.037635
16.406 17.188 -0.21269
16.406 17.969 -0.23669
16.406 18.75 -0.18412
16.406 19.531 -0.18369
16.406 20.313 -0.27845
16.406 21.094 -0.30005
16.406 21.875 -0.26243
16.406 22.656 -0.2673
16.406 23.438 -0.089452
16.406 24.219 0.038177
16.406 25 0.053295
17.188 -24.219 0.027548
17.188 -23.438 -0.070328
17.188 -22.656 -0.22448
17.188 -21.875 -0.26183
17.188 -21.094 -0.17219
17.188 -20.313 -0.069623
17.188 -19.531 -0.11651
17.188 -18.75 -0.14154
17.188 -17.969 -0.1979
17.188 -17.188 -0.21097
17.188 -16.406 -0.11808
17.188 -15.625 -0.059764
17.188 -14.844 -0.12693
17.188 -14.063 -0.1538
17.188 -13.281 -0.12712
17.188 -12.5 -0.16722
17.188 -11.719 -0.1975
17.188 -10.938 -0.14617
17.188 -10.156 -0.19334
17.188 -9.375 -0.18688
17.188 -8.5938 -0.12058
17.188 -7.8125 -0.047156
17.188 -7.0313 -0.024678
17.188 -6.25 -0.020165
17.188 -5.4688 0.0090999
17.188 -4.6875 0.068314
17.188 -3.9063 0.10959
17.188 -3.125 0.065967
17.188 -2.3438 -0.0068154
17.188 -1.5625 -0.05136
17.188 -0.78125 -0.050392
17.188 0 0.069926
17.188 0.78125 0.19198
17.188 1.5625 0.18112
17.188 2.3438 0.069032
17.188 3.125 0.043624
17.188 3.9063 -0.077206
17.188 4.6875 -0.1476
17.188 5.4688 0.00010063
17.188 6.25 0.16631
17.188 7.0313 0.21197
17.188 7.8125 0.13153
17.188 8.5938 0.037361
17.188 9.375 -0.0012821
17.188 10.156 -0.12417
17.188 10.938 -0.17662
17.188 11.719 -0.1546
17.188 12.5 -0.04618
17.188 13.281 0.059041
17.188 14.063 0.093937
17.188 14.844 0.093901
17.188 15.625 0.027006
17.188 16.406 -0.10337
17.188 17.188 -0.22204
17.188 17.969 -0.2169
17.188 18.75 -0.17872
17.188 19.531 -0.16183
17.188 20.313 -0.25957
17.188 21.094 -0.32915
17.188 21.875 -0.2772
17.188 22.656 -0.21336
17.188 23.438 -0.058179
17.188 24.219 0.037332
17.188 25 0.063778
17.969 -24.219 0.03745
17.969 -23.438 -0.081668
17.969 -22.656 -0.21996
17.969 -21.875 -0.22272
17.969 -21.094 -0.11431
17.969 -20.313 -0.021879
17.969 -19.531 -0.056416
17.969 -18.75 -0.10647
17.969 -17.969 -0.12288
17.969 -17.188 -0.1434
17.969 -16.406 -0.084803
17.969 -15.625 -0.076759
17.969 -14.844 -0.14329
17.969 -14.063 -0.18993
17.969 -13.281 -0.16731
17.969 -12.5 -0.14652
17.969 -11.719 -0.20673
17.969 -10.938 -0.14429
17.969 -10.156 -0.18696
17.969 -9.375 -0.1348
17.969 -8.5938 -0.10108
17.969 -7.8125 -0.04405
17.969 -7.0313 -0.032994
17.969 -6.25 -0.022847
17.969 -5.4688 -0.060495
17.969 -4.6875 0.0067466
17.969 -3.9063 -0.016345
17.969 -3.125 0.0051237
17.969 -2.3438 -0.014122
17.969 -1.5625 -0.059431
17.969 -0.78125 -0.062492
17.969 0 0.097743
17.969 0.78125 0.26983
17.969 1.5625 0.22973
17.969 2.3438 0.11932
17.969 3.125 0.058617
17.969 3.9063 -0.052975
17.969 4.6875 -0.096427
17.969 5.4688 0.021669
17.969 6.25 0.15262
17.969 7.0313 0.19865
17.969 7.8125 0.10408
17.969 8.5938 0.033548
17.969 9.375 -0.04445
17.969 10.156 -0.13731
17.969 10.938 -0.14905
17.969 11.719 -0.10574
17.969 12.5 -0.032562
17.969 13.281 0.098756
17.969 14.063 0.19184
17.969 14.844 0.13509
17.969 15.625 0.049724
17.969 16.406 -0.092246
17.969 17.188 -0.20799
17.969 17.969 -0.19893
17.969 18.75 -0.15561
17.969 19.531 -0.17746
17.969 20.313 -0.22013
17.969 21.094 -0.28303
17.969 21.875 -0.27712
17.969 22.656 -0.12772
17.969 23.438 -0.016764
17.969 24.219 0.046866
17.969 25 0.071604
18.75 -24.219 0.039424
18.75 -23.438 -0.096348
18.75 -22.656 -0.2374
18.75 -21.875 -0.20544
18.75 -21.094 -0.12042
18.75 -20.313 -0.055422
18.75 -19.531 -0.06627
18.75 -18.75 -0.096051
18.75 -17.969 -0.13363
18.75 -17.188 -0.097553
18.75 -16.406 -0.027402
18.75 -15.625 -0.096982
18.75 -14.844 -0.16009
18.75 -14.063 -0.2141
18.75 -13.281 -0.15944
18.75 -12.5 -0.1241
18.75 -11.719 -0.14798
18.75 -10.938 -0.14162
18.75 -10.156 -0.15605
18.75 -9.375 -0.10667
18.75 -8.5938 -0.076804
18.75 -7.8125 -0.047869
18.75 -7.0313 -0.049235
18.75 -6.25 -0.086374
18.75 -5.4688 -0.046716
18.75 -4.6875 -0.0316
18.75 -3.9063 -0.075994
18.75 -3.125 -0.022727
18.75 -2.3438 -0.071851
18.75 -1.5625 -0.10238
18.75 -0.78125 -0.076928
18.75 0 0.13605
18.75 0.78125 0.25683
18.75 1.5625 0.24968
18.75 2.3438 0.18541
18.75 3.125 0.078612
18.75 3.9063 -0.073685
18.75 4.6875 -0.11021
18.75 5.4688 0.0038616
18.75 6.25 0.1064
18.75 7.0313 0.14562
18.75 7.8125 0.07469
18.75 8.5938 -0.025224
18.75 9.375 -0.058653
18.75 10.156 -0.13124
18.75 10.938 -0.1314
18.75 11.719 -0.11288
18.75 12.5 -0.023727
18.75 13.281 0.13435
18.75 14.063 0.22067
18.75 14.844 0.18241
18.75 15.625 0.071733
18.75 16.406 -0.060262
18.75 17.188 -0.14602
18.75 17.969 -0.14849
18.75 18.75 -0.14336
18.75 19.531 -0.13229
18.75 20.313 -0.12958
18.75 21.094 -0.18038
18.75 21.875 -0.21241
18.75 22.656 -0.088897
18.75 23.438 -0.013703
18.75 24.219 0.022213
18.75 25 0.10191
19.531 -24.219 0.00028277
19.531 -23.438 -0.10494
19.531 -22.656 -0.18522
19.531 -21.875 -0.19101
19.531 -21.094 -0.1209
19.531 -20.313 -0.062656
19.531 -19.531 -0.060931
19.531 -18.75 -0.078314
19.531 -17.969 -0.082034
19.531 -17.188 -0.052278
19.531 -16.406 -0.039341
19.531 -15.625 -0.11141
19.531 -14.844 -0.22045
19.531 -14.063 -0.21419
19.531 -13.281 -0.1725
19.531 -12.5 -0.12851
19.531 -11.719 -0.11638
19.531 -10.938 -0.12293
19.531 -10.156 -0.1382
19.531 -9.375 -0.080797
19.531 -8.5938 -0.055988
19.531 -7.8125 -0.034513
19.531 -7.0313 -0.036359
19.531 -6.25 -0.080523
19.531 -5.4688 -0.045771
19.531 -4.6875 -0.098173
19.531 -3.9063 -0.090354
19.531 -3.125 -0.10648
19.531 -2.3438 -0.14848
19.531 -1.5625 -0.1633
19.531 -0.78125 -0.08978
19.531 0 0.12781
19.531 0.78125 0.27521
19.531 1.5625 0.20902
19.531 2.3438 0.20276
19.531 3.125 0.018552
19.531 3.9063 -0.15603
19.531 4.6875 -0.12437
19.531 5.4688 0.025685
19.531 6.25 0.080541
19.531 7.0313 0.066589
19.531 7.8125 -0.0031357
19.531 8.5938 -0.055927
19.531 9.375 -0.057028
19.531 10.156 -0.11983
19.531 10.938 -0.11488
19.531 11.719 -0.11159
19.531 12.5 0.0036907
19.531 13.281 0.13559
19.531 14.063 0.21025
19.531 14.844 0.19171
19.531 15.625 0.083583
19.531 16.406 0.019606
19.531 17.188 -0.042715
19.531 17.969 -0.042904
19.531 18.75 -0.010904
19.531 19.531 0.0088166
19.531 20.313 -0.040978
19.531 21.094 -0.11012
19.531 21.875 -0.11216
19.531 22.656 -0.080444
19.531 23.438 0.0024667
19.531 24.219 0.047068
19.531 25 0.081259
20.313 -24.219 0.0087143
20.313 -23.438 -0.053453
20.313 -22.656 -0.13191
20.313 -21.875 -0.15924
20.313 -21.094 -0.086114
20.313 -20.313 -0.099948
20.313 -19.531 -0.076208
20.313 -18.75 -0.036134
20.313 -17.969 -0.051484
20.313 -17.188 -0.064895
20.313 -16.406 -0.064194
20.313 -15.625 -0.14583
20.313 -14.844 -0.18757
20.313 -14.063 -0.20924
20.313 -13.281 -0.16291
20.313 -12.5 -0.15399
20.313 -11.719 -0.096582
20.313 -10.938 -0.097288
20.313 -10.156 -0.067161
20.313 -9.375 -0.061644
20.313 -8.5938 -0.085843
20.313 -7.8125 -0.065855
20.313 -7.0313 -0.11364
20.313 -6.25 -0.12181
20.313 -5.4688 -0.082634
20.313 -4.6875 -0.12278
20.313 -3.9063 -0.1136
20.313 -3.125 -0.1112
20.313 -2.3438 -0.15325
20.313 -1.5625 -0.20959
20.313 -0.78125 -0.14787
20.313 0 0.090877
20.313 0.78125 0.26038
20.313 1.5625 0.21833
20.313 2.3438 0.14419
20.313 3.125 -0.027078
20.313 3.9063 -0.18014
20.313 4.6875 -0.13849
20.313 5.4688 0.014374
20.313 6.25 0.062911
20.313 7.0313 0.029071
20.313 7.8125 -0.065234
20.313 8.5938 -0.1114
20.313 9.375 -0.10203
20.313 10.156 -0.13413
20.313 10.938 -0.12373
20.313 11.719 -0.090416
20.313 12.5 -0.021808
20.313 13.281 0.12069
20.313 14.063 0.22542
20.313 14.844 0.17111
20.313 15.625 0.11862
20.313 16.406 0.042589
20.313 17.188 0.010769
20.313 17.969 0.076241
20.313 18.75 0.13135
20.313 19.531 0.13248
20.313 20.313 0.030115
20.313 21.094 -0.060574
20.313 21.875 -0.071511
20.313 22.656 -0.13796
20.313 23.438 -0.033403
20.313 24.219 0.12126
20.313 25 0.10855
21.094 -24.219 0.028836
21.094 -23.438 -0.044445
21.094 -22.656 -0.086723
21.094 -21.875 -0.1129
21.094 -21.094 -0.054543
21.094 -20.313 -0.079868
21.094 -19.531 -0.06569
21.094 -18.75 0.040771
21.094 -17.969 0.0060518
21.094 -17.188 -0.012675
21.094 -16.406 -0.059931
21.094 -15.625 -0.15628
21.094 -14.844 -0.17962
21.094 -14.063 -0.17227
21.094 -13.281 -0.13371
21.094 -12.5 -0.10842
21.094 -11.719 -0.056939
21.094 -10.938 -0.066734
21.094 -10.156 -0.050882
21.094 -9.375 -0.069974
21.094 -8.5938 -0.097741
21.094 -7.8125 -0.11853
21.094 -7.0313 -0.12498
21.094 -6.25 -0.13247
21.094 -5.4688 -0.10558
21.094 -4.6875 -0.16129
21.094 -3.9063 -0.14918
21.094 -3.125 -0.11824
21.094 -2.3438 -0.16641
21.094 -1.5625 -0.23014
21.094 -0.78125 -0.13821
21.094 0 0.063327
21.094 0.78125 0.20233
21.094 1.5625 0.17634
21.094 2.3438 0.095834
21.094 3.125 -0.050073
21.094 3.9063 -0.12019
21.094 4.6875 -0.085324
21.094 5.4688 0.029166
21.094 6.25 0.0073863
21.094 7.0313 0.016313
21.094 7.8125 -0.039957
21.094 8.5938 -0.13201
21.094 9.375 -0.15869
21.094 10.156 -0.17695
21.094 10.938 -0.15183
21.094 11.719 -0.1141
21.094 12.5 0.0063972
21.094 13.281 0.15039
21.094 14.063 0.18239
21.094 14.844 0.097094
21.094 15.625 0.047466
21.094 16.406 0.043625
21.094 17.188 0.056692
21.094 17.969 0.1287
21.094 18.75 0.15443
21.094 19.531 0.16435
21.094 20.313 0.066156
21.094 21.094 -0.058369
21.094 21.875 -0.10637
21.094 22.656 -0.13924
21.094 23.438 0.0040312
21.094 24.219 0.12185
21.094 25 0.13932
21.875 -24.219 0.0090441
21.875 -23.438 -0.045722
21.875 -22.656 -0.10241
21.875 -21.875 -0.1102
21.875 -21.094 -0.021144
21.875 -20.313 0.0024721
21.875 -19.531 -0.015355
21.875 -18.75 0.050979
21.875 -17.969 0.052229
21.875 -17.188 -0.034469
21.875 -16.406 -0.0767
21.875 -15.625 -0.12923
21.875 -14.844 -0.17632
21.875 -14.063 -0.13765
21.875 -13.281 -0.017233
21.875 -12.5 0.034693
21.875 -11.719 0.033158
21.875 -10.938 -0.013844
21.875 -10.156 -0.083994
21.875 -9.375 -0.085093
21.875 -8.5938 -0.11096
21.875 -7.8125 -0.10605
21.875 -7.0313 -0.097257
21.875 -6.25 -0.044002
21.875 -5.4688 -0.08496
21.875 -4.6875 -0.1785
21.875 -3.9063 -0.17773
21.875 -3.125 -0.17818
21.875 -2.3438 -0.17718
21.875 -1.5625 -0.21874
21.875 -0.78125 -0.085557
21.875 0 0.096915
21.875 0.78125 0.16892
21.875 1.5625 0.15154
21.875 2.3438 0.060825
21.875 3.125 -0.10577
21.875 3.9063 -0.13503
21.875 4.6875 -0.12707
21.875 5.4688 -0.054655
21.875 6.25 -0.049728
21.875 7.0313 -0.057789
21.875 7.8125 -0.099682
21.875 8.5938 -0.17958
21.875 9.375 -0.17208
21.875 10.156 -0.21458
21.875 10.938 -0.15785
21.875 11.719 -0.066383
21.875 12.5 0.051098
21.875 13.281 0.10207
21.875 14.063 0.099248
21.875 14.844 -0.024242
21.875 15.625 -0.043428
21.875 16.406 -0.045241
21.875 17.188 0.033621
21.875 17.969 0.14832
21.875 18.75 0.21846
21.875 19.531 0.15625
21.875 20.313 0.060495
21.875 21.094 -0.067517
21.875 21.875 -0.096907
21.875 22.656 -0.089376
21.875 23.438 0.012409
21.875 24.219 0.10545
21.875 25 0.10034
22.656 -24.219 -0.012502
22.656 -23.438 -0.053837
22.656 -22.656 -0.12992
22.656 -21.875 -0.099573
22.656 -21.094 0.019694
22.656 -20.313 0.048196
22.656 -19.531 0.027564
22.656 -18.75 0.048531
22.656 -17.969 0.052889
22.656 -17.188 -0.098734
22.656 -16.406 -0.11799
22.656 -15.625 -0.077122
22.656 -14.844 -0.08516
22.656 -14.063 -0.01411
22.656 -13.281 0.12589
22.656 -12.5 0.15995
22.656 -11.719 0.12169
22.656 -10.938 0.054128
22.656 -10.156 0.0043281
22.656 -9.375 -0.01964
22.656 -8.5938 -0.04735
22.656 -7.8125 -0.015393
22.656 -7.0313 -0.043716
22.656 -6.25 -0.042849
22.656 -5.4688 -0.074865
22.656 -4.6875 -0.147
22.656 -3.9063 -0.15373
22.656 -3.125 -0.14015
22.656 -2.3438 -0.16677
22.656 -1.5625 -0.1967
22.656 -0.78125 -0.0057943
22.656 0 0.16811
22.656 0.78125 0.19469
22.656 1.5625 0.11077
22.656 2.3438 -0.036686
22.656 3.125 -0.16652
22.656 3.9063 -0.18241
22.656 4.6875 -0.2034
22.656 5.4688 -0.11243
22.656 6.25 -0.074556
22.656 7.0313 -0.047409
22.656 7.8125 -0.14243
22.656 8.5938 -0.17647
22.656 9.375 -0.14347
22.656 10.156 -0.16749
22.656 10.938 -0.14338
22.656 11.719 -0.078725
22.656 12.5 0.037508
22.656 13.281 0.047886
22.656 14.063 -0.025385
22.656 14.844 -0.10719
22.656 15.625 -0.1532
22.656 16.406 -0.10724
22.656 17.188 0.014066
22.656 17.969 0.099364
22.656 18.75 0.19515
22.656 19.531 0.14735
22.656 20.313 0.022413
22.656 21.094 -0.060473
22.656 21.875 -0.051296
22.656 22.656 -0.064739
22.656 23.438 -0.0023164
22.656 24.219 0.098371
22.656 25 0.044818
23.438 -24.219 0.0051699
23.438 -23.438 -0.048596
23.438 -22.656 -0.08501
23.438 -21.875 -0.019443
23.438 -21.094 0.11015
23.438 -20.313 0.081288
23.438 -19.531 0.10065
23.438 -18.75 0.076008
23.438 -17.969 0.010323
23.438 -17.188 -0.13293
23.438 -16.406 -0.11789
23.438 -15.625 -0.065593
23.438 -14.844 0.0033623
23.438 -14.063 0.073204
23.438 -13.281 0.16694
23.438 -12.5 0.26161
23.438 -11.719 0.22377
23.438 -10.938 0.12591
23.438 -10.156 0.085618
23.438 -9.375 -0.0098317
23.438 -8.5938 -0.0032651
23.438 -7.8125 0.086465
23.438 -7.0313 0.051432
23.438 -6.25 -0.011391
23.438 -5.4688 -0.032314
23.438 -4.6875 -0.088309
23.438 -3.9063 -0.063182
23.438 -3.125 -0.095901
23.438 -2.3438 -0.12878
23.438 -1.5625 -0.079863
23.438 -0.78125 0.067101
23.438 0 0.18132
23.438 0.78125 0.19286
23.438 1.5625 0.055772
23.438 2.3438 -0.060233
23.438 3.125 -0.16899
23.438 3.9063 -0.2388
23.438 4.6875 -0.23246
23.438 5.4688 -0.15923
23.438 6.25 -0.020135
23.438 7.0313 -0.019171
23.438 7.8125 -0.14442
23.438 8.5938 -0.11498
23.438 9.375 -0.073365
23.438 10.156 -0.076227
23.438 10.938 -0.038174
23.438 11.719 -0.037698
23.438 12.5 0.0038479
23.438 13.281 -0.0039237
23.438 14.063 -0.072749
23.438 14.844 -0.17901
23.438 15.625 -0.17919
23.438 16.406 -0.067031
23.438 17.188 0.057958
23.438 17.969 0.10278
23.438 18.75 0.18644
23.438 19.531 0.078368
23.438 20.313 -0.0046539
23.438 21.094 -0.032672
23.438 21.875 -0.020159
23.438 22.656 0.015729
23.438 23.438 0.0061503
23.438 24.219 0.10496
23.438 25 0.10588
24.219 -24.219 0.055737
24.219 -23.438 -0.037681
24.219 -22.656 -0.04721
24.219 -21.875 0.053174
24.219 -21.094 0.17058
24.219 -20.313 0.14795
24.219 -19.531 0.10305
24.219 -18.75 0.015976
24.219 -17.969 -0.054982
24.219 -17.188 -0.086774
24.219 -16.406 -0.06227
24.219 -15.625 -0.015894
24.219 -14.844 0.060169
24.219 -14.063 0.1345
24.219 -13.281 0.19263
24.219 -12.5 0.31805
24.219 -11.719 0.28638
24.219 -10.938 0.15103
24.219 -10.156 0.10102
24.219 -9.375 0.061863
24.219 -8.5938 0.059634
24.219 -7.8125 0.094469
24.219 -7.0313 0.078197
24.219 -6.25 -0.038229
24.219 -5.4688 -0.057101
24.219 -4.6875 -0.049332
24.219 -3.9063 -0.028695
24.219 -3.125 -0.069309
24.219 -2.3438 -0.06662
24.219 -1.5625 0.0017733
24.219 -0.78125 0.10231
24.219 0 0.16725
24.219 0.78125 0.16648
24.219 1.5625 0.052618
24.219 2.3438 -0.031044
24.219 3.125 -0.10239
24.219 3.9063 -0.22148
24.219 4.6875 -0.23826
24.219 5.4688 -0.1264
24.219 6.25 -0.011754
24.219 7.0313 -0.042284
24.219 7.8125 -0.081546
24.219 8.5938 -0.075773
24.219 9.375 -0.045416
24.219 10.156 0.0016455
24.219 10.938 0.038832
24.219 11.719 0.005903
24.219 12.5 -0.066703
24.219 13.281 -0.062991
24.219 14.063 -0.12795
24.219 14.844 -0.18996
24.219 15.625 -0.10428
24.219 16.406 0.015088
24.219 17.188 0.048782
24.219 17.969 0.094794
24.219 18.75 0.11315
24.219 19.531 0.035475
24.219 20.313 -0.025094
24.219 21.094 0.02596
24.219 21.875 0.072809
24.219 22.656 0.053061
24.219 23.438 0.028801
24.219 24.219 0.14662
24.219 25 0.16024
25 -24.219 0.076151
25 -23.438 -0.028354
25 -22.656 -0.019497
25 -21.875 0.062073
25 -21.094 0.17645
25 -20.313 0.15999
25 -19.531 0.10579
25 -18.75 0.040997
25 -17.969 -0.077801
25 -17.188 -0.080926
25 -16.406 -0.019747
25 -15.625 -0.010231
25 -14.844 0.051273
25 -14.063 0.13665
25 -13.281 0.28123
25 -12.5 0.35083
25 -11.719 0.30489
25 -10.938 0.20135
25 -10.156 0.1384
25 -9.375 0.11026
25 -8.5938 0.10287
25 -7.8125 0.094029
25 -7.0313 0.064656
25 -6.25 -0.013253
25 -5.4688 -0.10343
25 -4.6875 -0.027503
25 -3.9063 0.037179
25 -3.125 0.046882
25 -2.3438 0.060698
25 -1.5625 0.074766
25 -0.78125 0.14767
25 0 0.16159
25 0.78125 0.16091
25 1.5625 0.081697
25 2.3438 0.025813
25 3.125 -0.048031
25 3.9063 -0.17087
25 4.6875 -0.19148
25 5.4688 -0.07972
25 6.25 0.002887
25 7.0313 0.0145
25 7.8125 -0.0031424
25 8.5938 -0.015852
25 9.375 0.058636
25 10.156 0.05188
25 10.938 0.021322
25 11.719 0.0027103
25 12.5 -0.048397
25 13.281 -0.059321
25 14.063 -0.083323
25 14.844 -0.099516
25 15.625 -0.040057
25 16.406 0.081674
25 17.188 0.14711
25 17.969 0.17154
25 18.75 0.06931
25 19.531 -0.040304
25 20.313 -0.064409
25 21.094 0.060033
25 21.875 0.16849
25 22.656 0.12458
25 23.438 0.097805
25 24.219 0.13494
25 25 0.13703
