-24.219 -24.219 0.11764
-24.219 -23.438 0.072607
-24.219 -22.656 -0.0026543
-24.219 -21.875 -0.046095
-24.219 -21.094 -0.17916
-24.219 -20.313 -0.18428
-24.219 -19.531 -0.2481
-24.219 -18.75 -0.1377
-24.219 -17.969 0.014303
-24.219 -17.188 0.17792
-24.219 -16.406 0.15659
-24.219 -15.625 0.059635
-24.219 -14.844 -0.03935
-24.219 -14.063 -0.070944
-24.219 -13.281 -0.10473
-24.219 -12.5 0.011518
-24.219 -11.719 0.084467
-24.219 -10.938 0.11012
-24.219 -10.156 0.053753
-24.219 -9.375 0.077099
-24.219 -8.5938 0.082997
-24.219 -7.8125 0.11921
-24.219 -7.0313 0.13757
-24.219 -6.25 0.16784
-24.219 -5.4688 0.16631
-24.219 -4.6875 0.16554
-24.219 -3.9063 0.11604
-24.219 -3.125 0.067644
-24.219 -2.3438 -0.031172
-24.219 -1.5625 -0.078237
-24.219 -0.78125 -0.084538
-24.219 0 0.042433
-24.219 0.78125 0.11911
-24.219 1.5625 0.23695
-24.219 2.3438 0.15096
-24.219 3.125 0.051045
-24.219 3.9063 -0.061977
-24.219 4.6875 -0.11169
-24.219 5.4688 -0.072053
-24.219 6.25 0.043713
-24.219 7.0313 0.06588
-24.219 7.8125 0.15313
-24.219 8.5938 0.0835
-24.219 9.375 -0.040864
-24.219 10.156 -0.046174
-24.219 10.938 0.0053776
-24.219 11.719 0.079818
-24.219 12.5 0.14322
-24.219 13.281 0.13381
-24.219 14.063 0.10397
-24.219 14.844 0.10935
-24.219 15.625 0.12534
-24.219 16.406 0.051783
-24.219 17.188 0.078201
-24.219 17.969 0.18761
-24.219 18.75 0.23754
-24.219 19.531 0.074256
-24.219 20.313 -0.052485
-24.219 21.094 -0.15194
-24.219 21.875 -0.16214
-24.219 22.656 -0.12039
-24.219 23.438 -0.061213
-24.219 24.219 0.013309
-24.219 25 0.13838
-23.438 -24.219 0.098345
-23.438 -23.438 0.092736
-23.438 -22.656 0.04989
-23.438 -21.875 -0.042096
-23.438 -21.094 -0.17243
-23.438 -20.313 -0.17968
-23.438 -19.531 -0.20164
-23.438 -18.75 -0.041874
-23.438 -17.969 0.065294
-23.438 -17.188 0.12428
-23.438 -16.406 0.1229
-23.438 -15.625 0.040125
-23.438 -14.844 -0.049183
-23.438 -14.063 -0.031296
-23.438 -13.281 -0.039125
-23.438 -12.5 0.041136
-23.438 -11.719 0.07534
-23.438 -10.938 0.065379
-23.438 -10.156 0.082449
-23.438 -9.375 0.090226
-23.438 -8.5938 0.065888
-23.438 -7.8125 0.098316
-23.438 -7.0313 0.15205
-23.438 -6.25 0.15759
-23.438 -5.4688 0.11816
-23.438 -4.6875 0.17063
-23.438 -3.9063 0.15753
-23.438 -3.125 0.12375
-23.438 -2.3438 0.050299
-23.438 -1.5625 -0.079226
-23.438 -0.78125 -0.040002
-23.438 0 0.10174
-23.438 0.78125 0.14721
-23.438 1.5625 0.17948
-23.438 2.3438 0.085162
-23.438 3.125 -0.018075
-23.438 3.9063 -0.12459
-23.438 4.6875 -0.14515
-23.438 5.4688 -0.020344
-23.438 6.25 0.093602
-23.438 7.0313 0.07682
-23.438 7.8125 0.11033
-23.438 8.5938 0.01635
-23.438 9.375 -0.083929
-23.438 10.156 -0.067135
-23.438 10.938 -0.048204
-23.438 11.719 0.052201
-23.438 12.5 0.11748
-23.438 13.281 0.11682
-23.438 14.063 0.070563
-23.438 14.844 0.10918
-23.438 15.625 0.1543
-23.438 16.406 0.14492
-23.438 17.188 0.11124
-23.438 17.969 0.2192
-23.438 18.75 0.27842
-23.438 19.531 0.11407
-23.438 20.313 -0.010865
-23.438 21.094 -0.10583
-23.438 21.875 -0.13741
-23.438 22.656 -0.1644
-23.438 23.438 -0.09644
-23.438 24.219 0.014782
-23.438 25 0.13292
-22.656 -24.219 0.07435
-22.656 -23.438 0.097832
-22.656 -22.656 0.075493
-22.656 -21.875 -0.054202
-22.656 -21.094 -0.12684
-22.656 -20.313 -0.11398
-22.656 -19.531 -0.1305
-22.656 -18.75 0.028841
-22.656 -17.969 0.06926
-22.656 -17.188 0.077079
-22.656 -16.406 0.074873
-22.656 -15.625 0.0078912
-22.656 -14.844 -0.0085614
-22.656 -14.063 -0.00013211
-22.656 -13.281 0.0044057
-22.656 -12.5 0.0090022
-22.656 -11.719 0.048474
-22.656 -10.938 0.12039
-22.656 -10.156 0.12166
-22.656 -9.375 0.071535
-22.656 -8.5938 0.076496
-22.656 -7.8125 0.087303
-22.656 -7.0313 0.16631
-22.656 -6.25 0.14166
-22.656 -5.4688 0.13559
-22.656 -4.6875 0.15466
-22.656 -3.9063 0.14192
-22.656 -3.125 0.070433
-22.656 -2.3438 0.055488
-22.656 -1.5625 -0.049209
-22.656 -0.78125 0.039519
-22.656 0 0.20167
-22.656 0.78125 0.25116
-22.656 1.5625 0.17782
-22.656 2.3438 0.044233
-22.656 3.125 -0.096105
-22.656 3.9063 -0.16759
-22.656 4.6875 -0.13497
-22.656 5.4688 0.037503
-22.656 6.25 0.14885
-22.656 7.0313 0.11836
-22.656 7.8125 0.058785
-22.656 8.5938 0.0036461
-22.656 9.375 -0.062248
-22.656 10.156 -0.093894
-22.656 10.938 -0.054681
-22.656 11.719 0.075696
-22.656 12.5 0.080176
-22.656 13.281 0.11081
-22.656 14.063 0.095049
-22.656 14.844 0.14969
-22.656 15.625 0.20529
-22.656 16.406 0.19633
-22.656 17.188 0.19578
-22.656 17.969 0.23578
-22.656 18.75 0.23022
-22.656 19.531 0.12699
-22.656 20.313 0.023719
-22.656 21.094 -0.0082119
-22.656 21.875 -0.10974
-22.656 22.656 -0.17931
-22.656 23.438 -0.099911
-22.656 24.219 0.0097135
-22.656 25 0.10374
-21.875 -24.219 0.1493
-21.875 -23.438 0.097708
-21.875 -22.656 -0.010057
-21.875 -21.875 -0.036289
-21.875 -21.094 -0.10253
-21.875 -20.313 -0.093134
-21.875 -19.531 -0.051726
-21.875 -18.75 0.058569
-21.875 -17.969 0.070031
-21.875 -17.188 0.095899
-21.875 -16.406 0.098494
-21.875 -15.625 0.0090717
-21.875 -14.844 -0.015784
-21.875 -14.063 0.029243
-21.875 -13.281 0.075706
-21.875 -12.5 0.063218
-21.875 -11.719 0.064034
-21.875 -10.938 0.12328
-21.875 -10.156 0.11986
-21.875 -9.375 0.11373
-21.875 -8.5938 0.14661
-21.875 -7.8125 0.1176
-21.875 -7.0313 0.12109
-21.875 -6.25 0.12748
-21.875 -5.4688 0.12197
-21.875 -4.6875 0.11055
-21.875 -3.9063 0.13016
-21.875 -3.125 0.080076
-21.875 -2.3438 0.038019
-21.875 -1.5625 0.064727
-21.875 -0.78125 0.16839
-21.875 0 0.28888
-21.875 0.78125 0.28481
-21.875 1.5625 0.19635
-21.875 2.3438 0.032118
-21.875 3.125 -0.10845
-21.875 3.9063 -0.16699
-21.875 4.6875 -0.092244
-21.875 5.4688 0.085766
-21.875 6.25 0.17134
-21.875 7.0313 0.11291
-21.875 7.8125 0.088237
-21.875 8.5938 0.049682
-21.875 9.375 -0.021726
-21.875 10.156 -0.077977
-21.875 10.938 -0.032446
-21.875 11.719 0.087405
-21.875 12.5 0.13502
-21.875 13.281 0.17306
-21.875 14.063 0.11424
-21.875 14.844 0.11715
-21.875 15.625 0.1978
-21.875 16.406 0.21539
-21.875 17.188 0.24392
-21.875 17.969 0.2663
-21.875 18.75 0.25526
-21.875 19.531 0.14898
-21.875 20.313 0.098085
-21.875 21.094 -0.022719
-21.875 21.875 -0.13104
-21.875 22.656 -0.17453
-21.875 23.438 -0.10889
-21.875 24.219 0.020518
-21.875 25 0.099637
-21.094 -24.219 0.22171
-21.094 -23.438 0.15594
-21.094 -22.656 0.018541
-21.094 -21.875 -0.023416
-21.094 -21.094 -0.091516
-21.094 -20.313 -0.085451
-21.094 -19.531 0.014194
-21.094 -18.75 0.04027
-21.094 -17.969 0.09696
-21.094 -17.188 0.13722
-21.094 -16.406 0.10425
-21.094 -15.625 0.039811
-21.094 -14.844 5.7151e-05
-21.094 -14.063 0.065994
-21.094 -13.281 0.11982
-21.094 -12.5 0.11701
-21.094 -11.719 0.078484
-21.094 -10.938 0.075384
-21.094 -10.156 0.10212
-21.094 -9.375 0.11708
-21.094 -8.5938 0.15565
-21.094 -7.8125 0.087374
-21.094 -7.0313 0.04736
-21.094 -6.25 0.092924
-21.094 -5.4688 0.10239
-21.094 -4.6875 0.098898
-21.094 -3.9063 0.14721
-21.094 -3.125 0.10217
-21.094 -2.3438 0.090803
-21.094 -1.5625 0.12928
-21.094 -0.78125 0.23388
-21.094 0 0.29638
-21.094 0.78125 0.26807
-21.094 1.5625 0.18428
-21.094 2.3438 -0.0012713
-21.094 3.125 -0.10741
-21.094 3.9063 -0.13058
-21.094 4.6875 -0.061377
-21.094 5.4688 0.1056
-21.094 6.25 0.10098
-21.094 7.0313 0.09846
-21.094 7.8125 0.075078
-21.094 8.5938 0.047888
-21.094 9.375 -0.0033454
-21.094 10.156 -0.021134
-21.094 10.938 0.0091072
-21.094 11.719 0.061111
-21.094 12.5 0.099171
-21.094 13.281 0.12417
-21.094 14.063 0.066592
-21.094 14.844 0.10334
-21.094 15.625 0.13223
-21.094 16.406 0.21668
-21.094 17.188 0.28556
-21.094 17.969 0.3164
-21.094 18.75 0.28654
-21.094 19.531 0.23462
-21.094 20.313 0.091049
-21.094 21.094 -0.051874
-21.094 21.875 -0.18173
-21.094 22.656 -0.1846
-21.094 23.438 -0.10164
-21.094 24.219 0.020475
-21.094 25 0.16023
-20.313 -24.219 0.23265
-20.313 -23.438 0.17195
-20.313 -22.656 0.06933
-20.313 -21.875 -0.02109
-20.313 -21.094 -0.044102
-20.313 -20.313 -0.10584
-20.313 -19.531 0.011104
-20.313 -18.75 0.037426
-20.313 -17.969 0.075165
-20.313 -17.188 0.1629
-20.313 -16.406 0.13276
-20.313 -15.625 0.073904
-20.313 -14.844 0.02013
-20.313 -14.063 0.062591
-20.313 -13.281 0.13913
-20.313 -12.5 0.095154
-20.313 -11.719 0.115
-20.313 -10.938 0.08607
-20.313 -10.156 0.083174
-20.313 -9.375 0.04535
-20.313 -8.5938 0.1084
-20.313 -7.8125 0.10168
-20.313 -7.0313 0.042967
-20.313 -6.25 0.058102
-20.313 -5.4688 0.026906
-20.313 -4.6875 0.087647
-20.313 -3.9063 0.16401
-20.313 -3.125 0.13081
-20.313 -2.3438 0.13725
-20.313 -1.5625 0.14426
-20.313 -0.78125 0.26862
-20.313 0 0.29186
-20.313 0.78125 0.25926
-20.313 1.5625 0.16736
-20.313 2.3438 -0.012694
-20.313 3.125 -0.14105
-20.313 3.9063 -0.10964
-20.313 4.6875 -0.07339
-20.313 5.4688 0.036647
-20.313 6.25 0.076479
-20.313 7.0313 0.025307
-20.313 7.8125 0.034467
-20.313 8.5938 0.052954
-20.313 9.375 0.053502
-20.313 10.156 0.018295
-20.313 10.938 0.038179
-20.313 11.719 0.024973
-20.313 12.5 -0.0086551
-20.313 13.281 0.056862
-20.313 14.063 0.04448
-20.313 14.844 0.13758
-20.313 15.625 0.14116
-20.313 16.406 0.20828
-20.313 17.188 0.3332
-20.313 17.969 0.37623
-20.313 18.75 0.34143
-20.313 19.531 0.27497
-20.313 20.313 0.082171
-20.313 21.094 -0.12145
-20.313 21.875 -0.19769
-20.313 22.656 -0.16406
-20.313 23.438 -0.075799
-20.313 24.219 0.034506
-20.313 25 0.15896
-19.531 -24.219 0.27468
-19.531 -23.438 0.17465
-19.531 -22.656 0.11771
-19.531 -21.875 0.024892
-19.531 -21.094 -0.042184
-19.531 -20.313 -0.080808
-19.531 -19.531 -0.037924
-19.531 -18.75 0.0058759
-19.531 -17.969 0.077045
-19.531 -17.188 0.14546
-19.531 -16.406 0.16648
-19.531 -15.625 0.085833
-19.531 -14.844 -0.012607
-19.531 -14.063 0.061887
-19.531 -13.281 0.16038
-19.531 -12.5 0.095307
-19.531 -11.719 0.07643
-19.531 -10.938 0.031622
-19.531 -10.156 0.049436
-19.531 -9.375 0.016993
-19.531 -8.5938 0.026703
-19.531 -7.8125 0.088642
-19.531 -7.0313 0.064932
-19.531 -6.25 0.016956
-19.531 -5.4688 -0.017039
-19.531 -4.6875 0.060333
-19.531 -3.9063 0.12789
-19.531 -3.125 0.15901
-19.531 -2.3438 0.11221
-19.531 -1.5625 0.15535
-19.531 -0.78125 0.23155
-19.531 0 0.30235
-19.531 0.78125 0.2581
-19.531 1.5625 0.11371
-19.531 2.3438 -0.0181
-19.531 3.125 -0.12653
-19.531 3.9063 -0.13557
-19.531 4.6875 -0.057019
-19.531 5.4688 -0.010641
-19.531 6.25 0.025055
-19.531 7.0313 -0.031228
-19.531 7.8125 -0.017027
-19.531 8.5938 0.070639
-19.531 9.375 0.16861
-19.531 10.156 0.10441
-19.531 10.938 0.062811
-19.531 11.719 0.064436
-19.531 12.5 -0.013344
-19.531 13.281 -0.013646
-19.531 14.063 0.049898
-19.531 14.844 0.14772
-19.531 15.625 0.14643
-19.531 16.406 0.17941
-19.531 17.188 0.33311
-19.531 17.969 0.46305
-19.531 18.75 0.37887
-19.531 19.531 0.22857
-19.531 20.313 0.0037876
-19.531 21.094 -0.11201
-19.531 21.875 -0.18284
-19.531 22.656 -0.13156
-19.531 23.438 -0.067336
-19.531 24.219 0.060239
-19.531 25 0.21262
-18.75 -24.219 0.30849
-18.75 -23.438 0.28
-18.75 -22.656 0.18809
-18.75 -21.875 0.076716
-18.75 -21.094 -0.033969
-18.75 -20.313 -0.085274
-18.75 -19.531 -0.052767
-18.75 -18.75 0.0011639
-18.75 -17.969 0.04771
-18.75 -17.188 0.091792
-18.75 -16.406 0.13939
-18.75 -15.625 0.095721
-18.75 -14.844 -0.018514
-18.75 -14.063 0.099441
-18.75 -13.281 0.19253
-18.75 -12.5 0.15019
-18.75 -11.719 0.071553
-18.75 -10.938 -0.04475
-18.75 -10.156 -0.08776
-18.75 -9.375 -0.022501
-18.75 -8.5938 -0.0013372
-18.75 -7.8125 0.0083835
-18.75 -7.0313 -0.0081257
-18.75 -6.25 0.013011
-18.75 -5.4688 -0.024279
-18.75 -4.6875 0.072211
-18.75 -3.9063 0.10611
-18.75 -3.125 0.14192
-18.75 -2.3438 0.085785
-18.75 -1.5625 0.14002
-18.75 -0.78125 0.18332
-18.75 0 0.25461
-18.75 0.78125 0.21466
-18.75 1.5625 0.12356
-18.75 2.3438 0.015964
-18.75 3.125 -0.11949
-18.75 3.9063 -0.17559
-18.75 4.6875 -0.10189
-18.75 5.4688 -0.071407
-18.75 6.25 -0.021251
-18.75 7.0313 -0.06525
-18.75 7.8125 -0.018782
-18.75 8.5938 0.11881
-18.75 9.375 0.2408
-18.75 10.156 0.10214
-18.75 10.938 0.083624
-18.75 11.719 0.0057909
-18.75 12.5 -0.030486
-18.75 13.281 -0.0306
-18.75 14.063 0.025342
-18.75 14.844 0.091766
-18.75 15.625 0.14112
-18.75 16.406 0.21137
-18.75 17.188 0.36585
-18.75 17.969 0.49069
-18.75 18.75 0.34635
-18.75 19.531 0.149
-18.75 20.313 0.0086105
-18.75 21.094 -0.13954
-18.75 21.875 -0.15904
-18.75 22.656 -0.10209
-18.75 23.438 -0.065424
-18.75 24.219 0.030881
-18.75 25 0.19179
-17.969 -24.219 0.29785
-17.969 -23.438 0.35684
-17.969 -22.656 0.24988
-17.969 -21.875 0.13966
-17.969 -21.094 -0.014799
-17.969 -20.313 -0.063648
-17.969 -19.531 -0.063047
-17.969 -18.75 -0.0035923
-17.969 -17.969 0.03606
-17.969 -17.188 0.021355
-17.969 -16.406 0.070441
-17.969 -15.625 0.055625
-17.969 -14.844 0.027151
-17.969 -14.063 0.15783
-17.969 -13.281 0.22416
-17.969 -12.5 0.14588
-17.969 -11.719 0.061978
-17.969 -10.938 -0.078692
-17.969 -10.156 -0.1028
-17.969 -9.375 -0.088261
-17.969 -8.5938 -0.048661
-17.969 -7.8125 -0.036987
-17.969 -7.0313 -0.058046
-17.969 -6.25 -0.019965
-17.969 -5.4688 0.0075435
-17.969 -4.6875 0.06206
-17.969 -3.9063 0.079779
-17.969 -3.125 0.032076
-17.969 -2.3438 0.0060062
-17.969 -1.5625 0.025909
-17.969 -0.78125 0.12103
-17.969 0 0.19259
-17.969 0.78125 0.18363
-17.969 1.5625 0.1197
-17.969 2.3438 0.0076515
-17.969 3.125 -0.099474
-17.969 3.9063 -0.12281
-17.969 4.6875 -0.14496
-17.969 5.4688 -0.13991
-17.969 6.25 -0.054164
-17.969 7.0313 -0.089993
-17.969 7.8125 -0.0066603
-17.969 8.5938 0.10749
-17.969 9.375 0.16708
-17.969 10.156 0.074853
-17.969 10.938 0.046761
-17.969 11.719 -0.028481
-17.969 12.5 -0.01308
-17.969 13.281 -0.0054933
-17.969 14.063 -0.0066927
-17.969 14.844 0.042782
-17.969 15.625 0.15152
-17.969 16.406 0.21254
-17.969 17.188 0.33147
-17.969 17.969 0.41342
-17.969 18.75 0.29238
-17.969 19.531 0.142
-17.969 20.313 -0.012054
-17.969 21.094 -0.17267
-17.969 21.875 -0.11914
-17.969 22.656 -0.08857
-17.969 23.438 -0.082308
-17.969 24.219 -0.035322
-17.969 25 0.16416
-17.188 -24.219 0.29777
-17.188 -23.438 0.37439
-17.188 -22.656 0.27687
-17.188 -21.875 0.11803
-17.188 -21.094 -0.054764
-17.188 -20.313 -0.10814
-17.188 -19.531 -0.093061
-17.188 -18.75 -0.03931
-17.188 -17.969 0.033493
-17.188 -17.188 0.025353
-17.188 -16.406 0.073896
-17.188 -15.625 0.07893
-17.188 -14.844 0.064194
-17.188 -14.063 0.17126
-17.188 -13.281 0.22265
-17.188 -12.5 0.13927
-17.188 -11.719 0.0012463
-17.188 -10.938 -0.091385
-17.188 -10.156 -0.11264
-17.188 -9.375 -0.19325
-17.188 -8.5938 -0.15566
-17.188 -7.8125 -0.091145
-17.188 -7.0313 -0.083921
-17.188 -6.25 -0.01304
-17.188 -5.4688 0.027363
-17.188 -4.6875 0.036448
-17.188 -3.9063 0.026631
-17.188 -3.125 0.008736
-17.188 -2.3438 -0.050538
-17.188 -1.5625 -0.034969
-17.188 -0.78125 0.056022
-17.188 0 0.12041
-17.188 0.78125 0.14262
-17.188 1.5625 0.11577
-17.188 2.3438 -0.04532
-17.188 3.125 -0.093788
-17.188 3.9063 -0.14602
-17.188 4.6875 -0.13822
-17.188 5.4688 -0.17425
-17.188 6.25 -0.09201
-17.188 7.0313 -0.040656
-17.188 7.8125 0.03782
-17.188 8.5938 0.058021
-17.188 9.375 0.087342
-17.188 10.156 0.043012
-17.188 10.938 -0.019541
-17.188 11.719 -0.036581
-17.188 12.5 -0.017276
-17.188 13.281 -0.026987
-17.188 14.063 -0.0071593
-17.188 14.844 0.01395
-17.188 15.625 0.11322
-17.188 16.406 0.21491
-17.188 17.188 0.25233
-17.188 17.969 0.34346
-17.188 18.75 0.2384
-17.188 19.531 0.1326
-17.188 20.313 -0.039656
-17.188 21.094 -0.15664
-17.188 21.875 -0.16426
-17.188 22.656 -0.12204
-17.188 23.438 -0.14419
-17.188 24.219 -0.045974
-17.188 25 0.1281
-16.406 -24.219 0.29082
-16.406 -23.438 0.34449
-16.406 -22.656 0.23073
-16.406 -21.875 0.097584
-16.406 -21.094 -0.061471
-16.406 -20.313 -0.090449
-16.406 -19.531 -0.062554
-16.406 -18.75 -0.086984
-16.406 -17.969 0.034129
-16.406 -17.188 0.03174
-16.406 -16.406 0.075311
-16.406 -15.625 0.081095
-16.406 -14.844 0.092367
-16.406 -14.063 0.18939
-16.406 -13.281 0.2144
-16.406 -12.5 0.098368
-16.406 -11.719 0.017229
-16.406 -10.938 -0.034448
-16.406 -10.156 -0.13116
-16.406 -9.375 -0.24624
-16.406 -8.5938 -0.18176
-16.406 -7.8125 -0.10647
-16.406 -7.0313 -0.09006
-16.406 -6.25 0.016551
-16.406 -5.4688 0.0024139
-16.406 -4.6875 0.027547
-16.406 -3.9063 0.011579
-16.406 -3.125 0.0079668
-16.406 -2.3438 0.00043721
-16.406 -1.5625 -0.036801
-16.406 -0.78125 0.040036
-16.406 0 0.094932
-16.406 0.78125 0.16245
-16.406 1.5625 0.087297
-16.406 2.3438 -0.061201
-16.406 3.125 -0.13264
-16.406 3.9063 -0.13599
-16.406 4.6875 -0.10042
-16.406 5.4688 -0.16028
-16.406 6.25 -0.054851
-16.406 7.0313 0.019908
-16.406 7.8125 0.080739
-16.406 8.5938 0.10352
-16.406 9.375 0.058938
-16.406 10.156 -0.0027316
-16.406 10.938 -0.00098563
-16.406 11.719 -0.00096975
-16.406 12.5 -0.026825
-16.406 13.281 -0.076443
-16.406 14.063 -0.056153
-16.406 14.844 0.027944
-16.406 15.625 0.15381
-16.406 16.406 0.20009
-16.406 17.188 0.23843
-16.406 17.969 0.34275
-16.406 18.75 0.23081
-16.406 19.531 0.11199
-16.406 20.313 -0.027017
-16.406 21.094 -0.16004
-16.406 21.875 -0.16661
-16.406 22.656 -0.15103
-16.406 23.438 -0.12681
-16.406 24.219 -0.056542
-16.406 25 0.15719
-15.625 -24.219 0.35709
-15.625 -23.438 0.34983
-15.625 -22.656 0.23365
-15.625 -21.875 0.054535
-15.625 -21.094 -0.044275
-15.625 -20.313 -0.092137
-15.625 -19.531 -0.04471
-15.625 -18.75 -0.097149
-15.625 -17.969 0.0061721
-15.625 -17.188 0.088666
-15.625 -16.406 0.12996
-15.625 -15.625 0.13435
-15.625 -14.844 0.19156
-15.625 -14.063 0.10357
-15.625 -13.281 0.14496
-15.625 -12.5 0.076399
-15.625 -11.719 0.1062
-15.625 -10.938 -0.0013132
-15.625 -10.156 -0.071014
-15.625 -9.375 -0.24869
-15.625 -8.5938 -0.19259
-15.625 -7.8125 -0.12814
-15.625 -7.0313 -0.051385
-15.625 -6.25 0.0032938
-15.625 -5.4688 0.068226
-15.625 -4.6875 0.031651
-15.625 -3.9063 0.030404
-15.625 -3.125 -0.022869
-15.625 -2.3438 -0.00024511
-15.625 -1.5625 -0.049555
-15.625 -0.78125 0.11082
-15.625 0 0.16221
-15.625 0.78125 0.18276
-15.625 1.5625 0.082136
-15.625 2.3438 -0.050496
-15.625 3.125 -0.12625
-15.625 3.9063 -0.057164
-15.625 4.6875 -0.05771
-15.625 5.4688 -0.10702
-15.625 6.25 -0.029093
-15.625 7.0313 0.07678
-15.625 7.8125 0.089464
-15.625 8.5938 0.11952
-15.625 9.375 0.048867
-15.625 10.156 0.02968
-15.625 10.938 -0.049274
-15.625 11.719 -0.020757
-15.625 12.5 -0.026995
-15.625 13.281 -0.026234
-15.625 14.063 -0.027488
-15.625 14.844 0.11527
-15.625 15.625 0.2069
-15.625 16.406 0.25229
-15.625 17.188 0.241
-15.625 17.969 0.36862
-15.625 18.75 0.2631
-15.625 19.531 0.1118
-15.625 20.313 -0.0079439
-15.625 21.094 -0.12681
-15.625 21.875 -0.19575
-15.625 22.656 -0.12832
-15.625 23.438 -0.11546
-15.625 24.219 -0.013627
-15.625 25 0.19939
-14.844 -24.219 0.34644
-14.844 -23.438 0.40575
-14.844 -22.656 0.23472
-14.844 -21.875 0.035064
-14.844 -21.094 -0.090584
-14.844 -20.313 -0.12085
-14.844 -19.531 -0.13747
-14.844 -18.75 -0.052024
-14.844 -17.969 0.016843
-14.844 -17.188 0.12221
-14.844 -16.406 0.177
-14.844 -15.625 0.17429
-14.844 -14.844 0.16529
-14.844 -14.063 0.086544
-14.844 -13.281 0.034522
-14.844 -12.5 0.10065
-14.844 -11.719 0.13348
-14.844 -10.938 0.027106
-14.844 -10.156 -0.090744
-14.844 -9.375 -0.1765
-14.844 -8.5938 -0.14575
-14.844 -7.8125 -0.11006
-14.844 -7.0313 -0.020091
-14.844 -6.25 0.022943
-14.844 -5.4688 0.070268
-14.844 -4.6875 0.0049877
-14.844 -3.9063 0.0063688
-14.844 -3.125 -0.038905
-14.844 -2.3438 0.0077978
-14.844 -1.5625 0.043907
-14.844 -0.78125 0.16858
-14.844 0 0.21015
-14.844 0.78125 0.17458
-14.844 1.5625 0.063568
-14.844 2.3438 -0.021029
-14.844 3.125 -0.09676
-14.844 3.9063 -0.042017
-14.844 4.6875 -0.041244
-14.844 5.4688 -0.018221
-14.844 6.25 0.005137
-14.844 7.0313 0.054906
-14.844 7.8125 0.15509
-14.844 8.5938 0.19218
-14.844 9.375 0.066083
-14.844 10.156 -0.00039924
-14.844 10.938 -0.067828
-14.844 11.719 -0.055633
-14.844 12.5 -0.020904
-14.844 13.281 0.010056
-14.844 14.063 0.017072
-14.844 14.844 0.13534
-14.844 15.625 0.20091
-14.844 16.406 0.24687
-14.844 17.188 0.25605
-14.844 17.969 0.32475
-14.844 18.75 0.25682
-14.844 19.531 0.13559
-14.844 20.313 -0.034712
-14.844 21.094 -0.14631
-14.844 21.875 -0.22894
-14.844 22.656 -0.17262
-14.844 23.438 -0.089012
-14.844 24.219 0.070852
-14.844 25 0.20934
-14.063 -24.219 0.33953
-14.063 -23.438 0.39238
-14.063 -22.656 0.23337
-14.063 -21.875 0.020682
-14.063 -21.094 -0.13018
-14.063 -20.313 -0.095749
-14.063 -19.531 -0.13289
-14.063 -18.75 -0.065913
-14.063 -17.969 0.018731
-14.063 -17.188 0.14583
-14.063 -16.406 0.22925
-14.063 -15.625 0.17374
-14.063 -14.844 0.12614
-14.063 -14.063 0.11339
-14.063 -13.281 0.090708
-14.063 -12.5 0.12783
-14.063 -11.719 0.16181
-14.063 -10.938 -0.0096733
-14.063 -10.156 -0.10307
-14.063 -9.375 -0.11053
-14.063 -8.5938 -0.047636
-14.063 -7.8125 0.021815
-14.063 -7.0313 0.06942
-14.063 -6.25 0.038551
-14.063 -5.4688 0.032323
-14.063 -4.6875 -0.041118
-14.063 -3.9063 -0.057617
-14.063 -3.125 -0.051542
-14.063 -2.3438 0.036275
-14.063 -1.5625 0.084474
-14.063 -0.78125 0.19553
-14.063 0 0.28585
-14.063 0.78125 0.22157
-14.063 1.5625 0.1242
-14.063 2.3438 0.064712
-14.063 3.125 -0.029223
-14.063 3.9063 0.0028155
-14.063 4.6875 -0.038453
-14.063 5.4688 0.0053721
-14.063 6.25 0.0098541
-14.063 7.0313 0.045754
-14.063 7.8125 0.17526
-14.063 8.5938 0.18604
-14.063 9.375 0.086956
-14.063 10.156 -0.0084798
-14.063 10.938 -0.021071
-14.063 11.719 -0.0056507
-14.063 12.5 0.031536
-14.063 13.281 0.079431
-14.063 14.063 0.09137
-14.063 14.844 0.15329
-14.063 15.625 0.18523
-14.063 16.406 0.22457
-14.063 17.188 0.35575
-14.063 17.969 0.40119
-14.063 18.75 0.27936
-14.063 19.531 0.077635
-14.063 20.313 -0.062838
-14.063 21.094 -0.17642
-14.063 21.875 -0.23535
-14.063 22.656 -0.18069
-14.063 23.438 -0.040209
-14.063 24.219 0.10905
-14.063 25 0.2524
-13.281 -24.219 0.34265
-13.281 -23.438 0.33949
-13.281 -22.656 0.16261
-13.281 -21.875 -0.041928
-13.281 -21.094 -0.14193
-13.281 -20.313 -0.11163
-13.281 -19.531 -0.071416
-13.281 -18.75 -0.065497
-13.281 -17.969 0.041297
-13.281 -17.188 0.21393
-13.281 -16.406 0.20413
-13.281 -15.625 0.11935
-13.281 -14.844 0.075999
-13.281 -14.063 0.091177
-13.281 -13.281 0.15732
-13.281 -12.5 0.19119
-13.281 -11.719 0.096392
-13.281 -10.938 -0.013111
-13.281 -10.156 -0.056345
-13.281 -9.375 -0.042755
-13.281 -8.5938 -0.0015829
-13.281 -7.8125 0.033114
-13.281 -7.0313 0.1112
-13.281 -6.25 0.07839
-13.281 -5.4688 0.017769
-13.281 -4.6875 -0.073287
-13.281 -3.9063 -0.10667
-13.281 -3.125 -0.092721
-13.281 -2.3438 -0.0066487
-13.281 -1.5625 0.076458
-13.281 -0.78125 0.14829
-13.281 0 0.25493
-13.281 0.78125 0.23917
-13.281 1.5625 0.14914
-13.281 2.3438 0.10006
-13.281 3.125 0.0062257
-13.281 3.9063 0.034126
-13.281 4.6875 -0.029355
-13.281 5.4688 -0.046997
-13.281 6.25 0.0022292
-13.281 7.0313 0.039253
-13.281 7.8125 0.12414
-13.281 8.5938 0.14067
-13.281 9.375 0.042177
-13.281 10.156 -0.015737
-13.281 10.938 -0.003126
-13.281 11.719 0.027191
-13.281 12.5 0.078294
-13.281 13.281 0.1664
-13.281 14.063 0.14063
-13.281 14.844 0.18005
-13.281 15.625 0.20317
-13.281 16.406 0.28579
-13.281 17.188 0.39716
-13.281 17.969 0.42542
-13.281 18.75 0.2844
-13.281 19.531 0.10047
-13.281 20.313 -0.054919
-13.281 21.094 -0.18641
-13.281 21.875 -0.21789
-13.281 22.656 -0.13606
-13.281 23.438 0.03636
-13.281 24.219 0.14927
-13.281 25 0.30724
-12.5 -24.219 0.34363
-12.5 -23.438 0.26907
-12.5 -22.656 0.13469
-12.5 -21.875 -0.070122
-12.5 -21.094 -0.166
-12.5 -20.313 -0.15183
-12.5 -19.531 -0.065385
-12.5 -18.75 0.039662
-12.5 -17.969 0.087252
-12.5 -17.188 0.26143
-12.5 -16.406 0.21334
-12.5 -15.625 0.10781
-12.5 -14.844 0.061736
-12.5 -14.063 0.072606
-12.5 -13.281 0.14164
-12.5 -12.5 0.18638
-12.5 -11.719 0.09662
-12.5 -10.938 0.036252
-12.5 -10.156 0.024435
-12.5 -9.375 0.024848
-12.5 -8.5938 0.040936
-12.5 -7.8125 0.084508
-12.5 -7.0313 0.14647
-12.5 -6.25 0.11076
-12.5 -5.4688 0.038532
-12.5 -4.6875 -0.033896
-12.5 -3.9063 -0.040165
-12.5 -3.125 -0.0014713
-12.5 -2.3438 0.040067
-12.5 -1.5625 0.12353
-12.5 -0.78125 0.15223
-12.5 0 0.23479
-12.5 0.78125 0.25028
-12.5 1.5625 0.194
-12.5 2.3438 0.10196
-12.5 3.125 0.051644
-12.5 3.9063 0.051792
-12.5 4.6875 0.04771
-12.5 5.4688 0.01962
-12.5 6.25 0.079327
-12.5 7.0313 0.085817
-12.5 7.8125 0.11135
-12.5 8.5938 0.075325
-12.5 9.375 0.041887
-12.5 10.156 0.037169
-12.5 10.938 0.049759
-12.5 11.719 0.046185
-12.5 12.5 0.10802
-12.5 13.281 0.1865
-12.5 14.063 0.18943
-12.5 14.844 0.14879
-12.5 15.625 0.23127
-12.5 16.406 0.38365
-12.5 17.188 0.44301
-12.5 17.969 0.371
-12.5 18.75 0.29957
-12.5 19.531 0.1167
-12.5 20.313 -0.039001
-12.5 21.094 -0.18261
-12.5 21.875 -0.17195
-12.5 22.656 -0.044459
-12.5 23.438 0.097091
-12.5 24.219 0.2118
-12.5 25 0.35908
-11.719 -24.219 0.38052
-11.719 -23.438 0.28096
-11.719 -22.656 0.13436
-11.719 -21.875 0.0036807
-11.719 -21.094 -0.1413
-11.719 -20.313 -0.12822
-11.719 -19.531 -0.036213
-11.719 -18.75 0.079172
-11.719 -17.969 0.14555
-11.719 -17.188 0.25908
-11.719 -16.406 0.22005
-11.719 -15.625 0.10524
-11.719 -14.844 0.02039
-11.719 -14.063 0.083028
-11.719 -13.281 0.15721
-11.719 -12.5 0.14082
-11.719 -11.719 0.13596
-11.719 -10.938 0.069333
-11.719 -10.156 0.085256
-11.719 -9.375 0.071802
-11.719 -8.5938 0.052667
-11.719 -7.8125 0.078634
-11.719 -7.0313 0.11756
-11.719 -6.25 0.10689
-11.719 -5.4688 0.014176
-11.719 -4.6875 0.024165
-11.719 -3.9063 0.021904
-11.719 -3.125 0.083588
-11.719 -2.3438 0.091371
-11.719 -1.5625 0.10785
-11.719 -0.78125 0.11843
-11.719 0 0.18433
-11.719 0.78125 0.23419
-11.719 1.5625 0.23748
-11.719 2.3438 0.10364
-11.719 3.125 0.089802
-11.719 3.9063 0.082425
-11.719 4.6875 0.088427
-11.719 5.4688 0.075384
-11.719 6.25 0.086939
-11.719 7.0313 0.080374
-11.719 7.8125 0.077118
-11.719 8.5938 0.025278
-11.719 9.375 0.081893
-11.719 10.156 0.1043
-11.719 10.938 0.10942
-11.719 11.719 0.11531
-11.719 12.5 0.12957
-11.719 13.281 0.20077
-11.719 14.063 0.24517
-11.719 14.844 0.23029
-11.719 15.625 0.31144
-11.719 16.406 0.41053
-11.719 17.188 0.4398
-11.719 17.969 0.3399
-11.719 18.75 0.31657
-11.719 19.531 0.14077
-11.719 20.313 0.0073694
-11.719 21.094 -0.061119
-11.719 21.875 -0.064053
-11.719 22.656 0.01303
-11.719 23.438 0.14579
-11.719 24.219 0.26515
-11.719 25 0.36971
-10.938 -24.219 0.32139
-10.938 -23.438 0.24329
-10.938 -22.656 0.13398
-10.938 -21.875 -0.0022272
-10.938 -21.094 -0.12962
-10.938 -20.313 -0.12568
-10.938 -19.531 -0.055571
-10.938 -18.75 0.033732
-10.938 -17.969 0.13118
-10.938 -17.188 0.24288
-10.938 -16.406 0.16256
-10.938 -15.625 0.094235
-10.938 -14.844 0.025133
-10.938 -14.063 0.087237
-10.938 -13.281 0.15277
-10.938 -12.5 0.14412
-10.938 -11.719 0.1282
-10.938 -10.938 0.067813
-10.938 -10.156 0.010868
-10.938 -9.375 -0.0087708
-10.938 -8.5938 -0.00071699
-10.938 -7.8125 0.05342
-10.938 -7.0313 0.058255
-10.938 -6.25 0.054845
-10.938 -5.4688 0.0045294
-10.938 -4.6875 0.023991
-10.938 -3.9063 0.022013
-10.938 -3.125 0.067426
-10.938 -2.3438 0.12043
-10.938 -1.5625 0.063515
-10.938 -0.78125 0.091402
-10.938 0 0.15113
-10.938 0.78125 0.22287
-10.938 1.5625 0.25326
-10.938 2.3438 0.1593
-10.938 3.125 0.082581
-10.938 3.9063 0.055607
-10.938 4.6875 0.048093
-10.938 5.4688 0.015278
-10.938 6.25 0.049164
-10.938 7.0313 0.059075
-10.938 7.8125 0.046059
-10.938 8.5938 0.10111
-10.938 9.375 0.12146
-10.938 10.156 0.098727
-10.938 10.938 0.058749
-10.938 11.719 0.091824
-10.938 12.5 0.13938
-10.938 13.281 0.202
-10.938 14.063 0.19283
-10.938 14.844 0.25762
-10.938 15.625 0.3442
-10.938 16.406 0.37336
-10.938 17.188 0.39048
-10.938 17.969 0.36428
-10.938 18.75 0.25053
-10.938 19.531 0.098781
-10.938 20.313 0.021431
-10.938 21.094 0.0022721
-10.938 21.875 -0.012395
-10.938 22.656 0.041425
-10.938 23.438 0.14595
-10.938 24.219 0.28314
-10.938 25 0.35144
-10.156 -24.219 0.23555
-10.156 -23.438 0.19191
-10.156 -22.656 0.13464
-10.156 -21.875 0.020966
-10.156 -21.094 -0.10361
-10.156 -20.313 -0.14072
-10.156 -19.531 -0.083116
-10.156 -18.75 -0.034132
-10.156 -17.969 0.10017
-10.156 -17.188 0.2009
-10.156 -16.406 0.12704
-10.156 -15.625 0.029536
-10.156 -14.844 0.037016
-10.156 -14.063 0.08281
-10.156 -13.281 0.12939
-10.156 -12.5 0.10483
-10.156 -11.719 0.14768
-10.156 -10.938 0.031457
-10.156 -10.156 0.0019651
-10.156 -9.375 -0.014734
-10.156 -8.5938 0.054817
-10.156 -7.8125 0.10247
-10.156 -7.0313 0.081579
-10.156 -6.25 0.0059193
-10.156 -5.4688 0.052009
-10.156 -4.6875 0.04647
-10.156 -3.9063 0.030974
-10.156 -3.125 0.064663
-10.156 -2.3438 0.098921
-10.156 -1.5625 0.017894
-10.156 -0.78125 0.052373
-10.156 0 0.089375
-10.156 0.78125 0.20892
-10.156 1.5625 0.22854
-10.156 2.3438 0.14366
-10.156 3.125 0.04309
-10.156 3.9063 0.041637
-10.156 4.6875 -0.004031
-10.156 5.4688 -0.025565
-10.156 6.25 -0.033774
-10.156 7.0313 0.048308
-10.156 7.8125 0.067128
-10.156 8.5938 0.14626
-10.156 9.375 0.098146
-10.156 10.156 0.016641
-10.156 10.938 -0.034266
-10.156 11.719 0.018659
-10.156 12.5 0.071042
-10.156 13.281 0.17625
-10.156 14.063 0.2003
-10.156 14.844 0.2447
-10.156 15.625 0.27299
-10.156 16.406 0.2877
-10.156 17.188 0.33419
-10.156 17.969 0.30983
-10.156 18.75 0.17317
-10.156 19.531 0.073317
-10.156 20.313 -0.05074
-10.156 21.094 -0.078719
-10.156 21.875 -0.035018
-10.156 22.656 0.033567
-10.156 23.438 0.141
-10.156 24.219 0.22452
-10.156 25 0.26448
-9.375 -24.219 0.16824
-9.375 -23.438 0.19005
-9.375 -22.656 0.084294
-9.375 -21.875 0.0051117
-9.375 -21.094 -0.098856
-9.375 -20.313 -0.15927
-9.375 -19.531 -0.10089
-9.375 -18.75 -0.037945
-9.375 -17.969 0.033308
-9.375 -17.188 0.14703
-9.375 -16.406 0.15264
-9.375 -15.625 -0.0041637
-9.375 -14.844 -0.0011894
-9.375 -14.063 0.045505
-9.375 -13.281 0.010488
-9.375 -12.5 0.0034119
-9.375 -11.719 0.070619
-9.375 -10.938 -0.029498
-9.375 -10.156 -0.067191
-9.375 -9.375 -0.025904
-9.375 -8.5938 0.05849
-9.375 -7.8125 0.07961
-9.375 -7.0313 0.075073
-9.375 -6.25 -0.023861
-9.375 -5.4688 -0.0088508
-9.375 -4.6875 0.031714
-9.375 -3.9063 0.016008
-9.375 -3.125 0.012124
-9.375 -2.3438 -0.001543
-9.375 -1.5625 -0.017466
-9.375 -0.78125 -0.026245
-9.375 0 0.03507
-9.375 0.78125 0.15942
-9.375 1.5625 0.19229
-9.375 2.3438 0.13084
-9.375 3.125 0.029893
-9.375 3.9063 0.017266
-9.375 4.6875 -0.060602
-9.375 5.4688 -0.069199
-9.375 6.25 -0.059267
-9.375 7.0313 0.0022685
-9.375 7.8125 0.031888
-9.375 8.5938 0.11206
-9.375 9.375 0.050283
-9.375 10.156 -0.035635
-9.375 10.938 -0.067559
-9.375 11.719 -0.02304
-9.375 12.5 -0.021531
-9.375 13.281 0.1608
-9.375 14.063 0.19706
-9.375 14.844 0.19249
-9.375 15.625 0.1897
-9.375 16.406 0.20205
-9.375 17.188 0.22836
-9.375 17.969 0.21712
-9.375 18.75 0.17003
-9.375 19.531 0.042884
-9.375 20.313 -0.049923
-9.375 21.094 -0.14049
-9.375 21.875 -0.09264
-9.375 22.656 0.02326
-9.375 23.438 0.12177
-9.375 24.219 0.15561
-9.375 25 0.14549
-8.5938 -24.219 0.15703
-8.5938 -23.438 0.15314
-8.5938 -22.656 0.056374
-8.5938 -21.875 0.00867
-8.5938 -21.094 -0.14049
-8.5938 -20.313 -0.19184
-8.5938 -19.531 -0.13907
-8.5938 -18.75 -0.086834
-8.5938 -17.969 0.024558
-8.5938 -17.188 0.15433
-8.5938 -16.406 0.2016
-8.5938 -15.625 0.064616
-8.5938 -14.844 -0.00099023
-8.5938 -14.063 0.0085087
-8.5938 -13.281 -0.033467
-8.5938 -12.5 -0.067636
-8.5938 -11.719 -0.023304
-8.5938 -10.938 -0.10413
-8.5938 -10.156 -0.10861
-8.5938 -9.375 -0.013858
-8.5938 -8.5938 0.047555
-8.5938 -7.8125 0.094668
-8.5938 -7.0313 0.091128
-8.5938 -6.25 -0.0029047
-8.5938 -5.4688 -0.048796
-8.5938 -4.6875 0.0017235
-8.5938 -3.9063 -0.010651
-8.5938 -3.125 -0.052493
-8.5938 -2.3438 -0.020954
-8.5938 -1.5625 -0.082169
-8.5938 -0.78125 -0.063758
-8.5938 0 0.0639
-8.5938 0.78125 0.19631
-8.5938 1.5625 0.19678
-8.5938 2.3438 0.099363
-8.5938 3.125 -0.025142
-8.5938 3.9063 -0.022162
-8.5938 4.6875 -0.056167
-8.5938 5.4688 -0.070565
-8.5938 6.25 -0.077951
-8.5938 7.0313 0.02489
-8.5938 7.8125 0.063333
-8.5938 8.5938 0.098299
-8.5938 9.375 0.062789
-8.5938 10.156 -0.04304
-8.5938 10.938 -0.11268
-8.5938 11.719 -0.045998
-8.5938 12.5 -0.028764
-8.5938 13.281 0.067256
-8.5938 14.063 0.13236
-8.5938 14.844 0.1983
-8.5938 15.625 0.17559
-8.5938 16.406 0.14106
-8.5938 17.188 0.10556
-8.5938 17.969 0.1638
-8.5938 18.75 0.18899
-8.5938 19.531 0.094982
-8.5938 20.313 -0.030413
-8.5938 21.094 -0.12363
-8.5938 21.875 -0.079128
-8.5938 22.656 0.032535
-8.5938 23.438 0.10392
-8.5938 24.219 0.12364
-8.5938 25 0.081031
-7.8125 -24.219 0.10116
-7.8125 -23.438 0.13493
-7.8125 -22.656 0.032525
-7.8125 -21.875 -0.081791
-7.8125 -21.094 -0.22138
-7.8125 -20.313 -0.27537
-7.8125 -19.531 -0.24195
-7.8125 -18.75 -0.16612
-7.8125 -17.969 -0.011552
-7.8125 -17.188 0.1396
-7.8125 -16.406 0.22223
-7.8125 -15.625 0.16635
-7.8125 -14.844 0.011558
-7.8125 -14.063 -0.053047
-7.8125 -13.281 -0.11905
-7.8125 -12.5 -0.15019
-7.8125 -11.719 -0.099903
-7.8125 -10.938 -0.12384
-7.8125 -10.156 -0.11707
-7.8125 -9.375 -0.062804
-7.8125 -8.5938 0.016766
-7.8125 -7.8125 0.008955
-7.8125 -7.0313 -0.007367
-7.8125 -6.25 -0.018451
-7.8125 -5.4688 -0.066706
-7.8125 -4.6875 -0.030684
-7.8125 -3.9063 -0.078193
-7.8125 -3.125 -0.16829
-7.8125 -2.3438 -0.11609
-7.8125 -1.5625 -0.11781
-7.8125 -0.78125 -0.052139
-7.8125 0 0.093136
-7.8125 0.78125 0.18123
-7.8125 1.5625 0.18699
-7.8125 2.3438 0.09234
-7.8125 3.125 -0.091137
-7.8125 3.9063 -0.1083
-7.8125 4.6875 -0.056808
-7.8125 5.4688 -0.035975
-7.8125 6.25 -0.067899
-7.8125 7.0313 0.035648
-7.8125 7.8125 0.04092
-7.8125 8.5938 0.011174
-7.8125 9.375 -0.024463
-7.8125 10.156 -0.089462
-7.8125 10.938 -0.12289
-7.8125 11.719 -0.13068
-7.8125 12.5 -0.083566
-7.8125 13.281 0.017646
-7.8125 14.063 0.1198
-7.8125 14.844 0.19166
-7.8125 15.625 0.17336
-7.8125 16.406 0.06305
-7.8125 17.188 0.041828
-7.8125 17.969 0.12559
-7.8125 18.75 0.14711
-7.8125 19.531 0.070647
-7.8125 20.313 -0.026147
-7.8125 21.094 -0.099888
-7.8125 21.875 -0.030266
-7.8125 22.656 0.033996
-7.8125 23.438 0.05352
-7.8125 24.219 0.082645
-7.8125 25 0.066363
-7.0313 -24.219 0.084567
-7.0313 -23.438 0.15211
-7.0313 -22.656 0.021501
-7.0313 -21.875 -0.1762
-7.0313 -21.094 -0.26751
-7.0313 -20.313 -0.32564
-7.0313 -19.531 -0.29008
-7.0313 -18.75 -0.13588
-7.0313 -17.969 0.0067962
-7.0313 -17.188 0.19446
-7.0313 -16.406 0.22763
-7.0313 -15.625 0.155
-7.0313 -14.844 0.016772
-7.0313 -14.063 -0.07155
-7.0313 -13.281 -0.21575
-7.0313 -12.5 -0.20297
-7.0313 -11.719 -0.14967
-7.0313 -10.938 -0.12178
-7.0313 -10.156 -0.088151
-7.0313 -9.375 -0.06686
-7.0313 -8.5938 -0.06928
-7.0313 -7.8125 -0.019937
-7.0313 -7.0313 -0.020622
-7.0313 -6.25 0.0098427
-7.0313 -5.4688 -0.066285
-7.0313 -4.6875 -0.031989
-7.0313 -3.9063 -0.13515
-7.0313 -3.125 -0.20543
-7.0313 -2.3438 -0.17828
-7.0313 -1.5625 -0.14716
-7.0313 -0.78125 -0.067722
-7.0313 0 0.053012
-7.0313 0.78125 0.098869
-7.0313 1.5625 0.14567
-7.0313 2.3438 0.087307
-7.0313 3.125 -0.07682
-7.0313 3.9063 -0.085388
-7.0313 4.6875 -0.082959
-7.0313 5.4688 -0.09532
-7.0313 6.25 -0.095077
-7.0313 7.0313 -0.0089607
-7.0313 7.8125 0.049055
-7.0313 8.5938 -0.025946
-7.0313 9.375 -0.04222
-7.0313 10.156 -0.14266
-7.0313 10.938 -0.11364
-7.0313 11.719 -0.13892
-7.0313 12.5 -0.14779
-7.0313 13.281 -0.035061
-7.0313 14.063 0.11953
-7.0313 14.844 0.15905
-7.0313 15.625 0.15922
-7.0313 16.406 -0.028501
-7.0313 17.188 -0.03516
-7.0313 17.969 0.07949
-7.0313 18.75 0.099331
-7.0313 19.531 0.040974
-7.0313 20.313 -0.039886
-7.0313 21.094 -0.02785
-7.0313 21.875 0.022456
-7.0313 22.656 0.023676
-7.0313 23.438 0.032081
-7.0313 24.219 -0.010045
-7.0313 25 0.035045
-6.25 -24.219 0.10077
-6.25 -23.438 0.13056
-6.25 -22.656 0.029842
-6.25 -21.875 -0.17748
-6.25 -21.094 -0.25751
-6.25 -20.313 -0.30631
-6.25 -19.531 -0.27311
-6.25 -18.75 -0.12599
-6.25 -17.969 0.036328
-6.25 -17.188 0.16713
-6.25 -16.406 0.15345
-6.25 -15.625 0.10635
-6.25 -14.844 0.040592
-6.25 -14.063 -0.055987
-6.25 -13.281 -0.21505
-6.25 -12.5 -0.26101
-6.25 -11.719 -0.078801
-6.25 -10.938 -0.086229
-6.25 -10.156 -0.068675
-6.25 -9.375 -0.062794
-6.25 -8.5938 -0.1422
-6.25 -7.8125 -0.068551
-6.25 -7.0313 -0.039393
-6.25 -6.25 -0.039824
-6.25 -5.4688 -0.056545
-6.25 -4.6875 -0.051379
-6.25 -3.9063 -0.098182
-6.25 -3.125 -0.14709
-6.25 -2.3438 -0.18197
-6.25 -1.5625 -0.15161
-6.25 -0.78125 -0.08053
-6.25 0 0.0019473
-6.25 0.78125 0.05447
-6.25 1.5625 0.071283
-6.25 2.3438 0.03843
-6.25 3.125 -0.061715
-6.25 3.9063 -0.1051
-6.25 4.6875 -0.11538
-6.25 5.4688 -0.087516
-6.25 6.25 -0.080856
-6.25 7.0313 0.0061629
-6.25 7.8125 0.012964
-6.25 8.5938 -0.00084948
-6.25 9.375 -0.10155
-6.25 10.156 -0.18325
-6.25 10.938 -0.1241
-6.25 11.719 -0.1301
-6.25 12.5 -0.1247
-6.25 13.281 -0.037873
-6.25 14.063 0.09833
-6.25 14.844 0.11463
-6.25 15.625 0.066159
-6.25 16.406 -0.041216
-6.25 17.188 -0.035568
-6.25 17.969 0.016499
-6.25 18.75 0.07252
-6.25 19.531 0.011158
-6.25 20.313 -0.035298
-6.25 21.094 -0.0024805
-6.25 21.875 0.064728
-6.25 22.656 0.052786
-6.25 23.438 0.012
-6.25 24.219 -0.027851
-6.25 25 0.011085
-5.4688 -24.219 0.17114
-5.4688 -23.438 0.11602
-5.4688 -22.656 0.017979
-5.4688 -21.875 -0.18284
-5.4688 -21.094 -0.32029
-5.4688 -20.313 -0.26847
-5.4688 -19.531 -0.2023
-5.4688 -18.75 -0.083999
-5.4688 -17.969 0.086539
-5.4688 -17.188 0.1472
-5.4688 -16.406 0.095366
-5.4688 -15.625 0.053715
-5.4688 -14.844 0.022059
-5.4688 -14.063 -0.030554
-5.4688 -13.281 -0.17601
-5.4688 -12.5 -0.19413
-5.4688 -11.719 -0.038852
-5.4688 -10.938 -0.049963
-5.4688 -10.156 -0.078855
-5.4688 -9.375 -0.11654
-5.4688 -8.5938 -0.19622
-5.4688 -7.8125 -0.1445
-5.4688 -7.0313 -0.084228
-5.4688 -6.25 -0.0026776
-5.4688 -5.4688 -0.043093
-5.4688 -4.6875 -0.061955
-5.4688 -3.9063 -0.04501
-5.4688 -3.125 -0.11522
-5.4688 -2.3438 -0.20956
-5.4688 -1.5625 -0.1703
-5.4688 -0.78125 -0.096702
-5.4688 0 -0.049375
-5.4688 0.78125 -0.024786
-5.4688 1.5625 -0.019657
-5.4688 2.3438 -0.023382
-5.4688 3.125 -0.11874
-5.4688 3.9063 -0.15462
-5.4688 4.6875 -0.14833
-5.4688 5.4688 -0.10472
-5.4688 6.25 -0.085976
-5.4688 7.0313 -0.0085029
-5.4688 7.8125 0.025617
-5.4688 8.5938 0.028854
-5.4688 9.375 -0.13062
-5.4688 10.156 -0.23794
-5.4688 10.938 -0.17382
-5.4688 11.719 -0.14403
-5.4688 12.5 -0.13601
-5.4688 13.281 -0.042266
-5.4688 14.063 0.088033
-5.4688 14.844 0.089215
-5.4688 15.625 0.00051398
-5.4688 16.406 -0.10321
-5.4688 17.188 -0.064247
-5.4688 17.969 0.037426
-5.4688 18.75 0.10048
-5.4688 19.531 0.0072553
-5.4688 20.313 -0.045835
-5.4688 21.094 0.036446
-5.4688 21.875 0.10087
-5.4688 22.656 0.043818
-5.4688 23.438 0.035843
-5.4688 24.219 -0.012268
-5.4688 25 0.0828
-4.6875 -24.219 0.22801
-4.6875 -23.438 0.1685
-4.6875 -22.656 -0.034225
-4.6875 -21.875 -0.17879
-4.6875 -21.094 -0.25939
-4.6875 -20.313 -0.25128
-4.6875 -19.531 -0.17341
-4.6875 -18.75 -0.012381
-4.6875 -17.969 0.095895
-4.6875 -17.188 0.072277
-4.6875 -16.406 0.039579
-4.6875 -15.625 0.0044719
-4.6875 -14.844 -0.02251
-4.6875 -14.063 -0.0041012
-4.6875 -13.281 -0.062643
-4.6875 -12.5 -0.072985
-4.6875 -11.719 -0.026532
-4.6875 -10.938 -0.066294
-4.6875 -10.156 -0.099343
-4.6875 -9.375 -0.13731
-4.6875 -8.5938 -0.26531
-4.6875 -7.8125 -0.23869
-4.6875 -7.0313 -0.12613
-4.6875 -6.25 0.0024203
-4.6875 -5.4688 0.011133
-4.6875 -4.6875 0.0055947
-4.6875 -3.9063 -0.014462
-4.6875 -3.125 -0.12015
-4.6875 -2.3438 -0.208
-4.6875 -1.5625 -0.19304
-4.6875 -0.78125 -0.12519
-4.6875 0 -0.090115
-4.6875 0.78125 -0.090419
-4.6875 1.5625 -0.071201
-4.6875 2.3438 -0.085376
-4.6875 3.125 -0.15744
-4.6875 3.9063 -0.16815
-4.6875 4.6875 -0.14865
-4.6875 5.4688 -0.11141
-4.6875 6.25 -0.077953
-4.6875 7.0313 -0.062021
-4.6875 7.8125 0.0041514
-4.6875 8.5938 -0.022648
-4.6875 9.375 -0.1642
-4.6875 10.156 -0.22779
-4.6875 10.938 -0.19253
-4.6875 11.719 -0.21293
-4.6875 12.5 -0.1699
-4.6875 13.281 -0.020233
-4.6875 14.063 0.10677
-4.6875 14.844 0.11617
-4.6875 15.625 0.02186
-4.6875 16.406 -0.073747
-4.6875 17.188 -0.033148
-4.6875 17.969 0.025224
-4.6875 18.75 0.060678
-4.6875 19.531 -0.0058933
-4.6875 20.313 -0.021434
-4.6875 21.094 -0.0092056
-4.6875 21.875 0.048492
-4.6875 22.656 0.039962
-4.6875 23.438 -0.01476
-4.6875 24.219 -0.01334
-4.6875 25 0.1623
-3.9063 -24.219 0.20625
-3.9063 -23.438 0.16522
-3.9063 -22.656 -0.054729
-3.9063 -21.875 -0.19257
-3.9063 -21.094 -0.26277
-3.9063 -20.313 -0.17758
-3.9063 -19.531 -0.12963
-3.9063 -18.75 0.013135
-3.9063 -17.969 0.089088
-3.9063 -17.188 0.035175
-3.9063 -16.406 -0.042937
-3.9063 -15.625 -0.074841
-3.9063 -14.844 -0.12093
-3.9063 -14.063 -0.015347
-3.9063 -13.281 -0.068837
-3.9063 -12.5 -0.061857
-3.9063 -11.719 -0.0059103
-3.9063 -10.938 -0.038069
-3.9063 -10.156 -0.048354
-3.9063 -9.375 -0.16692
-3.9063 -8.5938 -0.32489
-3.9063 -7.8125 -0.30798
-3.9063 -7.0313 -0.20312
-3.9063 -6.25 -0.097067
-3.9063 -5.4688 0.0013191
-3.9063 -4.6875 0.01842
-3.9063 -3.9063 -0.043187
-3.9063 -3.125 -0.15616
-3.9063 -2.3438 -0.24388
-3.9063 -1.5625 -0.25578
-3.9063 -0.78125 -0.17913
-3.9063 0 -0.12103
-3.9063 0.78125 -0.13998
-3.9063 1.5625 -0.12375
-3.9063 2.3438 -0.16669
-3.9063 3.125 -0.21489
-3.9063 3.9063 -0.21823
-3.9063 4.6875 -0.15512
-3.9063 5.4688 -0.12042
-3.9063 6.25 -0.11316
-3.9063 7.0313 -0.16736
-3.9063 7.8125 -0.11415
-3.9063 8.5938 -0.12231
-3.9063 9.375 -0.16601
-3.9063 10.156 -0.1873
-3.9063 10.938 -0.17988
-3.9063 11.719 -0.23182
-3.9063 12.5 -0.21968
-3.9063 13.281 -0.064187
-3.9063 14.063 0.016138
-3.9063 14.844 0.0050556
-3.9063 15.625 -0.0022463
-3.9063 16.406 -0.18354
-3.9063 17.188 -0.12552
-3.9063 17.969 -0.020848
-3.9063 18.75 0.002529
-3.9063 19.531 -0.047675
-3.9063 20.313 -0.025494
-3.9063 21.094 -0.032561
-3.9063 21.875 -0.013629
-3.9063 22.656 -0.076465
-3.9063 23.438 -0.095402
-3.9063 24.219 -0.069624
-3.9063 25 0.14147
-3.125 -24.219 0.22698
-3.125 -23.438 0.15881
-3.125 -22.656 -0.027341
-3.125 -21.875 -0.21163
-3.125 -21.094 -0.26876
-3.125 -20.313 -0.16909
-3.125 -19.531 -0.13091
-3.125 -18.75 -0.0045837
-3.125 -17.969 0.048207
-3.125 -17.188 0.011595
-3.125 -16.406 -0.060745
-3.125 -15.625 -0.099213
-3.125 -14.844 -0.090266
-3.125 -14.063 -0.034414
-3.125 -13.281 -0.041375
-3.125 -12.5 -0.090011
-3.125 -11.719 0.015009
-3.125 -10.938 0.0019175
-3.125 -10.156 -0.06589
-3.125 -9.375 -0.21784
-3.125 -8.5938 -0.35382
-3.125 -7.8125 -0.3474
-3.125 -7.0313 -0.24558
-3.125 -6.25 -0.1308
-3.125 -5.4688 -0.015888
-3.125 -4.6875 0.010277
-3.125 -3.9063 -0.012771
-3.125 -3.125 -0.14724
-3.125 -2.3438 -0.27289
-3.125 -1.5625 -0.27659
-3.125 -0.78125 -0.20285
-3.125 0 -0.14294
-3.125 0.78125 -0.17677
-3.125 1.5625 -0.17994
-3.125 2.3438 -0.19515
-3.125 3.125 -0.21184
-3.125 3.9063 -0.17982
-3.125 4.6875 -0.1226
-3.125 5.4688 -0.11928
-3.125 6.25 -0.12278
-3.125 7.0313 -0.21024
-3.125 7.8125 -0.19219
-3.125 8.5938 -0.20041
-3.125 9.375 -0.19811
-3.125 10.156 -0.16608
-3.125 10.938 -0.17202
-3.125 11.719 -0.26023
-3.125 12.5 -0.28139
-3.125 13.281 -0.10152
-3.125 14.063 -0.079643
-3.125 14.844 -0.095558
-3.125 15.625 -0.093481
-3.125 16.406 -0.17915
-3.125 17.188 -0.13134
-3.125 17.969 -0.091846
-3.125 18.75 -0.05667
-3.125 19.531 -0.060306
-3.125 20.313 -0.050647
-3.125 21.094 -0.12678
-3.125 21.875 -0.14135
-3.125 22.656 -0.14937
-3.125 23.438 -0.15732
-3.125 24.219 -0.10269
-3.125 25 0.092342
-2.3438 -24.219 0.17341
-2.3438 -23.438 0.16898
-2.3438 -22.656 0.012735
-2.3438 -21.875 -0.16374
-2.3438 -21.094 -0.27704
-2.3438 -20.313 -0.1806
-2.3438 -19.531 -0.16987
-2.3438 -18.75 -0.093458
-2.3438 -17.969 -0.032643
-2.3438 -17.188 0.023273
-2.3438 -16.406 -0.05085
-2.3438 -15.625 -0.1131
-2.3438 -14.844 -0.10278
-2.3438 -14.063 0.017534
-2.3438 -13.281 0.0076715
-2.3438 -12.5 -0.092224
-2.3438 -11.719 -0.013411
-2.3438 -10.938 -0.01502
-2.3438 -10.156 -0.14418
-2.3438 -9.375 -0.27627
-2.3438 -8.5938 -0.38373
-2.3438 -7.8125 -0.31686
-2.3438 -7.0313 -0.21486
-2.3438 -6.25 -0.11953
-2.3438 -5.4688 -0.024654
-2.3438 -4.6875 -0.012699
-2.3438 -3.9063 -0.039111
-2.3438 -3.125 -0.15915
-2.3438 -2.3438 -0.28011
-2.3438 -1.5625 -0.30988
-2.3438 -0.78125 -0.28828
-2.3438 0 -0.19238
-2.3438 0.78125 -0.21504
-2.3438 1.5625 -0.25901
-2.3438 2.3438 -0.24511
-2.3438 3.125 -0.25163
-2.3438 3.9063 -0.15522
-2.3438 4.6875 -0.15053
-2.3438 5.4688 -0.098688
-2.3438 6.25 -0.15269
-2.3438 7.0313 -0.24721
-2.3438 7.8125 -0.30219
-2.3438 8.5938 -0.29623
-2.3438 9.375 -0.265
-2.3438 10.156 -0.17776
-2.3438 10.938 -0.17124
-2.3438 11.719 -0.2687
-2.3438 12.5 -0.29948
-2.3438 13.281 -0.18984
-2.3438 14.063 -0.13077
-2.3438 14.844 -0.088368
-2.3438 15.625 -0.13445
-2.3438 16.406 -0.21671
-2.3438 17.188 -0.1974
-2.3438 17.969 -0.12062
-2.3438 18.75 -0.07807
-2.3438 19.531 -0.086057
-2.3438 20.313 -0.1006
-2.3438 21.094 -0.20947
-2.3438 21.875 -0.26215
-2.3438 22.656 -0.25605
-2.3438 23.438 -0.21339
-2.3438 24.219 -0.14692
-2.3438 25 0.019078
-1.5625 -24.219 0.09885
-1.5625 -23.438 0.10354
-1.5625 -22.656 0.039575
-1.5625 -21.875 -0.16415
-1.5625 -21.094 -0.28578
-1.5625 -20.313 -0.27679
-1.5625 -19.531 -0.24905
-1.5625 -18.75 -0.15728
-1.5625 -17.969 -0.080137
-1.5625 -17.188 0.031371
-1.5625 -16.406 -0.013334
-1.5625 -15.625 -0.074754
-1.5625 -14.844 -0.078464
-1.5625 -14.063 0.013639
-1.5625 -13.281 -0.0051167
-1.5625 -12.5 -0.12312
-1.5625 -11.719 -0.033714
-1.5625 -10.938 -0.065548
-1.5625 -10.156 -0.16217
-1.5625 -9.375 -0.26543
-1.5625 -8.5938 -0.32008
-1.5625 -7.8125 -0.28076
-1.5625 -7.0313 -0.21117
-1.5625 -6.25 -0.15545
-1.5625 -5.4688 -0.081059
-1.5625 -4.6875 -0.0097588
-1.5625 -3.9063 -0.035685
-1.5625 -3.125 -0.14522
-1.5625 -2.3438 -0.26401
-1.5625 -1.5625 -0.33616
-1.5625 -0.78125 -0.32179
-1.5625 0 -0.25384
-1.5625 0.78125 -0.23834
-1.5625 1.5625 -0.24774
-1.5625 2.3438 -0.23892
-1.5625 3.125 -0.21125
-1.5625 3.9063 -0.10643
-1.5625 4.6875 -0.13361
-1.5625 5.4688 -0.11019
-1.5625 6.25 -0.19029
-1.5625 7.0313 -0.28825
-1.5625 7.8125 -0.35914
-1.5625 8.5938 -0.33723
-1.5625 9.375 -0.32853
-1.5625 10.156 -0.18106
-1.5625 10.938 -0.16835
-1.5625 11.719 -0.27289
-1.5625 12.5 -0.29171
-1.5625 13.281 -0.16041
-1.5625 14.063 -0.13368
-1.5625 14.844 -0.12614
-1.5625 15.625 -0.21667
-1.5625 16.406 -0.23843
-1.5625 17.188 -0.18357
-1.5625 17.969 -0.12633
-1.5625 18.75 -0.10939
-1.5625 19.531 -0.14338
-1.5625 20.313 -0.16009
-1.5625 21.094 -0.22687
-1.5625 21.875 -0.31207
-1.5625 22.656 -0.27418
-1.5625 23.438 -0.24974
-1.5625 24.219 -0.14908
-1.5625 25 -0.0050373
-0.78125 -24.219 0.016092
-0.78125 -23.438 -0.0045703
-0.78125 -22.656 -0.062104
-0.78125 -21.875 -0.17785
-0.78125 -21.094 -0.30605
-0.78125 -20.313 -0.37567
-0.78125 -19.531 -0.27521
-0.78125 -18.75 -0.20587
-0.78125 -17.969 -0.11825
-0.78125 -17.188 -0.030146
-0.78125 -16.406 -0.017968
-0.78125 -15.625 -0.11983
-0.78125 -14.844 -0.17067
-0.78125 -14.063 -0.078829
-0.78125 -13.281 -0.12682
-0.78125 -12.5 -0.17754
-0.78125 -11.719 -0.13978
-0.78125 -10.938 -0.15588
-0.78125 -10.156 -0.17356
-0.78125 -9.375 -0.22048
-0.78125 -8.5938 -0.25072
-0.78125 -7.8125 -0.28764
-0.78125 -7.0313 -0.27725
-0.78125 -6.25 -0.20806
-0.78125 -5.4688 -0.096233
-0.78125 -4.6875 -0.061058
-0.78125 -3.9063 -0.08734
-0.78125 -3.125 -0.17082
-0.78125 -2.3438 -0.31088
-0.78125 -1.5625 -0.37192
-0.78125 -0.78125 -0.32514
-0.78125 0 -0.30536
-0.78125 0.78125 -0.26272
-0.78125 1.5625 -0.28942
-0.78125 2.3438 -0.22995
-0.78125 3.125 -0.20164
-0.78125 3.9063 -0.11444
-0.78125 4.6875 -0.17468
-0.78125 5.4688 -0.20285
-0.78125 6.25 -0.23304
-0.78125 7.0313 -0.35624
-0.78125 7.8125 -0.37705
-0.78125 8.5938 -0.33157
-0.78125 9.375 -0.31478
-0.78125 10.156 -0.25943
-0.78125 10.938 -0.24321
-0.78125 11.719 -0.29936
-0.78125 12.5 -0.30186
-0.78125 13.281 -0.18683
-0.78125 14.063 -0.14181
-0.78125 14.844 -0.15555
-0.78125 15.625 -0.24649
-0.78125 16.406 -0.2751
-0.78125 17.188 -0.21861
-0.78125 17.969 -0.1649
-0.78125 18.75 -0.1378
-0.78125 19.531 -0.16419
-0.78125 20.313 -0.24785
-0.78125 21.094 -0.29374
-0.78125 21.875 -0.32047
-0.78125 22.656 -0.2948
-0.78125 23.438 -0.25238
-0.78125 24.219 -0.1437
-0.78125 25 -0.020401
0 -24.219 -0.049424
0 -23.438 -0.1
0 -22.656 -0.11431
0 -21.875 -0.19161
0 -21.094 -0.30628
0 -20.313 -0.38014
0 -19.531 -0.35329
0 -18.75 -0.27196
0 -17.969 -0.23098
0 -17.188 -0.12559
0 -16.406 -0.049641
0 -15.625 -0.13004
0 -14.844 -0.22179
0 -14.063 -0.16322
0 -13.281 -0.2446
0 -12.5 -0.25638
0 -11.719 -0.19412
0 -10.938 -0.22608
0 -10.156 -0.21404
0 -9.375 -0.20261
0 -8.5938 -0.26015
0 -7.8125 -0.30308
0 -7.0313 -0.28614
0 -6.25 -0.22926
0 -5.4688 -0.10381
0 -4.6875 -0.041173
0 -3.9063 -0.15894
0 -3.125 -0.22172
0 -2.3438 -0.33461
0 -1.5625 -0.402
0 -0.78125 -0.30946
0 0 -0.27471
0 0.78125 -0.27577
0 1.5625 -0.28301
0 2.3438 -0.21387
0 3.125 -0.18524
0 3.9063 -0.16617
0 4.6875 -0.22829
0 5.4688 -0.21774
0 6.25 -0.27444
0 7.0313 -0.46017
0 7.8125 -0.41287
0 8.5938 -0.33325
0 9.375 -0.33481
0 10.156 -0.3047
0 10.938 -0.29309
0 11.719 -0.27264
0 12.5 -0.30456
0 13.281 -0.24983
0 14.063 -0.24097
0 14.844 -0.2292
0 15.625 -0.28976
0 16.406 -0.34728
0 17.188 -0.26166
0 17.969 -0.15317
0 18.75 -0.15092
0 19.531 -0.21562
0 20.313 -0.29797
0 21.094 -0.37026
0 21.875 -0.40144
0 22.656 -0.40591
0 23.438 -0.31149
0 24.219 -0.14847
0 25 -0.08467
0.78125 -24.219 0.0065763
0.78125 -23.438 -0.096489
0.78125 -22.656 -0.13395
0.78125 -21.875 -0.20557
0.78125 -21.094 -0.33063
0.78125 -20.313 -0.35374
0.78125 -19.531 -0.33455
0.78125 -18.75 -0.30347
0.78125 -17.969 -0.30189
0.78125 -17.188 -0.18014
0.78125 -16.406 -0.04427
0.78125 -15.625 -0.10967
0.78125 -14.844 -0.23562
0.78125 -14.063 -0.20033
0.78125 -13.281 -0.21872
0.78125 -12.5 -0.2664
0.78125 -11.719 -0.28063
0.78125 -10.938 -0.28504
0.78125 -10.156 -0.22804
0.78125 -9.375 -0.18716
0.78125 -8.5938 -0.28388
0.78125 -7.8125 -0.2846
0.78125 -7.0313 -0.26784
0.78125 -6.25 -0.2304
0.78125 -5.4688 -0.087366
0.78125 -4.6875 -0.061434
0.78125 -3.9063 -0.199
0.78125 -3.125 -0.24681
0.78125 -2.3438 -0.31772
0.78125 -1.5625 -0.37733
0.78125 -0.78125 -0.25133
0.78125 0 -0.22387
0.78125 0.78125 -0.20985
0.78125 1.5625 -0.21489
0.78125 2.3438 -0.19566
0.78125 3.125 -0.17148
0.78125 3.9063 -0.19553
0.78125 4.6875 -0.22931
0.78125 5.4688 -0.21362
0.78125 6.25 -0.32158
0.78125 7.0313 -0.45942
0.78125 7.8125 -0.39368
0.78125 8.5938 -0.30437
0.78125 9.375 -0.36028
0.78125 10.156 -0.32767
0.78125 10.938 -0.27283
0.78125 11.719 -0.26088
0.78125 12.5 -0.27002
0.78125 13.281 -0.25333
0.78125 14.063 -0.26674
0.78125 14.844 -0.27997
0.78125 15.625 -0.32396
0.78125 16.406 -0.40593
0.78125 17.188 -0.28051
0.78125 17.969 -0.1274
0.78125 18.75 -0.087979
0.78125 19.531 -0.24324
0.78125 20.313 -0.35692
0.78125 21.094 -0.37367
0.78125 21.875 -0.44067
0.78125 22.656 -0.45265
0.78125 23.438 -0.26328
0.78125 24.219 -0.094849
0.78125 25 -0.006117
1.5625 -24.219 0.063146
1.5625 -23.438 -0.08618
1.5625 -22.656 -0.15117
1.5625 -21.875 -0.24303
1.5625 -21.094 -0.3403
1.5625 -20.313 -0.32902
1.5625 -19.531 -0.28091
1.5625 -18.75 -0.29744
1.5625 -17.969 -0.35891
1.5625 -17.188 -0.18911
1.5625 -16.406 -0.0046047
1.5625 -15.625 -0.060306
1.5625 -14.844 -0.23255
1.5625 -14.063 -0.25487
1.5625 -13.281 -0.22458
1.5625 -12.5 -0.26673
1.5625 -11.719 -0.29407
1.5625 -10.938 -0.34459
1.5625 -10.156 -0.26576
1.5625 -9.375 -0.2121
1.5625 -8.5938 -0.26824
1.5625 -7.8125 -0.28192
1.5625 -7.0313 -0.19518
1.5625 -6.25 -0.17362
1.5625 -5.4688 -0.12292
1.5625 -4.6875 -0.085215
1.5625 -3.9063 -0.16043
1.5625 -3.125 -0.2227
1.5625 -2.3438 -0.3146
1.5625 -1.5625 -0.3296
1.5625 -0.78125 -0.185
1.5625 0 -0.13612
1.5625 0.78125 -0.11481
1.5625 1.5625 -0.14564
1.5625 2.3438 -0.14481
1.5625 3.125 -0.24991
1.5625 3.9063 -0.25809
1.5625 4.6875 -0.21485
1.5625 5.4688 -0.21906
1.5625 6.25 -0.30955
1.5625 7.0313 -0.39957
1.5625 7.8125 -0.37007
1.5625 8.5938 -0.28026
1.5625 9.375 -0.35092
1.5625 10.156 -0.35039
1.5625 10.938 -0.2785
1.5625 11.719 -0.29539
1.5625 12.5 -0.36665
1.5625 13.281 -0.34579
1.5625 14.063 -0.31462
1.5625 14.844 -0.35347
1.5625 15.625 -0.38094
1.5625 16.406 -0.38657
1.5625 17.188 -0.2572
1.5625 17.969 -0.11831
1.5625 18.75 -0.095545
1.5625 19.531 -0.2333
1.5625 20.313 -0.37268
1.5625 21.094 -0.44576
1.5625 21.875 -0.4622
1.5625 22.656 -0.44775
1.5625 23.438 -0.23413
1.5625 24.219 -0.066249
1.5625 25 0.041188
2.3438 -24.219 0.15517
2.3438 -23.438 -0.0142
2.3438 -22.656 -0.14391
2.3438 -21.875 -0.23503
2.3438 -21.094 -0.31705
2.3438 -20.313 -0.23247
2.3438 -19.531 -0.23561
2.3438 -18.75 -0.27042
2.3438 -17.969 -0.26203
2.3438 -17.188 -0.099742
2.3438 -16.406 -0.013671
2.3438 -15.625 -0.11084
2.3438 -14.844 -0.22223
2.3438 -14.063 -0.22135
2.3438 -13.281 -0.19676
2.3438 -12.5 -0.23984
2.3438 -11.719 -0.24406
2.3438 -10.938 -0.29309
2.3438 -10.156 -0.24796
2.3438 -9.375 -0.21664
2.3438 -8.5938 -0.20682
2.3438 -7.8125 -0.22745
2.3438 -7.0313 -0.18289
2.3438 -6.25 -0.16243
2.3438 -5.4688 -0.12461
2.3438 -4.6875 -0.10081
2.3438 -3.9063 -0.12942
2.3438 -3.125 -0.21524
2.3438 -2.3438 -0.28327
2.3438 -1.5625 -0.24545
2.3438 -0.78125 -0.044147
2.3438 0 0.011521
2.3438 0.78125 -0.02488
2.3438 1.5625 -0.058763
2.3438 2.3438 -0.16943
2.3438 3.125 -0.28635
2.3438 3.9063 -0.21956
2.3438 4.6875 -0.17369
2.3438 5.4688 -0.19506
2.3438 6.25 -0.28696
2.3438 7.0313 -0.29322
2.3438 7.8125 -0.26495
2.3438 8.5938 -0.23993
2.3438 9.375 -0.29085
2.3438 10.156 -0.2933
2.3438 10.938 -0.27534
2.3438 11.719 -0.30509
2.3438 12.5 -0.37751
2.3438 13.281 -0.3379
2.3438 14.063 -0.35851
2.3438 14.844 -0.31946
2.3438 15.625 -0.31485
2.3438 16.406 -0.31693
2.3438 17.188 -0.20105
2.3438 17.969 -0.11348
2.3438 18.75 -0.10069
2.3438 19.531 -0.15253
2.3438 20.313 -0.27813
2.3438 21.094 -0.36365
2.3438 21.875 -0.42168
2.3438 22.656 -0.39977
2.3438 23.438 -0.22462
2.3438 24.219 -0.013782
2.3438 25 0.11443
3.125 -24.219 0.24612
3.125 -23.438 0.037416
3.125 -22.656 -0.14315
3.125 -21.875 -0.26874
3.125 -21.094 -0.32117
3.125 -20.313 -0.24141
3.125 -19.531 -0.21425
3.125 -18.75 -0.20948
3.125 -17.969 -0.15639
3.125 -17.188 -0.01574
3.125 -16.406 0.011592
3.125 -15.625 -0.094964
3.125 -14.844 -0.18152
3.125 -14.063 -0.18681
3.125 -13.281 -0.19231
3.125 -12.5 -0.23398
3.125 -11.719 -0.22287
3.125 -10.938 -0.23573
3.125 -10.156 -0.18963
3.125 -9.375 -0.2043
3.125 -8.5938 -0.18548
3.125 -7.8125 -0.25155
3.125 -7.0313 -0.24564
3.125 -6.25 -0.15543
3.125 -5.4688 -0.074383
3.125 -4.6875 -0.082385
3.125 -3.9063 -0.1226
3.125 -3.125 -0.20984
3.125 -2.3438 -0.20532
3.125 -1.5625 -0.15936
3.125 -0.78125 0.040189
3.125 0 0.043323
3.125 0.78125 0.039323
3.125 1.5625 -0.01621
3.125 2.3438 -0.18133
3.125 3.125 -0.25344
3.125 3.9063 -0.17405
3.125 4.6875 -0.1378
3.125 5.4688 -0.17784
3.125 6.25 -0.2258
3.125 7.0313 -0.19681
3.125 7.8125 -0.12648
3.125 8.5938 -0.14802
3.125 9.375 -0.20193
3.125 10.156 -0.23629
3.125 10.938 -0.27768
3.125 11.719 -0.27833
3.125 12.5 -0.31027
3.125 13.281 -0.32278
3.125 14.063 -0.29978
3.125 14.844 -0.26964
3.125 15.625 -0.28643
3.125 16.406 -0.28667
3.125 17.188 -0.21135
3.125 17.969 -0.14048
3.125 18.75 -0.074273
3.125 19.531 -0.089217
3.125 20.313 -0.16928
3.125 21.094 -0.25148
3.125 21.875 -0.40911
3.125 22.656 -0.36777
3.125 23.438 -0.17713
3.125 24.219 0.016946
3.125 25 0.18537
3.9063 -24.219 0.32084
3.9063 -23.438 0.096857
3.9063 -22.656 -0.13036
3.9063 -21.875 -0.2619
3.9063 -21.094 -0.36098
3.9063 -20.313 -0.23714
3.9063 -19.531 -0.18281
3.9063 -18.75 -0.19173
3.9063 -17.969 -0.037895
3.9063 -17.188 0.060699
3.9063 -16.406 0.015046
3.9063 -15.625 -0.13602
3.9063 -14.844 -0.20148
3.9063 -14.063 -0.18124
3.9063 -13.281 -0.15811
3.9063 -12.5 -0.19995
3.9063 -11.719 -0.24725
3.9063 -10.938 -0.22401
3.9063 -10.156 -0.16521
3.9063 -9.375 -0.20748
3.9063 -8.5938 -0.23741
3.9063 -7.8125 -0.27247
3.9063 -7.0313 -0.26639
3.9063 -6.25 -0.1485
3.9063 -5.4688 -0.12369
3.9063 -4.6875 -0.11484
3.9063 -3.9063 -0.15755
3.9063 -3.125 -0.2064
3.9063 -2.3438 -0.2102
3.9063 -1.5625 -0.14003
3.9063 -0.78125 0.016308
3.9063 0 0.025952
3.9063 0.78125 0.0026939
3.9063 1.5625 -0.054237
3.9063 2.3438 -0.1475
3.9063 3.125 -0.22792
3.9063 3.9063 -0.12511
3.9063 4.6875 -0.097577
3.9063 5.4688 -0.17358
3.9063 6.25 -0.18752
3.9063 7.0313 -0.11956
3.9063 7.8125 -0.028811
3.9063 8.5938 -0.10153
3.9063 9.375 -0.1307
3.9063 10.156 -0.18991
3.9063 10.938 -0.21015
3.9063 11.719 -0.23484
3.9063 12.5 -0.29382
3.9063 13.281 -0.28602
3.9063 14.063 -0.2538
3.9063 14.844 -0.25565
3.9063 15.625 -0.27697
3.9063 16.406 -0.27146
3.9063 17.188 -0.21948
3.9063 17.969 -0.12464
3.9063 18.75 -0.01214
3.9063 19.531 -0.073402
3.9063 20.313 -0.16447
3.9063 21.094 -0.30407
3.9063 21.875 -0.40764
3.9063 22.656 -0.37076
3.9063 23.438 -0.1202
3.9063 24.219 0.05677
3.9063 25 0.23898
4.6875 -24.219 0.33162
4.6875 -23.438 0.18404
4.6875 -22.656 -0.024533
4.6875 -21.875 -0.256
4.6875 -21.094 -0.30213
4.6875 -20.313 -0.20914
4.6875 -19.531 -0.13413
4.6875 -18.75 -0.058805
4.6875 -17.969 0.0038871
4.6875 -17.188 0.098643
4.6875 -16.406 0.054273
4.6875 -15.625 -0.094029
4.6875 -14.844 -0.18928
4.6875 -14.063 -0.11415
4.6875 -13.281 -0.12342
4.6875 -12.5 -0.13361
4.6875 -11.719 -0.2243
4.6875 -10.938 -0.20585
4.6875 -10.156 -0.12912
4.6875 -9.375 -0.15125
4.6875 -8.5938 -0.22928
4.6875 -7.8125 -0.24558
4.6875 -7.0313 -0.23318
4.6875 -6.25 -0.19134
4.6875 -5.4688 -0.1312
4.6875 -4.6875 -0.057653
4.6875 -3.9063 -0.13557
4.6875 -3.125 -0.22387
4.6875 -2.3438 -0.24213
4.6875 -1.5625 -0.18524
4.6875 -0.78125 0.010992
4.6875 0 0.057977
4.6875 0.78125 -0.031729
4.6875 1.5625 -0.055948
4.6875 2.3438 -0.14569
4.6875 3.125 -0.18158
4.6875 3.9063 -0.088634
4.6875 4.6875 -0.0783
4.6875 5.4688 -0.15065
4.6875 6.25 -0.18716
4.6875 7.0313 -0.08506
4.6875 7.8125 0.027051
4.6875 8.5938 -0.08201
4.6875 9.375 -0.11672
4.6875 10.156 -0.14243
4.6875 10.938 -0.1598
4.6875 11.719 -0.19752
4.6875 12.5 -0.26577
4.6875 13.281 -0.19866
4.6875 14.063 -0.20927
4.6875 14.844 -0.25385
4.6875 15.625 -0.24219
4.6875 16.406 -0.23287
4.6875 17.188 -0.14723
4.6875 17.969 -0.031302
4.6875 18.75 0.01873
4.6875 19.531 0.0037464
4.6875 20.313 -0.1698
4.6875 21.094 -0.35428
4.6875 21.875 -0.39584
4.6875 22.656 -0.32263
4.6875 23.438 -0.11285
4.6875 24.219 0.097008
4.6875 25 0.2744
5.4688 -24.219 0.28774
5.4688 -23.438 0.16708
5.4688 -22.656 -0.032089
5.4688 -21.875 -0.20204
5.4688 -21.094 -0.27371
5.4688 -20.313 -0.19038
5.4688 -19.531 -0.082719
5.4688 -18.75 -0.01588
5.4688 -17.969 0.011865
5.4688 -17.188 0.076852
5.4688 -16.406 0.034736
5.4688 -15.625 -0.10035
5.4688 -14.844 -0.19589
5.4688 -14.063 -0.018261
5.4688 -13.281 -0.017739
5.4688 -12.5 -0.063016
5.4688 -11.719 -0.13886
5.4688 -10.938 -0.1951
5.4688 -10.156 -0.13288
5.4688 -9.375 -0.12696
5.4688 -8.5938 -0.25709
5.4688 -7.8125 -0.24139
5.4688 -7.0313 -0.19635
5.4688 -6.25 -0.16161
5.4688 -5.4688 -0.054675
5.4688 -4.6875 0.027384
5.4688 -3.9063 -0.084607
5.4688 -3.125 -0.2083
5.4688 -2.3438 -0.25251
5.4688 -1.5625 -0.22532
5.4688 -0.78125 -0.042282
5.4688 0 0.0443
5.4688 0.78125 0.016363
5.4688 1.5625 -0.017724
5.4688 2.3438 -0.12528
5.4688 3.125 -0.13223
5.4688 3.9063 -0.079392
5.4688 4.6875 -0.073301
5.4688 5.4688 -0.12761
5.4688 6.25 -0.15133
5.4688 7.0313 -0.073275
5.4688 7.8125 0.035341
5.4688 8.5938 -0.049183
5.4688 9.375 -0.039891
5.4688 10.156 -0.15663
5.4688 10.938 -0.14526
5.4688 11.719 -0.1493
5.4688 12.5 -0.16501
5.4688 13.281 -0.16832
5.4688 14.063 -0.21159
5.4688 14.844 -0.2902
5.4688 15.625 -0.2229
5.4688 16.406 -0.22659
5.4688 17.188 -0.058861
5.4688 17.969 0.05157
5.4688 18.75 0.09188
5.4688 19.531 0.0026729
5.4688 20.313 -0.18222
5.4688 21.094 -0.31954
5.4688 21.875 -0.29799
5.4688 22.656 -0.25481
5.4688 23.438 -0.097974
5.4688 24.219 0.10099
5.4688 25 0.28
6.25 -24.219 0.31112
6.25 -23.438 0.18515
6.25 -22.656 -0.026123
6.25 -21.875 -0.14975
6.25 -21.094 -0.21427
6.25 -20.313 -0.20928
6.25 -19.531 -0.13329
6.25 -18.75 -0.02845
6.25 -17.969 0.011333
6.25 -17.188 0.088477
6.25 -16.406 0.065434
6.25 -15.625 -0.047695
6.25 -14.844 -0.07968
6.25 -14.063 0.0073965
6.25 -13.281 0.052909
6.25 -12.5 0.016365
6.25 -11.719 -0.097312
6.25 -10.938 -0.16424
6.25 -10.156 -0.10335
6.25 -9.375 -0.097843
6.25 -8.5938 -0.25863
6.25 -7.8125 -0.30458
6.25 -7.0313 -0.1885
6.25 -6.25 -0.081001
6.25 -5.4688 0.0023105
6.25 -4.6875 0.13307
6.25 -3.9063 0.017325
6.25 -3.125 -0.10866
6.25 -2.3438 -0.16324
6.25 -1.5625 -0.19276
6.25 -0.78125 -0.053318
6.25 0 0.072168
6.25 0.78125 0.053962
6.25 1.5625 -0.0096914
6.25 2.3438 -0.072496
6.25 3.125 -0.073939
6.25 3.9063 -0.05401
6.25 4.6875 -0.061329
6.25 5.4688 -0.09465
6.25 6.25 -0.026624
6.25 7.0313 0.020854
6.25 7.8125 0.054744
6.25 8.5938 -0.0055731
6.25 9.375 -0.047974
6.25 10.156 -0.16098
6.25 10.938 -0.15613
6.25 11.719 -0.14499
6.25 12.5 -0.11454
6.25 13.281 -0.073054
6.25 14.063 -0.13329
6.25 14.844 -0.19002
6.25 15.625 -0.18732
6.25 16.406 -0.15806
6.25 17.188 -0.014185
6.25 17.969 0.13639
6.25 18.75 0.10949
6.25 19.531 -0.024152
6.25 20.313 -0.1803
6.25 21.094 -0.27903
6.25 21.875 -0.23941
6.25 22.656 -0.17084
6.25 23.438 -0.038808
6.25 24.219 0.10958
6.25 25 0.24208
7.0313 -24.219 0.33603
7.0313 -23.438 0.21213
7.0313 -22.656 -0.027174
7.0313 -21.875 -0.14712
7.0313 -21.094 -0.1954
7.0313 -20.313 -0.24377
7.0313 -19.531 -0.18715
7.0313 -18.75 -0.045025
7.0313 -17.969 -0.052699
7.0313 -17.188 0.0031419
7.0313 -16.406 0.071885
7.0313 -15.625 0.056303
7.0313 -14.844 0.022706
7.0313 -14.063 0.043988
7.0313 -13.281 0.089886
7.0313 -12.5 0.064872
7.0313 -11.719 -0.099358
7.0313 -10.938 -0.14446
7.0313 -10.156 -0.086644
7.0313 -9.375 -0.15812
7.0313 -8.5938 -0.26933
7.0313 -7.8125 -0.3377
7.0313 -7.0313 -0.21588
7.0313 -6.25 -0.080807
7.0313 -5.4688 0.053611
7.0313 -4.6875 0.11422
7.0313 -3.9063 0.022553
7.0313 -3.125 -0.056782
7.0313 -2.3438 -0.11706
7.0313 -1.5625 -0.12259
7.0313 -0.78125 -0.056942
7.0313 0 0.060029
7.0313 0.78125 0.05056
7.0313 1.5625 0.0052059
7.0313 2.3438 -0.03874
7.0313 3.125 -0.071759
7.0313 3.9063 -0.11952
7.0313 4.6875 -0.07487
7.0313 5.4688 -0.04906
7.0313 6.25 -0.0016273
7.0313 7.0313 0.033207
7.0313 7.8125 0.10288
7.0313 8.5938 0.0019502
7.0313 9.375 -0.091484
7.0313 10.156 -0.15628
7.0313 10.938 -0.17066
7.0313 11.719 -0.14713
7.0313 12.5 -0.13046
7.0313 13.281 -0.06906
7.0313 14.063 -0.12171
7.0313 14.844 -0.10142
7.0313 15.625 -0.13598
7.0313 16.406 -0.1473
7.0313 17.188 -0.019034
7.0313 17.969 0.076852
7.0313 18.75 0.078106
7.0313 19.531 -0.03376
7.0313 20.313 -0.13485
7.0313 21.094 -0.2313
7.0313 21.875 -0.26697
7.0313 22.656 -0.15523
7.0313 23.438 -0.0067992
7.0313 24.219 0.086442
7.0313 25 0.17903
7.8125 -24.219 0.29819
7.8125 -23.438 0.1977
7.8125 -22.656 -0.014115
7.8125 -21.875 -0.12376
7.8125 -21.094 -0.14132
7.8125 -20.313 -0.22579
7.8125 -19.531 -0.23569
7.8125 -18.75 -0.14877
7.8125 -17.969 -0.14935
7.8125 -17.188 -0.063083
7.8125 -16.406 0.024174
7.8125 -15.625 0.081429
7.8125 -14.844 0.070648
7.8125 -14.063 0.12929
7.8125 -13.281 0.10151
7.8125 -12.5 0.048313
7.8125 -11.719 -0.040668
7.8125 -10.938 -0.10962
7.8125 -10.156 -0.10949
7.8125 -9.375 -0.19927
7.8125 -8.5938 -0.28799
7.8125 -7.8125 -0.30241
7.8125 -7.0313 -0.12837
7.8125 -6.25 -0.019126
7.8125 -5.4688 0.04265
7.8125 -4.6875 0.062087
7.8125 -3.9063 0.0064364
7.8125 -3.125 -0.0556
7.8125 -2.3438 -0.078591
7.8125 -1.5625 -0.065023
7.8125 -0.78125 -0.02682
7.8125 0 0.0047105
7.8125 0.78125 0.040076
7.8125 1.5625 0.050108
7.8125 2.3438 0.019079
7.8125 3.125 -0.074081
7.8125 3.9063 -0.09503
7.8125 4.6875 -0.012984
7.8125 5.4688 0.020431
7.8125 6.25 0.014432
7.8125 7.0313 0.054501
7.8125 7.8125 0.10702
7.8125 8.5938 0.0122
7.8125 9.375 -0.060029
7.8125 10.156 -0.10133
7.8125 10.938 -0.14539
7.8125 11.719 -0.16399
7.8125 12.5 -0.16634
7.8125 13.281 -0.10123
7.8125 14.063 -0.1277
7.8125 14.844 -0.11933
7.8125 15.625 -0.095274
7.8125 16.406 -0.10662
7.8125 17.188 0.065221
7.8125 17.969 0.05191
7.8125 18.75 0.0056966
7.8125 19.531 -0.011462
7.8125 20.313 -0.082896
7.8125 21.094 -0.21991
7.8125 21.875 -0.24871
7.8125 22.656 -0.12212
7.8125 23.438 -0.014043
7.8125 24.219 0.058537
7.8125 25 0.17556
8.5938 -24.219 0.16477
8.5938 -23.438 0.23185
8.5938 -22.656 0.062005
8.5938 -21.875 -3.9811e-05
8.5938 -21.094 -0.11613
8.5938 -20.313 -0.1939
8.5938 -19.531 -0.29948
8.5938 -18.75 -0.30455
8.5938 -17.969 -0.19932
8.5938 -17.188 -0.051928
8.5938 -16.406 0.024096
8.5938 -15.625 0.065531
8.5938 -14.844 0.020268
8.5938 -14.063 0.14201
8.5938 -13.281 0.099742
8.5938 -12.5 0.017782
8.5938 -11.719 -0.039676
8.5938 -10.938 -0.077401
8.5938 -10.156 -0.097957
8.5938 -9.375 -0.20726
8.5938 -8.5938 -0.33056
8.5938 -7.8125 -0.23492
8.5938 -7.0313 -0.0095838
8.5938 -6.25 0.050975
8.5938 -5.4688 0.031316
8.5938 -4.6875 0.052016
8.5938 -3.9063 0.019078
8.5938 -3.125 -0.010323
8.5938 -2.3438 -0.015509
8.5938 -1.5625 -0.024493
8.5938 -0.78125 0.0062092
8.5938 0 0.044298
8.5938 0.78125 0.054924
8.5938 1.5625 0.070251
8.5938 2.3438 0.014249
8.5938 3.125 -0.11209
8.5938 3.9063 -0.086714
8.5938 4.6875 0.021506
8.5938 5.4688 0.079442
8.5938 6.25 0.1256
8.5938 7.0313 0.17225
8.5938 7.8125 0.096469
8.5938 8.5938 -0.0030177
8.5938 9.375 -0.01949
8.5938 10.156 -0.090446
8.5938 10.938 -0.13153
8.5938 11.719 -0.13483
8.5938 12.5 -0.13986
8.5938 13.281 -0.1323
8.5938 14.063 -0.13903
8.5938 14.844 -0.13786
8.5938 15.625 0.00065674
8.5938 16.406 -0.0066552
8.5938 17.188 0.058652
8.5938 17.969 0.0042436
8.5938 18.75 -0.043481
8.5938 19.531 -0.094217
8.5938 20.313 -0.096438
8.5938 21.094 -0.19891
8.5938 21.875 -0.19092
8.5938 22.656 -0.10627
8.5938 23.438 -0.029311
8.5938 24.219 0.046339
8.5938 25 0.1172
9.375 -24.219 0.12721
9.375 -23.438 0.22502
9.375 -22.656 0.15015
9.375 -21.875 0.058838
9.375 -21.094 -0.047191
9.375 -20.313 -0.16428
9.375 -19.531 -0.25922
9.375 -18.75 -0.22769
9.375 -17.969 -0.11676
9.375 -17.188 -0.028698
9.375 -16.406 0.059785
9.375 -15.625 0.0222
9.375 -14.844 0.010641
9.375 -14.063 0.096068
9.375 -13.281 0.10021
9.375 -12.5 0.07255
9.375 -11.719 0.029369
9.375 -10.938 -0.099041
9.375 -10.156 -0.13655
9.375 -9.375 -0.21431
9.375 -8.5938 -0.28185
9.375 -7.8125 -0.17861
9.375 -7.0313 0.048351
9.375 -6.25 0.094895
9.375 -5.4688 0.058149
9.375 -4.6875 0.06502
9.375 -3.9063 0.034396
9.375 -3.125 0.004128
9.375 -2.3438 0.021383
9.375 -1.5625 0.042033
9.375 -0.78125 0.060957
9.375 0 0.12191
9.375 0.78125 0.13337
9.375 1.5625 0.13316
9.375 2.3438 0.024775
9.375 3.125 -0.15806
9.375 3.9063 -0.099045
9.375 4.6875 0.051007
9.375 5.4688 0.11917
9.375 6.25 0.18824
9.375 7.0313 0.21893
9.375 7.8125 0.11588
9.375 8.5938 0.072822
9.375 9.375 -0.013838
9.375 10.156 -0.1315
9.375 10.938 -0.16101
9.375 11.719 -0.14037
9.375 12.5 -0.10256
9.375 13.281 -0.081731
9.375 14.063 -0.11314
9.375 14.844 -0.066782
9.375 15.625 0.010047
9.375 16.406 0.066041
9.375 17.188 0.042215
9.375 17.969 0.009668
9.375 18.75 -0.0015726
9.375 19.531 -0.097791
9.375 20.313 -0.14745
9.375 21.094 -0.21087
9.375 21.875 -0.15563
9.375 22.656 -0.036099
9.375 23.438 -0.016173
9.375 24.219 0.054529
9.375 25 0.06013
10.156 -24.219 0.1665
10.156 -23.438 0.22559
10.156 -22.656 0.20258
10.156 -21.875 0.13931
10.156 -21.094 0.047181
10.156 -20.313 -0.15488
10.156 -19.531 -0.18683
10.156 -18.75 -0.15438
10.156 -17.969 -0.053028
10.156 -17.188 0.082112
10.156 -16.406 0.10181
10.156 -15.625 0.024093
10.156 -14.844 0.080988
10.156 -14.063 0.16929
10.156 -13.281 0.13719
10.156 -12.5 0.093001
10.156 -11.719 0.017072
10.156 -10.938 -0.041629
10.156 -10.156 -0.10623
10.156 -9.375 -0.18543
10.156 -8.5938 -0.21137
10.156 -7.8125 -0.12832
10.156 -7.0313 0.085033
10.156 -6.25 0.17807
10.156 -5.4688 0.03983
10.156 -4.6875 0.016635
10.156 -3.9063 0.0059856
10.156 -3.125 -0.0069106
10.156 -2.3438 0.076987
10.156 -1.5625 0.1092
10.156 -0.78125 0.14951
10.156 0 0.12713
10.156 0.78125 0.15018
10.156 1.5625 0.10413
10.156 2.3438 -0.0019934
10.156 3.125 -0.12314
10.156 3.9063 -0.038042
10.156 4.6875 0.082214
10.156 5.4688 0.21475
10.156 6.25 0.27156
10.156 7.0313 0.25765
10.156 7.8125 0.14904
10.156 8.5938 0.10627
10.156 9.375 -0.020963
10.156 10.156 -0.162
10.156 10.938 -0.18481
10.156 11.719 -0.15075
10.156 12.5 -0.087463
10.156 13.281 -0.018431
10.156 14.063 -0.068365
10.156 14.844 -0.013027
10.156 15.625 0.095501
10.156 16.406 0.11762
10.156 17.188 0.07766
10.156 17.969 0.10847
10.156 18.75 0.0469
10.156 19.531 -0.055914
10.156 20.313 -0.20205
10.156 21.094 -0.21269
10.156 21.875 -0.13256
10.156 22.656 -0.023175
10.156 23.438 0.05035
10.156 24.219 0.091064
10.156 25 0.096892
10.938 -24.219 0.13483
10.938 -23.438 0.23711
10.938 -22.656 0.24728
10.938 -21.875 0.18297
10.938 -21.094 0.05796
10.938 -20.313 -0.16989
10.938 -19.531 -0.18535
10.938 -18.75 -0.12916
10.938 -17.969 0.00070511
10.938 -17.188 0.09218
10.938 -16.406 0.12616
10.938 -15.625 0.1278
10.938 -14.844 0.14556
10.938 -14.063 0.1919
10.938 -13.281 0.1746
10.938 -12.5 0.083783
10.938 -11.719 0.026953
10.938 -10.938 -0.016397
10.938 -10.156 -0.086986
10.938 -9.375 -0.18974
10.938 -8.5938 -0.18778
10.938 -7.8125 -0.05469
10.938 -7.0313 0.1163
10.938 -6.25 0.1116
10.938 -5.4688 0.0010248
10.938 -4.6875 -0.0074677
10.938 -3.9063 -0.015344
10.938 -3.125 0.041346
10.938 -2.3438 0.11061
10.938 -1.5625 0.11803
10.938 -0.78125 0.11594
10.938 0 0.099038
10.938 0.78125 0.14344
10.938 1.5625 0.10927
10.938 2.3438 -0.051981
10.938 3.125 -0.076036
10.938 3.9063 0.0024595
10.938 4.6875 0.11406
10.938 5.4688 0.30648
10.938 6.25 0.34499
10.938 7.0313 0.27442
10.938 7.8125 0.15294
10.938 8.5938 0.11852
10.938 9.375 -0.029069
10.938 10.156 -0.17819
10.938 10.938 -0.21127
10.938 11.719 -0.13129
10.938 12.5 -0.025672
10.938 13.281 0.086669
10.938 14.063 -0.0038738
10.938 14.844 -0.02291
10.938 15.625 0.10652
10.938 16.406 0.1352
10.938 17.188 0.1044
10.938 17.969 0.15499
10.938 18.75 0.10867
10.938 19.531 -0.029568
10.938 20.313 -0.17499
10.938 21.094 -0.21076
10.938 21.875 -0.13187
10.938 22.656 -0.029549
10.938 23.438 0.090987
10.938 24.219 0.16171
10.938 25 0.059289
11.719 -24.219 0.2249
11.719 -23.438 0.31093
11.719 -22.656 0.29056
11.719 -21.875 0.21467
11.719 -21.094 0.084361
11.719 -20.313 -0.12982
11.719 -19.531 -0.1535
11.719 -18.75 -0.11331
11.719 -17.969 0.035386
11.719 -17.188 0.093803
11.719 -16.406 0.18511
11.719 -15.625 0.18189
11.719 -14.844 0.16223
11.719 -14.063 0.19933
11.719 -13.281 0.18364
11.719 -12.5 0.11004
11.719 -11.719 0.11497
11.719 -10.938 0.031157
11.719 -10.156 -0.022051
11.719 -9.375 -0.12658
11.719 -8.5938 -0.08937
11.719 -7.8125 0.019053
11.719 -7.0313 0.12576
11.719 -6.25 0.12933
11.719 -5.4688 0.033347
11.719 -4.6875 0.033987
11.719 -3.9063 0.052887
11.719 -3.125 0.083822
11.719 -2.3438 0.18969
11.719 -1.5625 0.041957
11.719 -0.78125 0.049779
11.719 0 0.093376
11.719 0.78125 0.17025
11.719 1.5625 0.084773
11.719 2.3438 0.010397
11.719 3.125 -0.049313
11.719 3.9063 0.030734
11.719 4.6875 0.1893
11.719 5.4688 0.38032
11.719 6.25 0.42167
11.719 7.0313 0.3477
11.719 7.8125 0.2289
11.719 8.5938 0.12754
11.719 9.375 -0.032899
11.719 10.156 -0.16849
11.719 10.938 -0.14902
11.719 11.719 -0.026889
11.719 12.5 0.084511
11.719 13.281 0.17109
11.719 14.063 0.084381
11.719 14.844 0.076795
11.719 15.625 0.13377
11.719 16.406 0.13628
11.719 17.188 0.13749
11.719 17.969 0.11342
11.719 18.75 0.11569
11.719 19.531 0.057253
11.719 20.313 -0.11024
11.719 21.094 -0.097575
11.719 21.875 -0.037065
11.719 22.656 -0.011076
11.719 23.438 0.11616
11.719 24.219 0.18165
11.719 25 0.14413
12.5 -24.219 0.29712
12.5 -23.438 0.33577
12.5 -22.656 0.29656
12.5 -21.875 0.2402
12.5 -21.094 0.10294
12.5 -20.313 -0.071254
12.5 -19.531 -0.1144
12.5 -18.75 -0.075434
12.5 -17.969 0.028417
12.5 -17.188 0.14138
12.5 -16.406 0.25748
12.5 -15.625 0.2391
12.5 -14.844 0.11687
12.5 -14.063 0.10955
12.5 -13.281 0.11328
12.5 -12.5 0.078133
12.5 -11.719 0.10008
12.5 -10.938 0.07766
12.5 -10.156 -0.01438
12.5 -9.375 -0.040309
12.5 -8.5938 -0.051519
12.5 -7.8125 0.011441
12.5 -7.0313 0.079362
12.5 -6.25 0.14752
12.5 -5.4688 0.068493
12.5 -4.6875 0.091938
12.5 -3.9063 0.12853
12.5 -3.125 0.12731
12.5 -2.3438 0.20566
12.5 -1.5625 0.09131
12.5 -0.78125 0.077724
12.5 0 0.14307
12.5 0.78125 0.12102
12.5 1.5625 0.08572
12.5 2.3438 0.034303
12.5 3.125 -0.0361
12.5 3.9063 0.059763
12.5 4.6875 0.24388
12.5 5.4688 0.39576
12.5 6.25 0.51552
12.5 7.0313 0.40517
12.5 7.8125 0.2923
12.5 8.5938 0.11131
12.5 9.375 -0.086042
12.5 10.156 -0.18002
12.5 10.938 -0.09994
12.5 11.719 0.033073
12.5 12.5 0.13254
12.5 13.281 0.20685
12.5 14.063 0.1799
12.5 14.844 0.12589
12.5 15.625 0.10276
12.5 16.406 0.13844
12.5 17.188 0.17666
12.5 17.969 0.15742
12.5 18.75 0.12389
12.5 19.531 0.049069
12.5 20.313 -0.013549
12.5 21.094 0.024297
12.5 21.875 -0.0030388
12.5 22.656 0.012672
12.5 23.438 0.14309
12.5 24.219 0.21623
12.5 25 0.26919
13.281 -24.219 0.33334
13.281 -23.438 0.30022
13.281 -22.656 0.26599
13.281 -21.875 0.25817
13.281 -21.094 0.11635
13.281 -20.313 0.0029344
13.281 -19.531 -0.072146
13.281 -18.75 -0.050134
13.281 -17.969 0.032436
13.281 -17.188 0.18841
13.281 -16.406 0.28686
13.281 -15.625 0.2173
13.281 -14.844 0.12047
13.281 -14.063 0.099155
13.281 -13.281 0.048982
13.281 -12.5 0.0138
13.281 -11.719 0.086363
13.281 -10.938 0.079821
13.281 -10.156 0.037631
13.281 -9.375 0.00048889
13.281 -8.5938 -0.064951
13.281 -7.8125 0.03132
13.281 -7.0313 0.08881
13.281 -6.25 0.11287
13.281 -5.4688 0.12623
13.281 -4.6875 0.14099
13.281 -3.9063 0.15266
13.281 -3.125 0.1791
13.281 -2.3438 0.20699
13.281 -1.5625 0.12107
13.281 -0.78125 0.11953
13.281 0 0.18147
13.281 0.78125 0.121
13.281 1.5625 0.065349
13.281 2.3438 -0.007438
13.281 3.125 0.020043
13.281 3.9063 0.1772
13.281 4.6875 0.27113
13.281 5.4688 0.37692
13.281 6.25 0.50295
13.281 7.0313 0.38824
13.281 7.8125 0.3
13.281 8.5938 0.10317
13.281 9.375 -0.13517
13.281 10.156 -0.19645
13.281 10.938 -0.065536
13.281 11.719 0.080771
13.281 12.5 0.2024
13.281 13.281 0.23196
13.281 14.063 0.21165
13.281 14.844 0.087462
13.281 15.625 0.079488
13.281 16.406 0.083902
13.281 17.188 0.16157
13.281 17.969 0.18995
13.281 18.75 0.13886
13.281 19.531 0.096808
13.281 20.313 0.060507
13.281 21.094 -0.012992
13.281 21.875 0.033156
13.281 22.656 0.039648
13.281 23.438 0.15625
13.281 24.219 0.23242
13.281 25 0.34312
14.063 -24.219 0.30982
14.063 -23.438 0.25622
14.063 -22.656 0.19828
14.063 -21.875 0.21631
14.063 -21.094 0.12678
14.063 -20.313 -0.016158
14.063 -19.531 -0.097691
14.063 -18.75 -0.023647
14.063 -17.969 0.051665
14.063 -17.188 0.21
14.063 -16.406 0.26098
14.063 -15.625 0.2114
14.063 -14.844 0.16733
14.063 -14.063 0.10406
14.063 -13.281 -0.03136
14.063 -12.5 0.054925
14.063 -11.719 0.14621
14.063 -10.938 0.11739
14.063 -10.156 0.022695
14.063 -9.375 -0.015709
14.063 -8.5938 -0.082767
14.063 -7.8125 0.029316
14.063 -7.0313 0.10488
14.063 -6.25 0.10135
14.063 -5.4688 0.10628
14.063 -4.6875 0.096048
14.063 -3.9063 0.098359
14.063 -3.125 0.13617
14.063 -2.3438 0.11351
14.063 -1.5625 0.11614
14.063 -0.78125 0.15508
14.063 0 0.19135
14.063 0.78125 0.077911
14.063 1.5625 0.011525
14.063 2.3438 -0.0060563
14.063 3.125 0.023184
14.063 3.9063 0.19747
14.063 4.6875 0.27759
14.063 5.4688 0.36597
14.063 6.25 0.35079
14.063 7.0313 0.30965
14.063 7.8125 0.2323
14.063 8.5938 0.0047337
14.063 9.375 -0.13404
14.063 10.156 -0.1684
14.063 10.938 -0.12153
14.063 11.719 0.0247
14.063 12.5 0.18919
14.063 13.281 0.19929
14.063 14.063 0.083022
14.063 14.844 0.017476
14.063 15.625 0.045827
14.063 16.406 0.0073545
14.063 17.188 0.094598
14.063 17.969 0.20217
14.063 18.75 0.12735
14.063 19.531 0.064138
14.063 20.313 0.045903
14.063 21.094 -0.093994
14.063 21.875 -0.03894
14.063 22.656 0.037638
14.063 23.438 0.096827
14.063 24.219 0.21943
14.063 25 0.31772
14.844 -24.219 0.25677
14.844 -23.438 0.24649
14.844 -22.656 0.18996
14.844 -21.875 0.14891
14.844 -21.094 0.083058
14.844 -20.313 -0.10259
14.844 -19.531 -0.10803
14.844 -18.75 -0.032194
14.844 -17.969 0.09402
14.844 -17.188 0.2352
14.844 -16.406 0.27996
14.844 -15.625 0.18408
14.844 -14.844 0.11749
14.844 -14.063 0.087789
14.844 -13.281 0.00030071
14.844 -12.5 0.043011
14.844 -11.719 0.18233
14.844 -10.938 0.17403
14.844 -10.156 0.05044
14.844 -9.375 -0.049901
14.844 -8.5938 -0.055344
14.844 -7.8125 0.032646
14.844 -7.0313 0.088214
14.844 -6.25 0.13798
14.844 -5.4688 0.095884
14.844 -4.6875 0.037865
14.844 -3.9063 0.050664
14.844 -3.125 0.095498
14.844 -2.3438 0.068423
14.844 -1.5625 0.093229
14.844 -0.78125 0.1475
14.844 0 0.13251
14.844 0.78125 0.066645
14.844 1.5625 0.015363
14.844 2.3438 0.0031633
14.844 3.125 0.014165
14.844 3.9063 0.18799
14.844 4.6875 0.26326
14.844 5.4688 0.27635
14.844 6.25 0.24087
14.844 7.0313 0.27673
14.844 7.8125 0.18223
14.844 8.5938 -0.055652
14.844 9.375 -0.13326
14.844 10.156 -0.13156
14.844 10.938 -0.1134
14.844 11.719 0.022635
14.844 12.5 0.14001
14.844 13.281 0.11832
14.844 14.063 -0.0064515
14.844 14.844 0.0013016
14.844 15.625 -0.0018465
14.844 16.406 -0.080216
14.844 17.188 0.022864
14.844 17.969 0.15979
14.844 18.75 0.088973
14.844 19.531 0.058435
14.844 20.313 -0.0070482
14.844 21.094 -0.13328
14.844 21.875 -0.11193
14.844 22.656 -0.012934
14.844 23.438 0.0799
14.844 24.219 0.17638
14.844 25 0.28471
15.625 -24.219 0.27316
15.625 -23.438 0.25602
15.625 -22.656 0.1859
15.625 -21.875 0.085335
15.625 -21.094 0.02253
15.625 -20.313 -0.13779
15.625 -19.531 -0.10321
15.625 -18.75 0.012719
15.625 -17.969 0.15272
15.625 -17.188 0.24999
15.625 -16.406 0.28872
15.625 -15.625 0.2099
15.625 -14.844 0.10741
15.625 -14.063 0.066227
15.625 -13.281 0.024198
15.625 -12.5 0.05918
15.625 -11.719 0.12375
15.625 -10.938 0.10061
15.625 -10.156 0.032359
15.625 -9.375 -0.04531
15.625 -8.5938 -0.031557
15.625 -7.8125 0.013534
15.625 -7.0313 0.1321
15.625 -6.25 0.1178
15.625 -5.4688 0.063588
15.625 -4.6875 0.028965
15.625 -3.9063 0.010569
15.625 -3.125 0.016188
15.625 -2.3438 0.037268
15.625 -1.5625 0.052506
15.625 -0.78125 0.088953
15.625 0 0.12632
15.625 0.78125 0.061019
15.625 1.5625 0.026031
15.625 2.3438 0.019529
15.625 3.125 0.060037
15.625 3.9063 0.20308
15.625 4.6875 0.24401
15.625 5.4688 0.2319
15.625 6.25 0.25102
15.625 7.0313 0.24412
15.625 7.8125 0.16234
15.625 8.5938 -0.017484
15.625 9.375 -0.10721
15.625 10.156 -0.10826
15.625 10.938 -0.089486
15.625 11.719 0.011756
15.625 12.5 0.13004
15.625 13.281 0.11378
15.625 14.063 -0.025313
15.625 14.844 0.023348
15.625 15.625 -0.01107
15.625 16.406 -0.049779
15.625 17.188 0.026776
15.625 17.969 0.070145
15.625 18.75 0.052844
15.625 19.531 0.035146
15.625 20.313 -0.013977
15.625 21.094 -0.15389
15.625 21.875 -0.1372
15.625 22.656 -0.019585
15.625 23.438 0.07929
15.625 24.219 0.18861
15.625 25 0.33447
16.406 -24.219 0.26854
16.406 -23.438 0.18579
16.406 -22.656 0.099791
16.406 -21.875 0.053321
16.406 -21.094 -0.01769
16.406 -20.313 -0.089066
16.406 -19.531 -0.10639
16.406 -18.75 0.029514
16.406 -17.969 0.19433
16.406 -17.188 0.2177
16.406 -16.406 0.26907
16.406 -15.625 0.196
16.406 -14.844 0.10649
16.406 -14.063 0.073284
16.406 -13.281 0.034226
16.406 -12.5 0.044946
16.406 -11.719 0.067822
16.406 -10.938 0.0047531
16.406 -10.156 0.0011559
16.406 -9.375 -0.03975
16.406 -8.5938 -0.028713
16.406 -7.8125 0.056663
16.406 -7.0313 0.12859
16.406 -6.25 0.047309
16.406 -5.4688 0.016668
16.406 -4.6875 -0.033904
16.406 -3.9063 -0.067306
16.406 -3.125 -0.028621
16.406 -2.3438 0.030386
16.406 -1.5625 -0.0072142
16.406 -0.78125 0.057489
16.406 0 0.095442
16.406 0.78125 0.04131
16.406 1.5625 -0.0073734
16.406 2.3438 0.042292
16.406 3.125 0.023263
16.406 3.9063 0.16588
16.406 4.6875 0.1887
16.406 5.4688 0.23141
16.406 6.25 0.26547
16.406 7.0313 0.22207
16.406 7.8125 0.093878
16.406 8.5938 0.027051
16.406 9.375 -0.068978
16.406 10.156 -0.08545
16.406 10.938 -0.08966
16.406 11.719 -0.013031
16.406 12.5 0.059894
16.406 13.281 0.070304
16.406 14.063 0.014404
16.406 14.844 0.053407
16.406 15.625 0.0077881
16.406 16.406 -0.085611
16.406 17.188 -0.060581
16.406 17.969 0.046342
16.406 18.75 0.03076
16.406 19.531 0.021291
16.406 20.313 -0.074719
16.406 21.094 -0.12366
16.406 21.875 -0.11452
16.406 22.656 -0.087035
16.406 23.438 0.02161
16.406 24.219 0.18455
16.406 25 0.28982
17.188 -24.219 0.24368
17.188 -23.438 0.13377
17.188 -22.656 0.035388
17.188 -21.875 -0.041212
17.188 -21.094 -0.041395
17.188 -20.313 -0.095534
17.188 -19.531 -0.059008
17.188 -18.75 0.042599
17.188 -17.969 0.19945
17.188 -17.188 0.23946
17.188 -16.406 0.26505
17.188 -15.625 0.18919
17.188 -14.844 0.10983
17.188 -14.063 0.052375
17.188 -13.281 0.042586
17.188 -12.5 0.041041
17.188 -11.719 0.073956
17.188 -10.938 -0.039262
17.188 -10.156 -0.011587
17.188 -9.375 -0.016747
17.188 -8.5938 0.015472
17.188 -7.8125 0.068306
17.188 -7.0313 0.14526
17.188 -6.25 0.12219
17.188 -5.4688 0.020941
17.188 -4.6875 -0.10233
17.188 -3.9063 -0.059334
17.188 -3.125 -0.020688
17.188 -2.3438 0.044858
17.188 -1.5625 -0.014902
17.188 -0.78125 0.064168
17.188 0 0.063291
17.188 0.78125 0.016035
17.188 1.5625 0.018594
17.188 2.3438 0.083103
17.188 3.125 0.010554
17.188 3.9063 0.10206
17.188 4.6875 0.17277
17.188 5.4688 0.238
17.188 6.25 0.24
17.188 7.0313 0.20337
17.188 7.8125 0.066541
17.188 8.5938 0.010351
17.188 9.375 -0.1066
17.188 10.156 -0.057478
17.188 10.938 -0.054978
17.188 11.719 -0.010344
17.188 12.5 -0.03565
17.188 13.281 0.025052
17.188 14.063 0.0037109
17.188 14.844 0.061922
17.188 15.625 0.040095
17.188 16.406 -0.074322
17.188 17.188 -0.084969
17.188 17.969 0.053471
17.188 18.75 0.011322
17.188 19.531 0.0040744
17.188 20.313 -0.10218
17.188 21.094 -0.088188
17.188 21.875 -0.16713
17.188 22.656 -0.12482
17.188 23.438 -0.022427
17.188 24.219 0.1695
17.188 25 0.24834
17.969 -24.219 0.22538
17.969 -23.438 0.12766
17.969 -22.656 -0.052725
17.969 -21.875 -0.1395
17.969 -21.094 -0.13118
17.969 -20.313 -0.083203
17.969 -19.531 -0.047875
17.969 -18.75 0.038619
17.969 -17.969 0.16399
17.969 -17.188 0.23252
17.969 -16.406 0.22849
17.969 -15.625 0.14675
17.969 -14.844 0.080601
17.969 -14.063 0.062076
17.969 -13.281 0.050286
17.969 -12.5 0.064457
17.969 -11.719 0.058799
17.969 -10.938 -0.0011462
17.969 -10.156 -0.020868
17.969 -9.375 -0.044869
17.969 -8.5938 -0.028139
17.969 -7.8125 0.045553
17.969 -7.0313 0.13192
17.969 -6.25 0.1482
17.969 -5.4688 0.022905
17.969 -4.6875 -0.070871
17.969 -3.9063 -0.087167
17.969 -3.125 -0.034711
17.969 -2.3438 -0.019117
17.969 -1.5625 -0.0087348
17.969 -0.78125 0.0047861
17.969 0 -0.0091753
17.969 0.78125 0.011916
17.969 1.5625 0.05171
17.969 2.3438 0.018887
17.969 3.125 -0.037141
17.969 3.9063 0.045451
17.969 4.6875 0.15017
17.969 5.4688 0.13331
17.969 6.25 0.15831
17.969 7.0313 0.13769
17.969 7.8125 0.083722
17.969 8.5938 -0.045925
17.969 9.375 -0.10432
17.969 10.156 -0.053244
17.969 10.938 -0.033307
17.969 11.719 0.010901
17.969 12.5 -0.02429
17.969 13.281 -0.013394
17.969 14.063 0.048436
17.969 14.844 0.060836
17.969 15.625 0.027386
17.969 16.406 -0.12362
17.969 17.188 -0.093969
17.969 17.969 0.018734
17.969 18.75 0.025965
17.969 19.531 -0.021976
17.969 20.313 -0.061408
17.969 21.094 -0.062865
17.969 21.875 -0.14997
17.969 22.656 -0.16992
17.969 23.438 -0.0395
17.969 24.219 0.11898
17.969 25 0.22775
18.75 -24.219 0.16459
18.75 -23.438 0.093837
18.75 -22.656 -0.07702
18.75 -21.875 -0.14225
18.75 -21.094 -0.13237
18.75 -20.313 -0.12528
18.75 -19.531 -0.060333
18.75 -18.75 0.0096724
18.75 -17.969 0.094615
18.75 -17.188 0.21931
18.75 -16.406 0.15223
18.75 -15.625 0.095767
18.75 -14.844 0.097654
18.75 -14.063 0.06738
18.75 -13.281 0.095896
18.75 -12.5 0.10789
18.75 -11.719 0.10637
18.75 -10.938 0.033521
18.75 -10.156 -0.05405
18.75 -9.375 -0.10259
18.75 -8.5938 -0.057372
18.75 -7.8125 0.014818
18.75 -7.0313 0.14304
18.75 -6.25 0.16141
18.75 -5.4688 0.070221
18.75 -4.6875 0.056505
18.75 -3.9063 0.028985
18.75 -3.125 0.021072
18.75 -2.3438 0.0079351
18.75 -1.5625 -0.064872
18.75 -0.78125 0.019853
18.75 0 0.024012
18.75 0.78125 -0.006845
18.75 1.5625 0.050629
18.75 2.3438 -0.046715
18.75 3.125 -0.075541
18.75 3.9063 0.038413
18.75 4.6875 0.14411
18.75 5.4688 0.13362
18.75 6.25 0.1339
18.75 7.0313 0.11032
18.75 7.8125 0.071268
18.75 8.5938 0.0052609
18.75 9.375 -0.078713
18.75 10.156 -0.02339
18.75 10.938 0.0014377
18.75 11.719 0.029957
18.75 12.5 0.044404
18.75 13.281 0.066867
18.75 14.063 0.097924
18.75 14.844 0.086203
18.75 15.625 -0.021282
18.75 16.406 -0.17506
18.75 17.188 -0.093657
18.75 17.969 0.0070158
18.75 18.75 0.017812
18.75 19.531 -0.03971
18.75 20.313 -0.010659
18.75 21.094 -0.045852
18.75 21.875 -0.16019
18.75 22.656 -0.15098
18.75 23.438 -0.022118
18.75 24.219 0.09431
18.75 25 0.18896
19.531 -24.219 0.14611
19.531 -23.438 0.091882
19.531 -22.656 -0.0058612
19.531 -21.875 -0.049357
19.531 -21.094 -0.071365
19.531 -20.313 -0.059947
19.531 -19.531 -0.034298
19.531 -18.75 0.04768
19.531 -17.969 0.11239
19.531 -17.188 0.20461
19.531 -16.406 0.12027
19.531 -15.625 0.042482
19.531 -14.844 0.047395
19.531 -14.063 0.08904
19.531 -13.281 0.094724
19.531 -12.5 0.17391
19.531 -11.719 0.11616
19.531 -10.938 0.028701
19.531 -10.156 -0.050752
19.531 -9.375 -0.049622
19.531 -8.5938 0.0014442
19.531 -7.8125 0.077944
19.531 -7.0313 0.13682
19.531 -6.25 0.15548
19.531 -5.4688 0.10761
19.531 -4.6875 0.14459
19.531 -3.9063 0.11156
19.531 -3.125 0.10977
19.531 -2.3438 0.065561
19.531 -1.5625 -0.059815
19.531 -0.78125 0.052872
19.531 0 0.05157
19.531 0.78125 0.036454
19.531 1.5625 0.031165
19.531 2.3438 -0.015432
19.531 3.125 0.0056416
19.531 3.9063 0.070397
19.531 4.6875 0.12027
19.531 5.4688 0.13373
19.531 6.25 0.14917
19.531 7.0313 0.10898
19.531 7.8125 0.10098
19.531 8.5938 0.03033
19.531 9.375 -0.0027135
19.531 10.156 0.022644
19.531 10.938 0.067911
19.531 11.719 0.13839
19.531 12.5 0.11431
19.531 13.281 0.12506
19.531 14.063 0.12921
19.531 14.844 0.10096
19.531 15.625 -0.036187
19.531 16.406 -0.22625
19.531 17.188 -0.15617
19.531 17.969 0.021737
19.531 18.75 0.045507
19.531 19.531 -0.038867
19.531 20.313 0.0053159
19.531 21.094 -0.053908
19.531 21.875 -0.13666
19.531 22.656 -0.1065
19.531 23.438 0.028002
19.531 24.219 0.097277
19.531 25 0.16855
20.313 -24.219 0.15533
20.313 -23.438 0.073378
20.313 -22.656 0.0093212
20.313 -21.875 0.013252
20.313 -21.094 0.038956
20.313 -20.313 -0.017064
20.313 -19.531 -0.031925
20.313 -18.75 0.053866
20.313 -17.969 0.12754
20.313 -17.188 0.19152
20.313 -16.406 0.15978
20.313 -15.625 0.018998
20.313 -14.844 0.0085599
20.313 -14.063 0.049887
20.313 -13.281 0.080395
20.313 -12.5 0.2115
20.313 -11.719 0.17308
20.313 -10.938 0.1004
20.313 -10.156 0.0057873
20.313 -9.375 -0.010508
20.313 -8.5938 0.041908
20.313 -7.8125 0.097524
20.313 -7.0313 0.1289
20.313 -6.25 0.14514
20.313 -5.4688 0.093759
20.313 -4.6875 0.15957
20.313 -3.9063 0.14386
20.313 -3.125 0.16715
20.313 -2.3438 0.095902
20.313 -1.5625 0.021435
20.313 -0.78125 0.049285
20.313 0 0.063812
20.313 0.78125 0.07686
20.313 1.5625 0.090936
20.313 2.3438 0.047278
20.313 3.125 0.103
20.313 3.9063 0.13653
20.313 4.6875 0.10838
20.313 5.4688 0.12331
20.313 6.25 0.15444
20.313 7.0313 0.05991
20.313 7.8125 0.069156
20.313 8.5938 0.044157
20.313 9.375 0.037087
20.313 10.156 0.011765
20.313 10.938 0.057991
20.313 11.719 0.15438
20.313 12.5 0.2155
20.313 13.281 0.21858
20.313 14.063 0.18831
20.313 14.844 0.099017
20.313 15.625 -0.063683
20.313 16.406 -0.26708
20.313 17.188 -0.17186
20.313 17.969 0.025101
20.313 18.75 0.06453
20.313 19.531 0.00071341
20.313 20.313 0.016707
20.313 21.094 -0.072619
20.313 21.875 -0.10596
20.313 22.656 -0.10311
20.313 23.438 0.0039868
20.313 24.219 0.10761
20.313 25 0.17498
21.094 -24.219 0.24241
21.094 -23.438 0.10357
21.094 -22.656 0.02866
21.094 -21.875 0.086809
21.094 -21.094 0.052021
21.094 -20.313 -0.010188
21.094 -19.531 0.013295
21.094 -18.75 0.033952
21.094 -17.969 0.13713
21.094 -17.188 0.1548
21.094 -16.406 0.13446
21.094 -15.625 0.024782
21.094 -14.844 0.021715
21.094 -14.063 0.06651
21.094 -13.281 0.16788
21.094 -12.5 0.24483
21.094 -11.719 0.22273
21.094 -10.938 0.15605
21.094 -10.156 0.057516
21.094 -9.375 -0.0035058
21.094 -8.5938 0.043446
21.094 -7.8125 0.11242
21.094 -7.0313 0.13958
21.094 -6.25 0.18588
21.094 -5.4688 0.1125
21.094 -4.6875 0.11311
21.094 -3.9063 0.14458
21.094 -3.125 0.14436
21.094 -2.3438 0.11586
21.094 -1.5625 -0.0027948
21.094 -0.78125 -0.0038562
21.094 0 -0.0034991
21.094 0.78125 0.089362
21.094 1.5625 0.1204
21.094 2.3438 0.12448
21.094 3.125 0.12388
21.094 3.9063 0.12283
21.094 4.6875 0.087642
21.094 5.4688 0.061306
21.094 6.25 0.056926
21.094 7.0313 0.048596
21.094 7.8125 0.037453
21.094 8.5938 0.067285
21.094 9.375 0.014583
21.094 10.156 -0.053844
21.094 10.938 0.018395
21.094 11.719 0.17161
21.094 12.5 0.26081
21.094 13.281 0.30863
21.094 14.063 0.22332
21.094 14.844 0.087273
21.094 15.625 -0.027523
21.094 16.406 -0.17799
21.094 17.188 -0.18429
21.094 17.969 -0.031488
21.094 18.75 0.024494
21.094 19.531 -0.024231
21.094 20.313 0.0095444
21.094 21.094 -0.009813
21.094 21.875 -0.035962
21.094 22.656 -0.059774
21.094 23.438 0.01627
21.094 24.219 0.14537
21.094 25 0.22213
21.875 -24.219 0.27149
21.875 -23.438 0.081485
21.875 -22.656 0.045812
21.875 -21.875 0.10312
21.875 -21.094 0.050222
21.875 -20.313 -0.063877
21.875 -19.531 0.006018
21.875 -18.75 0.028315
21.875 -17.969 0.14121
21.875 -17.188 0.14058
21.875 -16.406 0.13749
21.875 -15.625 0.025979
21.875 -14.844 0.0029934
21.875 -14.063 0.06017
21.875 -13.281 0.18249
21.875 -12.5 0.22201
21.875 -11.719 0.22611
21.875 -10.938 0.1251
21.875 -10.156 0.06869
21.875 -9.375 0.045381
21.875 -8.5938 0.063549
21.875 -7.8125 0.11398
21.875 -7.0313 0.17596
21.875 -6.25 0.19106
21.875 -5.4688 0.12783
21.875 -4.6875 0.096972
21.875 -3.9063 0.12162
21.875 -3.125 0.12843
21.875 -2.3438 0.050985
21.875 -1.5625 -0.039206
21.875 -0.78125 -0.06053
21.875 0 -0.055158
21.875 0.78125 0.11782
21.875 1.5625 0.17955
21.875 2.3438 0.20029
21.875 3.125 0.1642
21.875 3.9063 0.13444
21.875 4.6875 0.10403
21.875 5.4688 0.045015
21.875 6.25 0.07569
21.875 7.0313 0.0060174
21.875 7.8125 0.01995
21.875 8.5938 0.062055
21.875 9.375 0.01605
21.875 10.156 -0.016165
21.875 10.938 0.037757
21.875 11.719 0.22301
21.875 12.5 0.28239
21.875 13.281 0.30313
21.875 14.063 0.1873
21.875 14.844 0.077949
21.875 15.625 0.013921
21.875 16.406 -0.079234
21.875 17.188 -0.092845
21.875 17.969 -0.0298
21.875 18.75 0.012925
21.875 19.531 -0.060481
21.875 20.313 -0.00084711
21.875 21.094 0.047449
21.875 21.875 -0.066402
21.875 22.656 -0.082911
21.875 23.438 0.0061244
21.875 24.219 0.12001
21.875 25 0.25345
22.656 -24.219 0.25642
22.656 -23.438 0.082231
22.656 -22.656 -0.00045693
22.656 -21.875 0.026257
22.656 -21.094 0.016461
22.656 -20.313 -0.080943
22.656 -19.531 -0.041707
22.656 -18.75 0.041157
22.656 -17.969 0.1095
22.656 -17.188 0.13429
22.656 -16.406 0.11807
22.656 -15.625 0.039504
22.656 -14.844 -0.012269
22.656 -14.063 0.095028
22.656 -13.281 0.15069
22.656 -12.5 0.19892
22.656 -11.719 0.1817
22.656 -10.938 0.099667
22.656 -10.156 0.096846
22.656 -9.375 0.087266
22.656 -8.5938 0.061261
22.656 -7.8125 0.11256
22.656 -7.0313 0.19216
22.656 -6.25 0.22923
22.656 -5.4688 0.16069
22.656 -4.6875 0.079698
22.656 -3.9063 0.073318
22.656 -3.125 0.084412
22.656 -2.3438 0.048511
22.656 -1.5625 -0.10701
22.656 -0.78125 -0.14494
22.656 0 -0.059248
22.656 0.78125 0.13645
22.656 1.5625 0.2196
22.656 2.3438 0.26347
22.656 3.125 0.19576
22.656 3.9063 0.15322
22.656 4.6875 0.049639
22.656 5.4688 0.015546
22.656 6.25 0.076824
22.656 7.0313 0.0836
22.656 7.8125 0.11484
22.656 8.5938 0.10399
22.656 9.375 0.042658
22.656 10.156 0.037096
22.656 10.938 0.079426
22.656 11.719 0.19141
22.656 12.5 0.29204
22.656 13.281 0.29375
22.656 14.063 0.16404
22.656 14.844 0.13201
22.656 15.625 0.09024
22.656 16.406 0.002435
22.656 17.188 -0.042906
22.656 17.969 -0.039823
22.656 18.75 0.034534
22.656 19.531 -0.00028018
22.656 20.313 0.020807
22.656 21.094 0.041522
22.656 21.875 -0.11918
22.656 22.656 -0.12519
22.656 23.438 -0.02975
22.656 24.219 0.093818
22.656 25 0.23056
23.438 -24.219 0.20748
23.438 -23.438 0.053157
23.438 -22.656 -0.037906
23.438 -21.875 -0.034935
23.438 -21.094 -0.089216
23.438 -20.313 -0.16166
23.438 -19.531 -0.13369
23.438 -18.75 0.026859
23.438 -17.969 0.057704
23.438 -17.188 0.11052
23.438 -16.406 0.11918
23.438 -15.625 0.058043
23.438 -14.844 0.010522
23.438 -14.063 0.069833
23.438 -13.281 0.1095
23.438 -12.5 0.16971
23.438 -11.719 0.15435
23.438 -10.938 0.073
23.438 -10.156 0.10673
23.438 -9.375 0.090376
23.438 -8.5938 0.12462
23.438 -7.8125 0.1984
23.438 -7.0313 0.26199
23.438 -6.25 0.22537
23.438 -5.4688 0.14891
23.438 -4.6875 0.081923
23.438 -3.9063 0.044837
23.438 -3.125 0.080906
23.438 -2.3438 4.3967e-05
23.438 -1.5625 -0.12049
23.438 -0.78125 -0.17199
23.438 0 -0.01256
23.438 0.78125 0.10586
23.438 1.5625 0.23127
23.438 2.3438 0.28131
23.438 3.125 0.20523
23.438 3.9063 0.083239
23.438 4.6875 -0.017134
23.438 5.4688 0.032901
23.438 6.25 0.1068
23.438 7.0313 0.094013
23.438 7.8125 0.12443
23.438 8.5938 0.11608
23.438 9.375 0.033716
23.438 10.156 0.036036
23.438 10.938 0.08588
23.438 11.719 0.19619
23.438 12.5 0.24834
23.438 13.281 0.29091
23.438 14.063 0.20668
23.438 14.844 0.17484
23.438 15.625 0.12985
23.438 16.406 0.033939
23.438 17.188 -0.0067984
23.438 17.969 -0.016398
23.438 18.75 0.044183
23.438 19.531 0.018566
23.438 20.313 0.015882
23.438 21.094 -0.025812
23.438 21.875 -0.10804
23.438 22.656 -0.13456
23.438 23.438 -0.041403
23.438 24.219 0.075242
23.438 25 0.18838
24.219 -24.219 0.1595
24.219 -23.438 0.058424
24.219 -22.656 0.018338
24.219 -21.875 -0.069998
24.219 -21.094 -0.13268
24.219 -20.313 -0.20253
24.219 -19.531 -0.19111
24.219 -18.75 -0.11181
24.219 -17.969 0.053493
24.219 -17.188 0.1672
24.219 -16.406 0.14592
24.219 -15.625 0.075836
24.219 -14.844 -0.014784
24.219 -14.063 -0.027232
24.219 -13.281 0.010113
24.219 -12.5 0.086137
24.219 -11.719 0.14277
24.219 -10.938 0.10569
24.219 -10.156 0.10751
24.219 -9.375 0.054757
24.219 -8.5938 0.12087
24.219 -7.8125 0.2382
24.219 -7.0313 0.28978
24.219 -6.25 0.2128
24.219 -5.4688 0.14724
24.219 -4.6875 0.096358
24.219 -3.9063 0.090139
24.219 -3.125 0.086311
24.219 -2.3438 0.0069633
24.219 -1.5625 -0.14681
24.219 -0.78125 -0.15121
24.219 0 -0.027755
24.219 0.78125 0.077467
24.219 1.5625 0.1979
24.219 2.3438 0.21208
24.219 3.125 0.13937
24.219 3.9063 0.074095
24.219 4.6875 -0.044839
24.219 5.4688 0.018514
24.219 6.25 0.066269
24.219 7.0313 0.05908
24.219 7.8125 0.063657
24.219 8.5938 0.076969
24.219 9.375 0.013604
24.219 10.156 -0.0081412
24.219 10.938 0.061981
24.219 11.719 0.16268
24.219 12.5 0.21301
24.219 13.281 0.23441
24.219 14.063 0.21617
24.219 14.844 0.17863
24.219 15.625 0.10656
24.219 16.406 0.005889
24.219 17.188 0.025813
24.219 17.969 0.059285
24.219 18.75 0.090565
24.219 19.531 0.013481
24.219 20.313 -0.052253
24.219 21.094 -0.076727
24.219 21.875 -0.15078
24.219 22.656 -0.17467
24.219 23.438 -0.074134
24.219 24.219 0.012942
24.219 25 0.14406
25 -24.219 0.12354
25 -23.438 0.095348
25 -22.656 0.036998
25 -21.875 -0.047884
25 -21.094 -0.14168
25 -20.313 -0.1816
25 -19.531 -0.24044
25 -18.75 -0.12153
25 -17.969 0.007858
25 -17.188 0.17252
25 -16.406 0.18972
25 -15.625 0.073023
25 -14.844 -0.0044474
25 -14.063 -0.076882
25 -13.281 -0.10026
25 -12.5 0.032903
25 -11.719 0.13654
25 -10.938 0.12087
25 -10.156 0.062872
25 -9.375 0.038244
25 -8.5938 0.098352
25 -7.8125 0.16702
25 -7.0313 0.20227
25 -6.25 0.17614
25 -5.4688 0.1775
25 -4.6875 0.19229
25 -3.9063 0.078704
25 -3.125 0.048007
25 -2.3438 -0.03066
25 -1.5625 -0.093199
25 -0.78125 -0.12599
25 0 -0.004264
25 0.78125 0.075597
25 1.5625 0.19883
25 2.3438 0.18803
25 3.125 0.14221
25 3.9063 0.029738
25 4.6875 -0.051619
25 5.4688 -0.031533
25 6.25 0.011415
25 7.0313 0.025359
25 7.8125 0.13001
25 8.5938 0.12285
25 9.375 -0.016048
25 10.156 -0.061396
25 10.938 0.043155
25 11.719 0.096437
25 12.5 0.14432
25 13.281 0.16279
25 14.063 0.15626
25 14.844 0.15
25 15.625 0.10061
25 16.406 0.025176
25 17.188 0.041271
25 17.969 0.16814
25 18.75 0.12858
25 19.531 0.0079947
25 20.313 -0.044685
25 21.094 -0.10039
25 21.875 -0.17562
25 22.656 -0.16644
25 23.438 -0.10159
25 24.219 -0.013028
25 25 0.1419
