-24.219 -24.219 -0.094465
-24.219 -23.438 -0.10779
-24.219 -22.656 -0.23579
-24.219 -21.875 -0.25309
-24.219 -21.094 -0.25232
-24.219 -20.313 -0.26317
-24.219 -19.531 -0.15814
-24.219 -18.75 -0.11136
-24.219 -17.969 -0.11809
-24.219 -17.188 -0.067077
-24.219 -16.406 -0.045055
-24.219 -15.625 -0.028872
-24.219 -14.844 -0.050488
-24.219 -14.063 -0.028401
-24.219 -13.281 0.0031271
-24.219 -12.5 0.058563
-24.219 -11.719 0.039893
-24.219 -10.938 0.10446
-24.219 -10.156 0.13529
-24.219 -9.375 0.0729
-24.219 -8.5938 0.021195
-24.219 -7.8125 0.016335
-24.219 -7.0313 0.13608
-24.219 -6.25 0.26356
-24.219 -5.4688 0.33086
-24.219 -4.6875 0.33553
-24.219 -3.9063 0.27478
-24.219 -3.125 0.24339
-24.219 -2.3438 0.2024
-24.219 -1.5625 0.18546
-24.219 -0.78125 0.21984
-24.219 0 0.35334
-24.219 0.78125 0.48983
-24.219 1.5625 0.62711
-24.219 2.3438 0.57005
-24.219 3.125 0.45147
-24.219 3.9063 0.31887
-24.219 4.6875 0.31713
-24.219 5.4688 0.33853
-24.219 6.25 0.30261
-24.219 7.0313 0.27871
-24.219 7.8125 0.23347
-24.219 8.5938 0.12989
-24.219 9.375 0.14303
-24.219 10.156 0.24405
-24.219 10.938 0.4119
-24.219 11.719 0.48248
-24.219 12.5 0.47145
-24.219 13.281 0.38873
-24.219 14.063 0.23856
-24.219 14.844 0.12195
-24.219 15.625 -0.013035
-24.219 16.406 -0.15449
-24.219 17.188 -0.23944
-24.219 17.969 -0.27988
-24.219 18.75 -0.27739
-24.219 19.531 -0.22736
-24.219 20.313 -0.062948
-24.219 21.094 0.1022
-24.219 21.875 0.16784
-24.219 22.656 0.16996
-24.219 23.438 0.068949
-24.219 24.219 -0.0035795
-24.219 25 -0.082662
-23.438 -24.219 -0.13617
-23.438 -23.438 -0.19869
-23.438 -22.656 -0.3234
-23.438 -21.875 -0.27646
-23.438 -21.094 -0.29224
-23.438 -20.313 -0.28539
-23.438 -19.531 -0.19816
-23.438 -18.75 -0.15966
-23.438 -17.969 -0.16745
-23.438 -17.188 -0.13381
-23.438 -16.406 -0.057332
-23.438 -15.625 0.044251
-23.438 -14.844 0.025281
-23.438 -14.063 0.059425
-23.438 -13.281 0.097357
-23.438 -12.5 0.10384
-23.438 -11.719 0.0078969
-23.438 -10.938 0.098325
-23.438 -10.156 0.076097
-23.438 -9.375 0.0042577
-23.438 -8.5938 -0.072847
-23.438 -7.8125 -0.057289
-23.438 -7.0313 0.15018
-23.438 -6.25 0.29296
-23.438 -5.4688 0.31739
-23.438 -4.6875 0.31216
-23.438 -3.9063 0.28742
-23.438 -3.125 0.24815
-23.438 -2.3438 0.13492
-23.438 -1.5625 0.14664
-23.438 -0.78125 0.25113
-23.438 0 0.42978
-23.438 0.78125 0.55632
-23.438 1.5625 0.62169
-23.438 2.3438 0.53376
-23.438 3.125 0.3888
-23.438 3.9063 0.26184
-23.438 4.6875 0.23344
-23.438 5.4688 0.23868
-23.438 6.25 0.29824
-23.438 7.0313 0.2434
-23.438 7.8125 0.15554
-23.438 8.5938 0.1036
-23.438 9.375 0.15666
-23.438 10.156 0.2638
-23.438 10.938 0.40798
-23.438 11.719 0.49284
-23.438 12.5 0.51386
-23.438 13.281 0.44433
-23.438 14.063 0.28644
-23.438 14.844 0.045596
-23.438 15.625 -0.11741
-23.438 16.406 -0.28998
-23.438 17.188 -0.39553
-23.438 17.969 -0.37203
-23.438 18.75 -0.38155
-23.438 19.531 -0.30782
-23.438 20.313 -0.057679
-23.438 21.094 0.13354
-23.438 21.875 0.24155
-23.438 22.656 0.19122
-23.438 23.438 0.074794
-23.438 24.219 -0.020569
-23.438 25 -0.10187
-22.656 -24.219 -0.12361
-22.656 -23.438 -0.18149
-22.656 -22.656 -0.26085
-22.656 -21.875 -0.30195
-22.656 -21.094 -0.26652
-22.656 -20.313 -0.28062
-22.656 -19.531 -0.21439
-22.656 -18.75 -0.18789
-22.656 -17.969 -0.16832
-22.656 -17.188 -0.15185
-22.656 -16.406 -0.020543
-22.656 -15.625 0.1037
-22.656 -14.844 0.12957
-22.656 -14.063 0.2174
-22.656 -13.281 0.23683
-22.656 -12.5 0.12983
-22.656 -11.719 0.029525
-22.656 -10.938 0.051836
-22.656 -10.156 0.052396
-22.656 -9.375 0.022866
-22.656 -8.5938 -0.036485
-22.656 -7.8125 -0.015374
-22.656 -7.0313 0.16407
-22.656 -6.25 0.28452
-22.656 -5.4688 0.35361
-22.656 -4.6875 0.35649
-22.656 -3.9063 0.35645
-22.656 -3.125 0.31209
-22.656 -2.3438 0.23719
-22.656 -1.5625 0.21239
-22.656 -0.78125 0.33932
-22.656 0 0.49454
-22.656 0.78125 0.57914
-22.656 1.5625 0.58453
-22.656 2.3438 0.47494
-22.656 3.125 0.27922
-22.656 3.9063 0.20249
-22.656 4.6875 0.14603
-22.656 5.4688 0.19438
-22.656 6.25 0.3244
-22.656 7.0313 0.29635
-22.656 7.8125 0.1808
-22.656 8.5938 0.17388
-22.656 9.375 0.22751
-22.656 10.156 0.35554
-22.656 10.938 0.49693
-22.656 11.719 0.57047
-22.656 12.5 0.5662
-22.656 13.281 0.43996
-22.656 14.063 0.24202
-22.656 14.844 -0.034352
-22.656 15.625 -0.24501
-22.656 16.406 -0.27027
-22.656 17.188 -0.35374
-22.656 17.969 -0.42166
-22.656 18.75 -0.42816
-22.656 19.531 -0.29062
-22.656 20.313 -0.037283
-22.656 21.094 0.24843
-22.656 21.875 0.33535
-22.656 22.656 0.27507
-22.656 23.438 0.10857
-22.656 24.219 -0.024146
-22.656 25 -0.065171
-21.875 -24.219 -0.090946
-21.875 -23.438 -0.12904
-21.875 -22.656 -0.22318
-21.875 -21.875 -0.29924
-21.875 -21.094 -0.23363
-21.875 -20.313 -0.22805
-21.875 -19.531 -0.16305
-21.875 -18.75 -0.17386
-21.875 -17.969 -0.13511
-21.875 -17.188 -0.055033
-21.875 -16.406 0.11538
-21.875 -15.625 0.21237
-21.875 -14.844 0.2872
-21.875 -14.063 0.32872
-21.875 -13.281 0.35444
-21.875 -12.5 0.20315
-21.875 -11.719 0.03266
-21.875 -10.938 -0.005584
-21.875 -10.156 0.073981
-21.875 -9.375 0.052958
-21.875 -8.5938 0.029801
-21.875 -7.8125 0.033174
-21.875 -7.0313 0.13266
-21.875 -6.25 0.24248
-21.875 -5.4688 0.38539
-21.875 -4.6875 0.45261
-21.875 -3.9063 0.46697
-21.875 -3.125 0.43286
-21.875 -2.3438 0.401
-21.875 -1.5625 0.34956
-21.875 -0.78125 0.41594
-21.875 0 0.55467
-21.875 0.78125 0.60219
-21.875 1.5625 0.59143
-21.875 2.3438 0.43487
-21.875 3.125 0.21935
-21.875 3.9063 0.16003
-21.875 4.6875 0.14166
-21.875 5.4688 0.26476
-21.875 6.25 0.4417
-21.875 7.0313 0.38277
-21.875 7.8125 0.33848
-21.875 8.5938 0.34749
-21.875 9.375 0.30669
-21.875 10.156 0.45174
-21.875 10.938 0.60454
-21.875 11.719 0.66723
-21.875 12.5 0.56964
-21.875 13.281 0.45726
-21.875 14.063 0.17999
-21.875 14.844 -0.059485
-21.875 15.625 -0.20901
-21.875 16.406 -0.24314
-21.875 17.188 -0.28055
-21.875 17.969 -0.33821
-21.875 18.75 -0.37126
-21.875 19.531 -0.16489
-21.875 20.313 0.13248
-21.875 21.094 0.35908
-21.875 21.875 0.41059
-21.875 22.656 0.32378
-21.875 23.438 0.16423
-21.875 24.219 0.0030188
-21.875 25 -0.026937
-21.094 -24.219 -0.079882
-21.094 -23.438 -0.15491
-21.094 -22.656 -0.25506
-21.094 -21.875 -0.2529
-21.094 -21.094 -0.2258
-21.094 -20.313 -0.20281
-21.094 -19.531 -0.12292
-21.094 -18.75 -0.089912
-21.094 -17.969 -0.050112
-21.094 -17.188 0.043006
-21.094 -16.406 0.21851
-21.094 -15.625 0.34331
-21.094 -14.844 0.42093
-21.094 -14.063 0.45486
-21.094 -13.281 0.38169
-21.094 -12.5 0.17633
-21.094 -11.719 0.044337
-21.094 -10.938 0.0026117
-21.094 -10.156 0.055006
-21.094 -9.375 0.079452
-21.094 -8.5938 0.00076062
-21.094 -7.8125 0.0062266
-21.094 -7.0313 0.10146
-21.094 -6.25 0.25008
-21.094 -5.4688 0.43003
-21.094 -4.6875 0.52383
-21.094 -3.9063 0.52855
-21.094 -3.125 0.49899
-21.094 -2.3438 0.46649
-21.094 -1.5625 0.49318
-21.094 -0.78125 0.50879
-21.094 0 0.57388
-21.094 0.78125 0.56287
-21.094 1.5625 0.48729
-21.094 2.3438 0.30705
-21.094 3.125 0.17169
-21.094 3.9063 0.080009
-21.094 4.6875 0.15002
-21.094 5.4688 0.30814
-21.094 6.25 0.48678
-21.094 7.0313 0.46885
-21.094 7.8125 0.44437
-21.094 8.5938 0.43361
-21.094 9.375 0.40555
-21.094 10.156 0.51933
-21.094 10.938 0.70315
-21.094 11.719 0.66471
-21.094 12.5 0.55684
-21.094 13.281 0.35807
-21.094 14.063 0.11358
-21.094 14.844 -0.093284
-21.094 15.625 -0.23165
-21.094 16.406 -0.31295
-21.094 17.188 -0.26989
-21.094 17.969 -0.28069
-21.094 18.75 -0.24184
-21.094 19.531 0.022169
-21.094 20.313 0.29162
-21.094 21.094 0.47268
-21.094 21.875 0.44016
-21.094 22.656 0.35393
-21.094 23.438 0.25489
-21.094 24.219 0.12243
-21.094 25 0.0029446
-20.313 -24.219 -0.0079637
-20.313 -23.438 -0.17663
-20.313 -22.656 -0.31989
-20.313 -21.875 -0.24626
-20.313 -21.094 -0.25541
-20.313 -20.313 -0.22495
-20.313 -19.531 -0.12692
-20.313 -18.75 -0.059878
-20.313 -17.969 0.0039171
-20.313 -17.188 0.13541
-20.313 -16.406 0.31247
-20.313 -15.625 0.48247
-20.313 -14.844 0.52352
-20.313 -14.063 0.43665
-20.313 -13.281 0.33265
-20.313 -12.5 0.17345
-20.313 -11.719 0.059593
-20.313 -10.938 0.027752
-20.313 -10.156 0.051529
-20.313 -9.375 0.041455
-20.313 -8.5938 -0.039149
-20.313 -7.8125 0.018386
-20.313 -7.0313 0.18722
-20.313 -6.25 0.35679
-20.313 -5.4688 0.52957
-20.313 -4.6875 0.58681
-20.313 -3.9063 0.57455
-20.313 -3.125 0.50175
-20.313 -2.3438 0.46519
-20.313 -1.5625 0.49129
-20.313 -0.78125 0.49661
-20.313 0 0.53628
-20.313 0.78125 0.46806
-20.313 1.5625 0.31874
-20.313 2.3438 0.16186
-20.313 3.125 0.077663
-20.313 3.9063 0.00028892
-20.313 4.6875 0.088488
-20.313 5.4688 0.32221
-20.313 6.25 0.51214
-20.313 7.0313 0.52461
-20.313 7.8125 0.50476
-20.313 8.5938 0.45273
-20.313 9.375 0.43764
-20.313 10.156 0.51226
-20.313 10.938 0.64601
-20.313 11.719 0.58735
-20.313 12.5 0.43182
-20.313 13.281 0.18203
-20.313 14.063 -0.014021
-20.313 14.844 -0.12973
-20.313 15.625 -0.30172
-20.313 16.406 -0.40028
-20.313 17.188 -0.2733
-20.313 17.969 -0.2385
-20.313 18.75 -0.10757
-20.313 19.531 0.1164
-20.313 20.313 0.36489
-20.313 21.094 0.53125
-20.313 21.875 0.48644
-20.313 22.656 0.38319
-20.313 23.438 0.27432
-20.313 24.219 0.19026
-20.313 25 0.086791
-19.531 -24.219 -0.068928
-19.531 -23.438 -0.26201
-19.531 -22.656 -0.41074
-19.531 -21.875 -0.34006
-19.531 -21.094 -0.29348
-19.531 -20.313 -0.23731
-19.531 -19.531 -0.14725
-19.531 -18.75 -0.052046
-19.531 -17.969 0.056622
-19.531 -17.188 0.1827
-19.531 -16.406 0.35546
-19.531 -15.625 0.53355
-19.531 -14.844 0.54405
-19.531 -14.063 0.45755
-19.531 -13.281 0.3175
-19.531 -12.5 0.13002
-19.531 -11.719 -0.018203
-19.531 -10.938 -0.021401
-19.531 -10.156 -0.035295
-19.531 -9.375 -0.059915
-19.531 -8.5938 -0.11903
-19.531 -7.8125 -0.03218
-19.531 -7.0313 0.19856
-19.531 -6.25 0.37554
-19.531 -5.4688 0.57271
-19.531 -4.6875 0.68091
-19.531 -3.9063 0.72966
-19.531 -3.125 0.59917
-19.531 -2.3438 0.49436
-19.531 -1.5625 0.47219
-19.531 -0.78125 0.42747
-19.531 0 0.40153
-19.531 0.78125 0.25894
-19.531 1.5625 0.14343
-19.531 2.3438 0.047349
-19.531 3.125 -0.018209
-19.531 3.9063 -0.046632
-19.531 4.6875 0.070376
-19.531 5.4688 0.35511
-19.531 6.25 0.54813
-19.531 7.0313 0.56335
-19.531 7.8125 0.52834
-19.531 8.5938 0.44828
-19.531 9.375 0.40914
-19.531 10.156 0.44692
-19.531 10.938 0.53968
-19.531 11.719 0.4668
-19.531 12.5 0.29062
-19.531 13.281 0.05322
-19.531 14.063 -0.10419
-19.531 14.844 -0.21747
-19.531 15.625 -0.34562
-19.531 16.406 -0.44903
-19.531 17.188 -0.34374
-19.531 17.969 -0.2285
-19.531 18.75 -0.050409
-19.531 19.531 0.132
-19.531 20.313 0.33297
-19.531 21.094 0.46417
-19.531 21.875 0.50364
-19.531 22.656 0.43223
-19.531 23.438 0.2848
-19.531 24.219 0.18863
-19.531 25 0.10369
-18.75 -24.219 -0.18024
-18.75 -23.438 -0.36244
-18.75 -22.656 -0.51836
-18.75 -21.875 -0.43631
-18.75 -21.094 -0.34143
-18.75 -20.313 -0.23523
-18.75 -19.531 -0.095034
-18.75 -18.75 -0.0073221
-18.75 -17.969 0.02747
-18.75 -17.188 0.21966
-18.75 -16.406 0.48614
-18.75 -15.625 0.65909
-18.75 -14.844 0.60878
-18.75 -14.063 0.51006
-18.75 -13.281 0.33213
-18.75 -12.5 0.11624
-18.75 -11.719 -0.020524
-18.75 -10.938 -0.038111
-18.75 -10.156 -0.046094
-18.75 -9.375 -0.1308
-18.75 -8.5938 -0.15668
-18.75 -7.8125 -0.1076
-18.75 -7.0313 0.20543
-18.75 -6.25 0.47174
-18.75 -5.4688 0.68871
-18.75 -4.6875 0.79859
-18.75 -3.9063 0.85865
-18.75 -3.125 0.83095
-18.75 -2.3438 0.66245
-18.75 -1.5625 0.5313
-18.75 -0.78125 0.47513
-18.75 0 0.38789
-18.75 0.78125 0.1804
-18.75 1.5625 0.048195
-18.75 2.3438 -0.013666
-18.75 3.125 -0.09876
-18.75 3.9063 -0.033099
-18.75 4.6875 0.15368
-18.75 5.4688 0.4049
-18.75 6.25 0.61812
-18.75 7.0313 0.64984
-18.75 7.8125 0.64672
-18.75 8.5938 0.57575
-18.75 9.375 0.49062
-18.75 10.156 0.47
-18.75 10.938 0.52172
-18.75 11.719 0.42673
-18.75 12.5 0.16481
-18.75 13.281 -0.044383
-18.75 14.063 -0.13537
-18.75 14.844 -0.2384
-18.75 15.625 -0.35874
-18.75 16.406 -0.47408
-18.75 17.188 -0.3383
-18.75 17.969 -0.17013
-18.75 18.75 -0.022711
-18.75 19.531 0.14683
-18.75 20.313 0.36663
-18.75 21.094 0.52319
-18.75 21.875 0.51626
-18.75 22.656 0.45234
-18.75 23.438 0.25553
-18.75 24.219 0.11779
-18.75 25 0.032832
-17.969 -24.219 -0.19581
-17.969 -23.438 -0.39442
-17.969 -22.656 -0.54631
-17.969 -21.875 -0.43379
-17.969 -21.094 -0.29934
-17.969 -20.313 -0.18442
-17.969 -19.531 -0.043783
-17.969 -18.75 0.048903
-17.969 -17.969 0.16613
-17.969 -17.188 0.39365
-17.969 -16.406 0.63331
-17.969 -15.625 0.77186
-17.969 -14.844 0.67964
-17.969 -14.063 0.51842
-17.969 -13.281 0.32113
-17.969 -12.5 0.10829
-17.969 -11.719 -0.054481
-17.969 -10.938 -0.050455
-17.969 -10.156 -0.0028225
-17.969 -9.375 -0.036982
-17.969 -8.5938 -0.087304
-17.969 -7.8125 -0.015908
-17.969 -7.0313 0.3042
-17.969 -6.25 0.61379
-17.969 -5.4688 0.89604
-17.969 -4.6875 1.0299
-17.969 -3.9063 1.0628
-17.969 -3.125 0.96504
-17.969 -2.3438 0.79405
-17.969 -1.5625 0.60025
-17.969 -0.78125 0.50409
-17.969 0 0.39093
-17.969 0.78125 0.20105
-17.969 1.5625 0.12195
-17.969 2.3438 -0.0079444
-17.969 3.125 -0.079806
-17.969 3.9063 0.023136
-17.969 4.6875 0.25708
-17.969 5.4688 0.53275
-17.969 6.25 0.70062
-17.969 7.0313 0.76856
-17.969 7.8125 0.80478
-17.969 8.5938 0.71077
-17.969 9.375 0.61362
-17.969 10.156 0.58243
-17.969 10.938 0.57101
-17.969 11.719 0.43046
-17.969 12.5 0.14074
-17.969 13.281 -0.054684
-17.969 14.063 -0.13778
-17.969 14.844 -0.22078
-17.969 15.625 -0.31967
-17.969 16.406 -0.413
-17.969 17.188 -0.29662
-17.969 17.969 -0.099513
-17.969 18.75 0.1025
-17.969 19.531 0.29723
-17.969 20.313 0.51342
-17.969 21.094 0.65188
-17.969 21.875 0.56209
-17.969 22.656 0.47528
-17.969 23.438 0.25575
-17.969 24.219 0.15414
-17.969 25 0.027008
-17.188 -24.219 -0.17938
-17.188 -23.438 -0.39844
-17.188 -22.656 -0.46466
-17.188 -21.875 -0.38884
-17.188 -21.094 -0.25067
-17.188 -20.313 -0.10663
-17.188 -19.531 0.077312
-17.188 -18.75 0.15826
-17.188 -17.969 0.31543
-17.188 -17.188 0.55454
-17.188 -16.406 0.80681
-17.188 -15.625 0.83281
-17.188 -14.844 0.70481
-17.188 -14.063 0.47552
-17.188 -13.281 0.23361
-17.188 -12.5 7.9582e-05
-17.188 -11.719 -0.10651
-17.188 -10.938 -0.062814
-17.188 -10.156 0.086297
-17.188 -9.375 0.095392
-17.188 -8.5938 0.11398
-17.188 -7.8125 0.15858
-17.188 -7.0313 0.42931
-17.188 -6.25 0.72403
-17.188 -5.4688 1.0311
-17.188 -4.6875 1.2219
-17.188 -3.9063 1.2703
-17.188 -3.125 1.0825
-17.188 -2.3438 0.83209
-17.188 -1.5625 0.62609
-17.188 -0.78125 0.51439
-17.188 0 0.39374
-17.188 0.78125 0.29751
-17.188 1.5625 0.17943
-17.188 2.3438 0.03034
-17.188 3.125 -0.06026
-17.188 3.9063 0.10736
-17.188 4.6875 0.36913
-17.188 5.4688 0.62533
-17.188 6.25 0.75851
-17.188 7.0313 0.8609
-17.188 7.8125 0.87145
-17.188 8.5938 0.75444
-17.188 9.375 0.63311
-17.188 10.156 0.70368
-17.188 10.938 0.5898
-17.188 11.719 0.44309
-17.188 12.5 0.15542
-17.188 13.281 -0.053667
-17.188 14.063 -0.16878
-17.188 14.844 -0.23101
-17.188 15.625 -0.28265
-17.188 16.406 -0.3046
-17.188 17.188 -0.15562
-17.188 17.969 0.024072
-17.188 18.75 0.18312
-17.188 19.531 0.44192
-17.188 20.313 0.61758
-17.188 21.094 0.74584
-17.188 21.875 0.64385
-17.188 22.656 0.44937
-17.188 23.438 0.26391
-17.188 24.219 0.19937
-17.188 25 0.051805
-16.406 -24.219 -0.10981
-16.406 -23.438 -0.26172
-16.406 -22.656 -0.34418
-16.406 -21.875 -0.27586
-16.406 -21.094 -0.10666
-16.406 -20.313 0.039242
-16.406 -19.531 0.25456
-16.406 -18.75 0.31602
-16.406 -17.969 0.51735
-16.406 -17.188 0.71526
-16.406 -16.406 0.87278
-16.406 -15.625 0.8153
-16.406 -14.844 0.65057
-16.406 -14.063 0.44224
-16.406 -13.281 0.15675
-16.406 -12.5 -0.11064
-16.406 -11.719 -0.12139
-16.406 -10.938 -0.012395
-16.406 -10.156 0.16933
-16.406 -9.375 0.24675
-16.406 -8.5938 0.26869
-16.406 -7.8125 0.33994
-16.406 -7.0313 0.52124
-16.406 -6.25 0.79834
-16.406 -5.4688 1.0917
-16.406 -4.6875 1.2849
-16.406 -3.9063 1.3129
-16.406 -3.125 1.1406
-16.406 -2.3438 0.86211
-16.406 -1.5625 0.62772
-16.406 -0.78125 0.53909
-16.406 0 0.39774
-16.406 0.78125 0.27774
-16.406 1.5625 0.16547
-16.406 2.3438 0.10185
-16.406 3.125 0.12414
-16.406 3.9063 0.27104
-16.406 4.6875 0.47359
-16.406 5.4688 0.66877
-16.406 6.25 0.80279
-16.406 7.0313 0.93323
-16.406 7.8125 0.90473
-16.406 8.5938 0.77457
-16.406 9.375 0.65385
-16.406 10.156 0.72659
-16.406 10.938 0.64864
-16.406 11.719 0.45841
-16.406 12.5 0.18507
-16.406 13.281 -0.075708
-16.406 14.063 -0.23293
-16.406 14.844 -0.20672
-16.406 15.625 -0.22961
-16.406 16.406 -0.17831
-16.406 17.188 -0.017946
-16.406 17.969 0.14056
-16.406 18.75 0.29585
-16.406 19.531 0.56495
-16.406 20.313 0.76511
-16.406 21.094 0.85602
-16.406 21.875 0.71262
-16.406 22.656 0.43445
-16.406 23.438 0.24736
-16.406 24.219 0.20007
-16.406 25 0.059007
-15.625 -24.219 -0.097285
-15.625 -23.438 -0.1653
-15.625 -22.656 -0.19876
-15.625 -21.875 -0.16705
-15.625 -21.094 -0.01106
-15.625 -20.313 0.17483
-15.625 -19.531 0.41071
-15.625 -18.75 0.50871
-15.625 -17.969 0.65613
-15.625 -17.188 0.77468
-15.625 -16.406 0.83598
-15.625 -15.625 0.70394
-15.625 -14.844 0.51543
-15.625 -14.063 0.34714
-15.625 -13.281 0.082545
-15.625 -12.5 -0.11883
-15.625 -11.719 -0.10126
-15.625 -10.938 0.095076
-15.625 -10.156 0.23369
-15.625 -9.375 0.32653
-15.625 -8.5938 0.35014
-15.625 -7.8125 0.37749
-15.625 -7.0313 0.58707
-15.625 -6.25 0.81871
-15.625 -5.4688 1.088
-15.625 -4.6875 1.2985
-15.625 -3.9063 1.253
-15.625 -3.125 1.0509
-15.625 -2.3438 0.83266
-15.625 -1.5625 0.59953
-15.625 -0.78125 0.47984
-15.625 0 0.4165
-15.625 0.78125 0.30967
-15.625 1.5625 0.2298
-15.625 2.3438 0.14864
-15.625 3.125 0.18369
-15.625 3.9063 0.32706
-15.625 4.6875 0.51422
-15.625 5.4688 0.65172
-15.625 6.25 0.78303
-15.625 7.0313 0.87336
-15.625 7.8125 0.88814
-15.625 8.5938 0.82375
-15.625 9.375 0.64933
-15.625 10.156 0.66378
-15.625 10.938 0.64971
-15.625 11.719 0.43834
-15.625 12.5 0.1381
-15.625 13.281 -0.15283
-15.625 14.063 -0.28783
-15.625 14.844 -0.29064
-15.625 15.625 -0.25425
-15.625 16.406 -0.13932
-15.625 17.188 0.07205
-15.625 17.969 0.28388
-15.625 18.75 0.40509
-15.625 19.531 0.69592
-15.625 20.313 0.83336
-15.625 21.094 0.79737
-15.625 21.875 0.60146
-15.625 22.656 0.3302
-15.625 23.438 0.15667
-15.625 24.219 0.037081
-15.625 25 -0.014898
-14.844 -24.219 -0.23347
-14.844 -23.438 -0.14776
-14.844 -22.656 -0.066859
-14.844 -21.875 -0.030422
-14.844 -21.094 0.11001
-14.844 -20.313 0.31522
-14.844 -19.531 0.52836
-14.844 -18.75 0.63485
-14.844 -17.969 0.68468
-14.844 -17.188 0.74768
-14.844 -16.406 0.77639
-14.844 -15.625 0.58419
-14.844 -14.844 0.37291
-14.844 -14.063 0.20695
-14.844 -13.281 0.020455
-14.844 -12.5 -0.10067
-14.844 -11.719 -0.060333
-14.844 -10.938 0.11585
-14.844 -10.156 0.26131
-14.844 -9.375 0.41007
-14.844 -8.5938 0.43369
-14.844 -7.8125 0.40649
-14.844 -7.0313 0.58308
-14.844 -6.25 0.81036
-14.844 -5.4688 1.0603
-14.844 -4.6875 1.2391
-14.844 -3.9063 1.1295
-14.844 -3.125 0.89178
-14.844 -2.3438 0.7081
-14.844 -1.5625 0.48289
-14.844 -0.78125 0.32532
-14.844 0 0.33824
-14.844 0.78125 0.26371
-14.844 1.5625 0.25466
-14.844 2.3438 0.17851
-14.844 3.125 0.17439
-14.844 3.9063 0.30846
-14.844 4.6875 0.49289
-14.844 5.4688 0.67117
-14.844 6.25 0.84571
-14.844 7.0313 0.87028
-14.844 7.8125 0.87951
-14.844 8.5938 0.763
-14.844 9.375 0.57537
-14.844 10.156 0.51899
-14.844 10.938 0.50767
-14.844 11.719 0.32371
-14.844 12.5 -0.042957
-14.844 13.281 -0.33079
-14.844 14.063 -0.41265
-14.844 14.844 -0.38038
-14.844 15.625 -0.28893
-14.844 16.406 -0.12239
-14.844 17.188 0.10335
-14.844 17.969 0.36689
-14.844 18.75 0.53294
-14.844 19.531 0.73951
-14.844 20.313 0.75382
-14.844 21.094 0.64405
-14.844 21.875 0.47025
-14.844 22.656 0.23062
-14.844 23.438 0.02019
-14.844 24.219 -0.14199
-14.844 25 -0.201
-14.063 -24.219 -0.29641
-14.063 -23.438 -0.15097
-14.063 -22.656 -0.048954
-14.063 -21.875 0.020814
-14.063 -21.094 0.19025
-14.063 -20.313 0.44256
-14.063 -19.531 0.63218
-14.063 -18.75 0.73383
-14.063 -17.969 0.74333
-14.063 -17.188 0.74583
-14.063 -16.406 0.68331
-14.063 -15.625 0.47754
-14.063 -14.844 0.19351
-14.063 -14.063 0.057596
-14.063 -13.281 -0.020919
-14.063 -12.5 -0.071566
-14.063 -11.719 0.0028731
-14.063 -10.938 0.13668
-14.063 -10.156 0.31791
-14.063 -9.375 0.45388
-14.063 -8.5938 0.46962
-14.063 -7.8125 0.47083
-14.063 -7.0313 0.59431
-14.063 -6.25 0.80173
-14.063 -5.4688 0.98923
-14.063 -4.6875 1.1368
-14.063 -3.9063 0.99214
-14.063 -3.125 0.71422
-14.063 -2.3438 0.47637
-14.063 -1.5625 0.28746
-14.063 -0.78125 0.18129
-14.063 0 0.14064
-14.063 0.78125 0.19653
-14.063 1.5625 0.19896
-14.063 2.3438 0.16482
-14.063 3.125 0.081753
-14.063 3.9063 0.23141
-14.063 4.6875 0.43877
-14.063 5.4688 0.65706
-14.063 6.25 0.81335
-14.063 7.0313 0.8667
-14.063 7.8125 0.86745
-14.063 8.5938 0.68928
-14.063 9.375 0.46601
-14.063 10.156 0.35813
-14.063 10.938 0.24652
-14.063 11.719 0.096599
-14.063 12.5 -0.1943
-14.063 13.281 -0.43003
-14.063 14.063 -0.50943
-14.063 14.844 -0.46353
-14.063 15.625 -0.31951
-14.063 16.406 -0.1176
-14.063 17.188 0.1563
-14.063 17.969 0.42695
-14.063 18.75 0.5924
-14.063 19.531 0.6385
-14.063 20.313 0.66984
-14.063 21.094 0.49382
-14.063 21.875 0.33299
-14.063 22.656 0.076774
-14.063 23.438 -0.11484
-14.063 24.219 -0.25077
-14.063 25 -0.32028
-13.281 -24.219 -0.34391
-13.281 -23.438 -0.18524
-13.281 -22.656 -0.083197
-13.281 -21.875 0.012803
-13.281 -21.094 0.2116
-13.281 -20.313 0.47551
-13.281 -19.531 0.65576
-13.281 -18.75 0.77073
-13.281 -17.969 0.75999
-13.281 -17.188 0.65188
-13.281 -16.406 0.52926
-13.281 -15.625 0.30952
-13.281 -14.844 0.017913
-13.281 -14.063 -0.057008
-13.281 -13.281 -0.095514
-13.281 -12.5 -0.097462
-13.281 -11.719 -0.033629
-13.281 -10.938 0.16059
-13.281 -10.156 0.36262
-13.281 -9.375 0.45258
-13.281 -8.5938 0.47579
-13.281 -7.8125 0.49357
-13.281 -7.0313 0.59759
-13.281 -6.25 0.77657
-13.281 -5.4688 0.92462
-13.281 -4.6875 0.98733
-13.281 -3.9063 0.82062
-13.281 -3.125 0.51512
-13.281 -2.3438 0.26751
-13.281 -1.5625 0.11444
-13.281 -0.78125 0.040179
-13.281 0 0.022179
-13.281 0.78125 0.12057
-13.281 1.5625 0.14747
-13.281 2.3438 0.092688
-13.281 3.125 -0.00068634
-13.281 3.9063 0.11
-13.281 4.6875 0.35676
-13.281 5.4688 0.58105
-13.281 6.25 0.76851
-13.281 7.0313 0.83785
-13.281 7.8125 0.79902
-13.281 8.5938 0.61595
-13.281 9.375 0.40499
-13.281 10.156 0.23283
-13.281 10.938 0.059634
-13.281 11.719 -0.14082
-13.281 12.5 -0.35118
-13.281 13.281 -0.48757
-13.281 14.063 -0.57681
-13.281 14.844 -0.51367
-13.281 15.625 -0.2901
-13.281 16.406 -0.069768
-13.281 17.188 0.22665
-13.281 17.969 0.47347
-13.281 18.75 0.61642
-13.281 19.531 0.59206
-13.281 20.313 0.5469
-13.281 21.094 0.40434
-13.281 21.875 0.18096
-13.281 22.656 -0.098023
-13.281 23.438 -0.24571
-13.281 24.219 -0.32852
-13.281 25 -0.38197
-12.5 -24.219 -0.31391
-12.5 -23.438 -0.18688
-12.5 -22.656 -0.061341
-12.5 -21.875 0.064539
-12.5 -21.094 0.24752
-12.5 -20.313 0.46503
-12.5 -19.531 0.6458
-12.5 -18.75 0.75546
-12.5 -17.969 0.66085
-12.5 -17.188 0.51113
-12.5 -16.406 0.36864
-12.5 -15.625 0.15657
-12.5 -14.844 -0.060215
-12.5 -14.063 -0.099117
-12.5 -13.281 -0.11104
-12.5 -12.5 -0.1357
-12.5 -11.719 -0.05512
-12.5 -10.938 0.16309
-12.5 -10.156 0.36191
-12.5 -9.375 0.41317
-12.5 -8.5938 0.406
-12.5 -7.8125 0.40374
-12.5 -7.0313 0.5569
-12.5 -6.25 0.7481
-12.5 -5.4688 0.85029
-12.5 -4.6875 0.90262
-12.5 -3.9063 0.7203
-12.5 -3.125 0.40698
-12.5 -2.3438 0.074525
-12.5 -1.5625 -0.081624
-12.5 -0.78125 -0.11669
-12.5 0 -0.079324
-12.5 0.78125 0.0093311
-12.5 1.5625 0.072322
-12.5 2.3438 0.035584
-12.5 3.125 0.027954
-12.5 3.9063 0.15396
-12.5 4.6875 0.35315
-12.5 5.4688 0.5434
-12.5 6.25 0.72687
-12.5 7.0313 0.75488
-12.5 7.8125 0.70655
-12.5 8.5938 0.53568
-12.5 9.375 0.35269
-12.5 10.156 0.12602
-12.5 10.938 -0.03305
-12.5 11.719 -0.21526
-12.5 12.5 -0.37853
-12.5 13.281 -0.49375
-12.5 14.063 -0.55035
-12.5 14.844 -0.53313
-12.5 15.625 -0.30143
-12.5 16.406 0.012852
-12.5 17.188 0.32819
-12.5 17.969 0.54549
-12.5 18.75 0.57531
-12.5 19.531 0.59152
-12.5 20.313 0.53457
-12.5 21.094 0.34563
-12.5 21.875 0.07669
-12.5 22.656 -0.17806
-12.5 23.438 -0.31175
-12.5 24.219 -0.39502
-12.5 25 -0.41564
-11.719 -24.219 -0.35408
-11.719 -23.438 -0.21383
-11.719 -22.656 -0.061118
-11.719 -21.875 0.090818
-11.719 -21.094 0.19743
-11.719 -20.313 0.41683
-11.719 -19.531 0.59126
-11.719 -18.75 0.6564
-11.719 -17.969 0.53115
-11.719 -17.188 0.33942
-11.719 -16.406 0.16382
-11.719 -15.625 -0.021123
-11.719 -14.844 -0.15277
-11.719 -14.063 -0.16977
-11.719 -13.281 -0.20852
-11.719 -12.5 -0.20579
-11.719 -11.719 -0.1348
-11.719 -10.938 0.038911
-11.719 -10.156 0.19564
-11.719 -9.375 0.2742
-11.719 -8.5938 0.25939
-11.719 -7.8125 0.28241
-11.719 -7.0313 0.44343
-11.719 -6.25 0.66438
-11.719 -5.4688 0.80775
-11.719 -4.6875 0.86943
-11.719 -3.9063 0.64562
-11.719 -3.125 0.27062
-11.719 -2.3438 -0.12613
-11.719 -1.5625 -0.25216
-11.719 -0.78125 -0.24145
-11.719 0 -0.18786
-11.719 0.78125 -0.21223
-11.719 1.5625 -0.10144
-11.719 2.3438 -0.10017
-11.719 3.125 -0.057124
-11.719 3.9063 0.075397
-11.719 4.6875 0.32862
-11.719 5.4688 0.52176
-11.719 6.25 0.66447
-11.719 7.0313 0.64501
-11.719 7.8125 0.54821
-11.719 8.5938 0.35726
-11.719 9.375 0.18764
-11.719 10.156 0.038905
-11.719 10.938 -0.097945
-11.719 11.719 -0.27919
-11.719 12.5 -0.39246
-11.719 13.281 -0.50075
-11.719 14.063 -0.56778
-11.719 14.844 -0.55918
-11.719 15.625 -0.27263
-11.719 16.406 -0.0016535
-11.719 17.188 0.28128
-11.719 17.969 0.50146
-11.719 18.75 0.50312
-11.719 19.531 0.45256
-11.719 20.313 0.43294
-11.719 21.094 0.23672
-11.719 21.875 -0.037796
-11.719 22.656 -0.23854
-11.719 23.438 -0.38082
-11.719 24.219 -0.46757
-11.719 25 -0.43916
-10.938 -24.219 -0.37917
-10.938 -23.438 -0.24779
-10.938 -22.656 -0.11761
-10.938 -21.875 0.056244
-10.938 -21.094 0.17758
-10.938 -20.313 0.3691
-10.938 -19.531 0.53692
-10.938 -18.75 0.57206
-10.938 -17.969 0.43427
-10.938 -17.188 0.18913
-10.938 -16.406 0.047703
-10.938 -15.625 -0.094677
-10.938 -14.844 -0.21941
-10.938 -14.063 -0.22402
-10.938 -13.281 -0.27406
-10.938 -12.5 -0.29235
-10.938 -11.719 -0.21506
-10.938 -10.938 -0.094716
-10.938 -10.156 0.048956
-10.938 -9.375 0.13461
-10.938 -8.5938 0.17011
-10.938 -7.8125 0.22066
-10.938 -7.0313 0.44194
-10.938 -6.25 0.63289
-10.938 -5.4688 0.71795
-10.938 -4.6875 0.74989
-10.938 -3.9063 0.56108
-10.938 -3.125 0.18907
-10.938 -2.3438 -0.13941
-10.938 -1.5625 -0.30514
-10.938 -0.78125 -0.2912
-10.938 0 -0.32068
-10.938 0.78125 -0.3923
-10.938 1.5625 -0.34168
-10.938 2.3438 -0.23284
-10.938 3.125 -0.090973
-10.938 3.9063 0.066797
-10.938 4.6875 0.31934
-10.938 5.4688 0.49768
-10.938 6.25 0.60749
-10.938 7.0313 0.56421
-10.938 7.8125 0.37972
-10.938 8.5938 0.15742
-10.938 9.375 0.035413
-10.938 10.156 -0.05048
-10.938 10.938 -0.18016
-10.938 11.719 -0.31586
-10.938 12.5 -0.39215
-10.938 13.281 -0.47719
-10.938 14.063 -0.51532
-10.938 14.844 -0.49743
-10.938 15.625 -0.29646
-10.938 16.406 -0.044853
-10.938 17.188 0.236
-10.938 17.969 0.38997
-10.938 18.75 0.40249
-10.938 19.531 0.32706
-10.938 20.313 0.29922
-10.938 21.094 0.14145
-10.938 21.875 -0.13876
-10.938 22.656 -0.3048
-10.938 23.438 -0.41286
-10.938 24.219 -0.46109
-10.938 25 -0.42296
-10.156 -24.219 -0.36633
-10.156 -23.438 -0.25207
-10.156 -22.656 -0.06041
-10.156 -21.875 0.073924
-10.156 -21.094 0.20498
-10.156 -20.313 0.42844
-10.156 -19.531 0.52202
-10.156 -18.75 0.46538
-10.156 -17.969 0.32744
-10.156 -17.188 0.16754
-10.156 -16.406 0.048288
-10.156 -15.625 -0.097179
-10.156 -14.844 -0.24816
-10.156 -14.063 -0.26308
-10.156 -13.281 -0.32115
-10.156 -12.5 -0.34709
-10.156 -11.719 -0.31134
-10.156 -10.938 -0.18158
-10.156 -10.156 -0.050716
-10.156 -9.375 0.064067
-10.156 -8.5938 0.14197
-10.156 -7.8125 0.24848
-10.156 -7.0313 0.44176
-10.156 -6.25 0.59767
-10.156 -5.4688 0.65013
-10.156 -4.6875 0.633
-10.156 -3.9063 0.43218
-10.156 -3.125 0.087771
-10.156 -2.3438 -0.19376
-10.156 -1.5625 -0.31263
-10.156 -0.78125 -0.29463
-10.156 0 -0.36217
-10.156 0.78125 -0.50034
-10.156 1.5625 -0.45337
-10.156 2.3438 -0.286
-10.156 3.125 -0.11946
-10.156 3.9063 0.07711
-10.156 4.6875 0.31495
-10.156 5.4688 0.47137
-10.156 6.25 0.54639
-10.156 7.0313 0.46376
-10.156 7.8125 0.21312
-10.156 8.5938 0.044234
-10.156 9.375 -0.047261
-10.156 10.156 -0.12701
-10.156 10.938 -0.21854
-10.156 11.719 -0.33152
-10.156 12.5 -0.40852
-10.156 13.281 -0.55174
-10.156 14.063 -0.52755
-10.156 14.844 -0.4427
-10.156 15.625 -0.27909
-10.156 16.406 -0.017911
-10.156 17.188 0.21131
-10.156 17.969 0.3098
-10.156 18.75 0.33156
-10.156 19.531 0.27561
-10.156 20.313 0.22701
-10.156 21.094 0.067894
-10.156 21.875 -0.17477
-10.156 22.656 -0.37012
-10.156 23.438 -0.44488
-10.156 24.219 -0.47903
-10.156 25 -0.43549
-9.375 -24.219 -0.40063
-9.375 -23.438 -0.27248
-9.375 -22.656 -0.061481
-9.375 -21.875 0.087559
-9.375 -21.094 0.22398
-9.375 -20.313 0.41711
-9.375 -19.531 0.44063
-9.375 -18.75 0.36932
-9.375 -17.969 0.24529
-9.375 -17.188 0.12783
-9.375 -16.406 0.05837
-9.375 -15.625 -0.086344
-9.375 -14.844 -0.30014
-9.375 -14.063 -0.38929
-9.375 -13.281 -0.44682
-9.375 -12.5 -0.42334
-9.375 -11.719 -0.38777
-9.375 -10.938 -0.29289
-9.375 -10.156 -0.12165
-9.375 -9.375 0.045972
-9.375 -8.5938 0.12138
-9.375 -7.8125 0.25874
-9.375 -7.0313 0.43032
-9.375 -6.25 0.56433
-9.375 -5.4688 0.57474
-9.375 -4.6875 0.49704
-9.375 -3.9063 0.21064
-9.375 -3.125 -0.043764
-9.375 -2.3438 -0.29727
-9.375 -1.5625 -0.39965
-9.375 -0.78125 -0.3932
-9.375 0 -0.44701
-9.375 0.78125 -0.58413
-9.375 1.5625 -0.51179
-9.375 2.3438 -0.35199
-9.375 3.125 -0.096962
-9.375 3.9063 0.19162
-9.375 4.6875 0.3517
-9.375 5.4688 0.42428
-9.375 6.25 0.50264
-9.375 7.0313 0.35658
-9.375 7.8125 0.11751
-9.375 8.5938 -0.051856
-9.375 9.375 -0.16476
-9.375 10.156 -0.22367
-9.375 10.938 -0.26094
-9.375 11.719 -0.35419
-9.375 12.5 -0.4524
-9.375 13.281 -0.59246
-9.375 14.063 -0.51037
-9.375 14.844 -0.36465
-9.375 15.625 -0.18857
-9.375 16.406 0.038754
-9.375 17.188 0.23346
-9.375 17.969 0.3077
-9.375 18.75 0.30275
-9.375 19.531 0.23069
-9.375 20.313 0.16937
-9.375 21.094 -0.009502
-9.375 21.875 -0.31371
-9.375 22.656 -0.49535
-9.375 23.438 -0.57606
-9.375 24.219 -0.57248
-9.375 25 -0.47567
-8.5938 -24.219 -0.41623
-8.5938 -23.438 -0.23563
-8.5938 -22.656 -0.047834
-8.5938 -21.875 0.092962
-8.5938 -21.094 0.24202
-8.5938 -20.313 0.41942
-8.5938 -19.531 0.38318
-8.5938 -18.75 0.29524
-8.5938 -17.969 0.16747
-8.5938 -17.188 0.063027
-8.5938 -16.406 -0.017144
-8.5938 -15.625 -0.15317
-8.5938 -14.844 -0.34849
-8.5938 -14.063 -0.46158
-8.5938 -13.281 -0.49437
-8.5938 -12.5 -0.47255
-8.5938 -11.719 -0.46342
-8.5938 -10.938 -0.341
-8.5938 -10.156 -0.17736
-8.5938 -9.375 0.018696
-8.5938 -8.5938 0.087379
-8.5938 -7.8125 0.22548
-8.5938 -7.0313 0.37782
-8.5938 -6.25 0.51388
-8.5938 -5.4688 0.53568
-8.5938 -4.6875 0.37236
-8.5938 -3.9063 0.13597
-8.5938 -3.125 -0.10919
-8.5938 -2.3438 -0.40785
-8.5938 -1.5625 -0.53939
-8.5938 -0.78125 -0.57527
-8.5938 0 -0.60672
-8.5938 0.78125 -0.66552
-8.5938 1.5625 -0.53935
-8.5938 2.3438 -0.29748
-8.5938 3.125 -0.024271
-8.5938 3.9063 0.25871
-8.5938 4.6875 0.37857
-8.5938 5.4688 0.41885
-8.5938 6.25 0.4675
-8.5938 7.0313 0.31313
-8.5938 7.8125 0.027532
-8.5938 8.5938 -0.18837
-8.5938 9.375 -0.28097
-8.5938 10.156 -0.33239
-8.5938 10.938 -0.33571
-8.5938 11.719 -0.39894
-8.5938 12.5 -0.51135
-8.5938 13.281 -0.56402
-8.5938 14.063 -0.42753
-8.5938 14.844 -0.26781
-8.5938 15.625 -0.12029
-8.5938 16.406 0.08997
-8.5938 17.188 0.29992
-8.5938 17.969 0.35126
-8.5938 18.75 0.34778
-8.5938 19.531 0.25937
-8.5938 20.313 0.11043
-8.5938 21.094 -0.14621
-8.5938 21.875 -0.4287
-8.5938 22.656 -0.58612
-8.5938 23.438 -0.69822
-8.5938 24.219 -0.66521
-8.5938 25 -0.51914
-7.8125 -24.219 -0.45383
-7.8125 -23.438 -0.27542
-7.8125 -22.656 -0.11534
-7.8125 -21.875 0.0013622
-7.8125 -21.094 0.17064
-7.8125 -20.313 0.33137
-7.8125 -19.531 0.32298
-7.8125 -18.75 0.23683
-7.8125 -17.969 0.10615
-7.8125 -17.188 -0.032328
-7.8125 -16.406 -0.14402
-7.8125 -15.625 -0.26856
-7.8125 -14.844 -0.47552
-7.8125 -14.063 -0.54743
-7.8125 -13.281 -0.58478
-7.8125 -12.5 -0.60627
-7.8125 -11.719 -0.5338
-7.8125 -10.938 -0.35054
-7.8125 -10.156 -0.20012
-7.8125 -9.375 -0.00078073
-7.8125 -8.5938 0.054201
-7.8125 -7.8125 0.18833
-7.8125 -7.0313 0.35591
-7.8125 -6.25 0.49871
-7.8125 -5.4688 0.4992
-7.8125 -4.6875 0.30573
-7.8125 -3.9063 0.12441
-7.8125 -3.125 -0.12451
-7.8125 -2.3438 -0.47895
-7.8125 -1.5625 -0.68385
-7.8125 -0.78125 -0.72036
-7.8125 0 -0.6816
-7.8125 0.78125 -0.62224
-7.8125 1.5625 -0.39368
-7.8125 2.3438 -0.16171
-7.8125 3.125 0.030412
-7.8125 3.9063 0.25124
-7.8125 4.6875 0.34606
-7.8125 5.4688 0.3797
-7.8125 6.25 0.41107
-7.8125 7.0313 0.28344
-7.8125 7.8125 -0.049859
-7.8125 8.5938 -0.28194
-7.8125 9.375 -0.35323
-7.8125 10.156 -0.38201
-7.8125 10.938 -0.42034
-7.8125 11.719 -0.44019
-7.8125 12.5 -0.51815
-7.8125 13.281 -0.54657
-7.8125 14.063 -0.3778
-7.8125 14.844 -0.21096
-7.8125 15.625 -0.078338
-7.8125 16.406 0.11479
-7.8125 17.188 0.32362
-7.8125 17.969 0.38753
-7.8125 18.75 0.30399
-7.8125 19.531 0.2097
-7.8125 20.313 0.01883
-7.8125 21.094 -0.22538
-7.8125 21.875 -0.48329
-7.8125 22.656 -0.63703
-7.8125 23.438 -0.70403
-7.8125 24.219 -0.71338
-7.8125 25 -0.5935
-7.0313 -24.219 -0.46979
-7.0313 -23.438 -0.32742
-7.0313 -22.656 -0.15796
-7.0313 -21.875 -0.011721
-7.0313 -21.094 0.15737
-7.0313 -20.313 0.25708
-7.0313 -19.531 0.25805
-7.0313 -18.75 0.18168
-7.0313 -17.969 0.097864
-7.0313 -17.188 -0.049427
-7.0313 -16.406 -0.19572
-7.0313 -15.625 -0.37619
-7.0313 -14.844 -0.56973
-7.0313 -14.063 -0.61216
-7.0313 -13.281 -0.65641
-7.0313 -12.5 -0.66528
-7.0313 -11.719 -0.59847
-7.0313 -10.938 -0.38585
-7.0313 -10.156 -0.1253
-7.0313 -9.375 0.11614
-7.0313 -8.5938 0.12901
-7.0313 -7.8125 0.21646
-7.0313 -7.0313 0.39672
-7.0313 -6.25 0.44602
-7.0313 -5.4688 0.43814
-7.0313 -4.6875 0.2853
-7.0313 -3.9063 0.078447
-7.0313 -3.125 -0.18813
-7.0313 -2.3438 -0.50081
-7.0313 -1.5625 -0.72711
-7.0313 -0.78125 -0.76511
-7.0313 0 -0.62154
-7.0313 0.78125 -0.38267
-7.0313 1.5625 -0.16454
-7.0313 2.3438 -0.0073375
-7.0313 3.125 0.089236
-7.0313 3.9063 0.23471
-7.0313 4.6875 0.31379
-7.0313 5.4688 0.35663
-7.0313 6.25 0.35882
-7.0313 7.0313 0.22337
-7.0313 7.8125 -0.085457
-7.0313 8.5938 -0.33144
-7.0313 9.375 -0.43036
-7.0313 10.156 -0.51865
-7.0313 10.938 -0.55001
-7.0313 11.719 -0.52218
-7.0313 12.5 -0.48468
-7.0313 13.281 -0.48358
-7.0313 14.063 -0.33556
-7.0313 14.844 -0.19122
-7.0313 15.625 -0.04197
-7.0313 16.406 0.13324
-7.0313 17.188 0.32376
-7.0313 17.969 0.39709
-7.0313 18.75 0.28081
-7.0313 19.531 0.15631
-7.0313 20.313 -0.026437
-7.0313 21.094 -0.24215
-7.0313 21.875 -0.52021
-7.0313 22.656 -0.71307
-7.0313 23.438 -0.73971
-7.0313 24.219 -0.69499
-7.0313 25 -0.60039
-6.25 -24.219 -0.48861
-6.25 -23.438 -0.36477
-6.25 -22.656 -0.19913
-6.25 -21.875 -0.041958
-6.25 -21.094 0.084244
-6.25 -20.313 0.18903
-6.25 -19.531 0.23593
-6.25 -18.75 0.20426
-6.25 -17.969 0.10242
-6.25 -17.188 -0.055165
-6.25 -16.406 -0.22635
-6.25 -15.625 -0.42487
-6.25 -14.844 -0.64268
-6.25 -14.063 -0.66599
-6.25 -13.281 -0.67115
-6.25 -12.5 -0.65721
-6.25 -11.719 -0.61255
-6.25 -10.938 -0.39658
-6.25 -10.156 -0.011115
-6.25 -9.375 0.20522
-6.25 -8.5938 0.24416
-6.25 -7.8125 0.28444
-6.25 -7.0313 0.40132
-6.25 -6.25 0.42065
-6.25 -5.4688 0.44233
-6.25 -4.6875 0.30124
-6.25 -3.9063 0.046489
-6.25 -3.125 -0.26241
-6.25 -2.3438 -0.56601
-6.25 -1.5625 -0.73584
-6.25 -0.78125 -0.67284
-6.25 0 -0.45249
-6.25 0.78125 -0.1954
-6.25 1.5625 0.045584
-6.25 2.3438 0.13268
-6.25 3.125 0.15304
-6.25 3.9063 0.25358
-6.25 4.6875 0.30848
-6.25 5.4688 0.34706
-6.25 6.25 0.33869
-6.25 7.0313 0.18979
-6.25 7.8125 -0.065602
-6.25 8.5938 -0.36866
-6.25 9.375 -0.51745
-6.25 10.156 -0.57652
-6.25 10.938 -0.57798
-6.25 11.719 -0.54517
-6.25 12.5 -0.47237
-6.25 13.281 -0.44867
-6.25 14.063 -0.34752
-6.25 14.844 -0.14413
-6.25 15.625 -0.013133
-6.25 16.406 0.11335
-6.25 17.188 0.31794
-6.25 17.969 0.34823
-6.25 18.75 0.20151
-6.25 19.531 0.081556
-6.25 20.313 -0.082209
-6.25 21.094 -0.3181
-6.25 21.875 -0.58086
-6.25 22.656 -0.73022
-6.25 23.438 -0.78482
-6.25 24.219 -0.70241
-6.25 25 -0.55829
-5.4688 -24.219 -0.37385
-5.4688 -23.438 -0.3157
-5.4688 -22.656 -0.23924
-5.4688 -21.875 -0.12165
-5.4688 -21.094 0.055987
-5.4688 -20.313 0.15769
-5.4688 -19.531 0.26417
-5.4688 -18.75 0.16233
-5.4688 -17.969 0.059598
-5.4688 -17.188 -0.12661
-5.4688 -16.406 -0.30026
-5.4688 -15.625 -0.49344
-5.4688 -14.844 -0.68395
-5.4688 -14.063 -0.72793
-5.4688 -13.281 -0.71014
-5.4688 -12.5 -0.65949
-5.4688 -11.719 -0.55601
-5.4688 -10.938 -0.31801
-5.4688 -10.156 -0.029161
-5.4688 -9.375 0.16755
-5.4688 -8.5938 0.2853
-5.4688 -7.8125 0.35221
-5.4688 -7.0313 0.39161
-5.4688 -6.25 0.37106
-5.4688 -5.4688 0.36416
-5.4688 -4.6875 0.22773
-5.4688 -3.9063 -0.0010418
-5.4688 -3.125 -0.38054
-5.4688 -2.3438 -0.67097
-5.4688 -1.5625 -0.68309
-5.4688 -0.78125 -0.53933
-5.4688 0 -0.31699
-5.4688 0.78125 -0.072547
-5.4688 1.5625 0.17886
-5.4688 2.3438 0.25322
-5.4688 3.125 0.23041
-5.4688 3.9063 0.31388
-5.4688 4.6875 0.31676
-5.4688 5.4688 0.3255
-5.4688 6.25 0.29323
-5.4688 7.0313 0.1807
-5.4688 7.8125 -0.050545
-5.4688 8.5938 -0.42391
-5.4688 9.375 -0.6045
-5.4688 10.156 -0.59132
-5.4688 10.938 -0.54556
-5.4688 11.719 -0.48211
-5.4688 12.5 -0.40439
-5.4688 13.281 -0.40116
-5.4688 14.063 -0.31479
-5.4688 14.844 -0.13059
-5.4688 15.625 0.001891
-5.4688 16.406 0.099209
-5.4688 17.188 0.25155
-5.4688 17.969 0.23192
-5.4688 18.75 0.11513
-5.4688 19.531 0.01472
-5.4688 20.313 -0.17042
-5.4688 21.094 -0.41077
-5.4688 21.875 -0.6219
-5.4688 22.656 -0.74645
-5.4688 23.438 -0.72363
-5.4688 24.219 -0.61268
-5.4688 25 -0.48491
-4.6875 -24.219 -0.28521
-4.6875 -23.438 -0.28624
-4.6875 -22.656 -0.22619
-4.6875 -21.875 -0.12531
-4.6875 -21.094 0.022605
-4.6875 -20.313 0.11117
-4.6875 -19.531 0.19335
-4.6875 -18.75 0.082194
-4.6875 -17.969 -0.082877
-4.6875 -17.188 -0.26642
-4.6875 -16.406 -0.38289
-4.6875 -15.625 -0.56768
-4.6875 -14.844 -0.7551
-4.6875 -14.063 -0.82744
-4.6875 -13.281 -0.7845
-4.6875 -12.5 -0.72349
-4.6875 -11.719 -0.54199
-4.6875 -10.938 -0.27335
-4.6875 -10.156 -0.031513
-4.6875 -9.375 0.10909
-4.6875 -8.5938 0.24842
-4.6875 -7.8125 0.27422
-4.6875 -7.0313 0.31528
-4.6875 -6.25 0.24671
-4.6875 -5.4688 0.19521
-4.6875 -4.6875 0.073396
-4.6875 -3.9063 -0.17873
-4.6875 -3.125 -0.52389
-4.6875 -2.3438 -0.75852
-4.6875 -1.5625 -0.69549
-4.6875 -0.78125 -0.44925
-4.6875 0 -0.19482
-4.6875 0.78125 0.015842
-4.6875 1.5625 0.18362
-4.6875 2.3438 0.28547
-4.6875 3.125 0.30196
-4.6875 3.9063 0.32442
-4.6875 4.6875 0.24871
-4.6875 5.4688 0.25999
-4.6875 6.25 0.21148
-4.6875 7.0313 0.099738
-4.6875 7.8125 -0.11737
-4.6875 8.5938 -0.48119
-4.6875 9.375 -0.69749
-4.6875 10.156 -0.6193
-4.6875 10.938 -0.47468
-4.6875 11.719 -0.36647
-4.6875 12.5 -0.31255
-4.6875 13.281 -0.32176
-4.6875 14.063 -0.26444
-4.6875 14.844 -0.12468
-4.6875 15.625 -0.01121
-4.6875 16.406 0.088218
-4.6875 17.188 0.20976
-4.6875 17.969 0.19724
-4.6875 18.75 0.084007
-4.6875 19.531 -0.072387
-4.6875 20.313 -0.25891
-4.6875 21.094 -0.47548
-4.6875 21.875 -0.73891
-4.6875 22.656 -0.82332
-4.6875 23.438 -0.73498
-4.6875 24.219 -0.57113
-4.6875 25 -0.41026
-3.9063 -24.219 -0.2996
-3.9063 -23.438 -0.24641
-3.9063 -22.656 -0.23455
-3.9063 -21.875 -0.13714
-3.9063 -21.094 -0.032381
-3.9063 -20.313 0.014024
-3.9063 -19.531 -0.0049416
-3.9063 -18.75 -0.11662
-3.9063 -17.969 -0.29926
-3.9063 -17.188 -0.43111
-3.9063 -16.406 -0.54562
-3.9063 -15.625 -0.71711
-3.9063 -14.844 -0.88399
-3.9063 -14.063 -0.95268
-3.9063 -13.281 -0.85038
-3.9063 -12.5 -0.76972
-3.9063 -11.719 -0.59327
-3.9063 -10.938 -0.28647
-3.9063 -10.156 -0.098086
-3.9063 -9.375 0.025775
-3.9063 -8.5938 0.13127
-3.9063 -7.8125 0.16516
-3.9063 -7.0313 0.11115
-3.9063 -6.25 0.065155
-3.9063 -5.4688 -0.0092329
-3.9063 -4.6875 -0.090432
-3.9063 -3.9063 -0.38327
-3.9063 -3.125 -0.67365
-3.9063 -2.3438 -0.83498
-3.9063 -1.5625 -0.71386
-3.9063 -0.78125 -0.50027
-3.9063 0 -0.21206
-3.9063 0.78125 -0.0092728
-3.9063 1.5625 0.20234
-3.9063 2.3438 0.2403
-3.9063 3.125 0.24675
-3.9063 3.9063 0.21422
-3.9063 4.6875 0.12262
-3.9063 5.4688 0.12055
-3.9063 6.25 0.056122
-3.9063 7.0313 -0.089061
-3.9063 7.8125 -0.33828
-3.9063 8.5938 -0.64107
-3.9063 9.375 -0.77794
-3.9063 10.156 -0.68248
-3.9063 10.938 -0.49258
-3.9063 11.719 -0.38867
-3.9063 12.5 -0.31065
-3.9063 13.281 -0.32728
-3.9063 14.063 -0.3228
-3.9063 14.844 -0.16005
-3.9063 15.625 -0.046737
-3.9063 16.406 0.063803
-3.9063 17.188 0.12205
-3.9063 17.969 0.042626
-3.9063 18.75 9.6585e-05
-3.9063 19.531 -0.13836
-3.9063 20.313 -0.3467
-3.9063 21.094 -0.57538
-3.9063 21.875 -0.81014
-3.9063 22.656 -0.86128
-3.9063 23.438 -0.78511
-3.9063 24.219 -0.62219
-3.9063 25 -0.40634
-3.125 -24.219 -0.25698
-3.125 -23.438 -0.17488
-3.125 -22.656 -0.1837
-3.125 -21.875 -0.092818
-3.125 -21.094 -0.047165
-3.125 -20.313 -0.053246
-3.125 -19.531 -0.080867
-3.125 -18.75 -0.19535
-3.125 -17.969 -0.40515
-3.125 -17.188 -0.54993
-3.125 -16.406 -0.69852
-3.125 -15.625 -0.81419
-3.125 -14.844 -0.977
-3.125 -14.063 -0.98377
-3.125 -13.281 -0.83942
-3.125 -12.5 -0.74186
-3.125 -11.719 -0.57254
-3.125 -10.938 -0.31858
-3.125 -10.156 -0.19392
-3.125 -9.375 -0.060517
-3.125 -8.5938 0.040336
-3.125 -7.8125 0.051434
-3.125 -7.0313 0.0028386
-3.125 -6.25 -0.07422
-3.125 -5.4688 -0.17825
-3.125 -4.6875 -0.32005
-3.125 -3.9063 -0.60433
-3.125 -3.125 -0.79856
-3.125 -2.3438 -0.87831
-3.125 -1.5625 -0.7371
-3.125 -0.78125 -0.48976
-3.125 0 -0.22091
-3.125 0.78125 0.013626
-3.125 1.5625 0.20217
-3.125 2.3438 0.13458
-3.125 3.125 0.097889
-3.125 3.9063 0.075857
-3.125 4.6875 0.031277
-3.125 5.4688 -0.023472
-3.125 6.25 -0.11348
-3.125 7.0313 -0.32736
-3.125 7.8125 -0.59345
-3.125 8.5938 -0.79263
-3.125 9.375 -0.85659
-3.125 10.156 -0.74057
-3.125 10.938 -0.56562
-3.125 11.719 -0.4809
-3.125 12.5 -0.42234
-3.125 13.281 -0.41781
-3.125 14.063 -0.3777
-3.125 14.844 -0.23034
-3.125 15.625 -0.15897
-3.125 16.406 -0.040112
-3.125 17.188 0.041177
-3.125 17.969 -0.034382
-3.125 18.75 -0.12848
-3.125 19.531 -0.28386
-3.125 20.313 -0.43811
-3.125 21.094 -0.62043
-3.125 21.875 -0.82497
-3.125 22.656 -0.87904
-3.125 23.438 -0.80687
-3.125 24.219 -0.66564
-3.125 25 -0.4184
-2.3438 -24.219 -0.27476
-2.3438 -23.438 -0.14214
-2.3438 -22.656 -0.11852
-2.3438 -21.875 -0.05968
-2.3438 -21.094 -0.017266
-2.3438 -20.313 -0.068604
-2.3438 -19.531 -0.11397
-2.3438 -18.75 -0.26594
-2.3438 -17.969 -0.45658
-2.3438 -17.188 -0.65963
-2.3438 -16.406 -0.78521
-2.3438 -15.625 -0.8537
-2.3438 -14.844 -0.9498
-2.3438 -14.063 -0.97571
-2.3438 -13.281 -0.88036
-2.3438 -12.5 -0.76757
-2.3438 -11.719 -0.54585
-2.3438 -10.938 -0.32932
-2.3438 -10.156 -0.15607
-2.3438 -9.375 0.0090456
-2.3438 -8.5938 0.020007
-2.3438 -7.8125 -0.017044
-2.3438 -7.0313 -0.066415
-2.3438 -6.25 -0.21654
-2.3438 -5.4688 -0.32476
-2.3438 -4.6875 -0.50744
-2.3438 -3.9063 -0.7035
-2.3438 -3.125 -0.88179
-2.3438 -2.3438 -0.92099
-2.3438 -1.5625 -0.72347
-2.3438 -0.78125 -0.48425
-2.3438 0 -0.26524
-2.3438 0.78125 -0.0034421
-2.3438 1.5625 0.084187
-2.3438 2.3438 0.045902
-2.3438 3.125 -0.017832
-2.3438 3.9063 -0.055726
-2.3438 4.6875 -0.09893
-2.3438 5.4688 -0.13219
-2.3438 6.25 -0.25755
-2.3438 7.0313 -0.52185
-2.3438 7.8125 -0.81275
-2.3438 8.5938 -0.90858
-2.3438 9.375 -0.93194
-2.3438 10.156 -0.80568
-2.3438 10.938 -0.66356
-2.3438 11.719 -0.61906
-2.3438 12.5 -0.61446
-2.3438 13.281 -0.56623
-2.3438 14.063 -0.43494
-2.3438 14.844 -0.29171
-2.3438 15.625 -0.19972
-2.3438 16.406 -0.14607
-2.3438 17.188 -0.11719
-2.3438 17.969 -0.18287
-2.3438 18.75 -0.29483
-2.3438 19.531 -0.38792
-2.3438 20.313 -0.5058
-2.3438 21.094 -0.63953
-2.3438 21.875 -0.87
-2.3438 22.656 -0.88734
-2.3438 23.438 -0.83022
-2.3438 24.219 -0.66486
-2.3438 25 -0.45094
-1.5625 -24.219 -0.22183
-1.5625 -23.438 -0.12027
-1.5625 -22.656 -0.076327
-1.5625 -21.875 -0.025254
-1.5625 -21.094 0.015614
-1.5625 -20.313 -0.059383
-1.5625 -19.531 -0.11214
-1.5625 -18.75 -0.28597
-1.5625 -17.969 -0.52246
-1.5625 -17.188 -0.69532
-1.5625 -16.406 -0.7724
-1.5625 -15.625 -0.83721
-1.5625 -14.844 -0.86822
-1.5625 -14.063 -0.9168
-1.5625 -13.281 -0.83706
-1.5625 -12.5 -0.68936
-1.5625 -11.719 -0.44334
-1.5625 -10.938 -0.23863
-1.5625 -10.156 -0.10687
-1.5625 -9.375 0.017928
-1.5625 -8.5938 0.050934
-1.5625 -7.8125 -0.049404
-1.5625 -7.0313 -0.17324
-1.5625 -6.25 -0.31926
-1.5625 -5.4688 -0.39545
-1.5625 -4.6875 -0.5235
-1.5625 -3.9063 -0.69943
-1.5625 -3.125 -0.87002
-1.5625 -2.3438 -0.86626
-1.5625 -1.5625 -0.72583
-1.5625 -0.78125 -0.44847
-1.5625 0 -0.29604
-1.5625 0.78125 -0.090497
-1.5625 1.5625 -0.041918
-1.5625 2.3438 -0.043327
-1.5625 3.125 -0.14616
-1.5625 3.9063 -0.22273
-1.5625 4.6875 -0.28299
-1.5625 5.4688 -0.27553
-1.5625 6.25 -0.41249
-1.5625 7.0313 -0.65283
-1.5625 7.8125 -0.87371
-1.5625 8.5938 -0.98211
-1.5625 9.375 -0.98661
-1.5625 10.156 -0.86242
-1.5625 10.938 -0.8011
-1.5625 11.719 -0.73721
-1.5625 12.5 -0.75082
-1.5625 13.281 -0.67653
-1.5625 14.063 -0.49329
-1.5625 14.844 -0.32538
-1.5625 15.625 -0.3032
-1.5625 16.406 -0.31156
-1.5625 17.188 -0.2396
-1.5625 17.969 -0.23314
-1.5625 18.75 -0.35141
-1.5625 19.531 -0.40469
-1.5625 20.313 -0.54325
-1.5625 21.094 -0.70157
-1.5625 21.875 -0.87867
-1.5625 22.656 -0.91471
-1.5625 23.438 -0.85784
-1.5625 24.219 -0.65914
-1.5625 25 -0.43047
-0.78125 -24.219 -0.18401
-0.78125 -23.438 -0.10778
-0.78125 -22.656 -0.039457
-0.78125 -21.875 0.013557
-0.78125 -21.094 0.039498
-0.78125 -20.313 0.053971
-0.78125 -19.531 -0.022227
-0.78125 -18.75 -0.30129
-0.78125 -17.969 -0.5582
-0.78125 -17.188 -0.7334
-0.78125 -16.406 -0.83052
-0.78125 -15.625 -0.80222
-0.78125 -14.844 -0.77706
-0.78125 -14.063 -0.75595
-0.78125 -13.281 -0.72606
-0.78125 -12.5 -0.5893
-0.78125 -11.719 -0.36792
-0.78125 -10.938 -0.17286
-0.78125 -10.156 -0.068129
-0.78125 -9.375 -0.015154
-0.78125 -8.5938 0.034439
-0.78125 -7.8125 -0.054403
-0.78125 -7.0313 -0.25021
-0.78125 -6.25 -0.35871
-0.78125 -5.4688 -0.44873
-0.78125 -4.6875 -0.52242
-0.78125 -3.9063 -0.69717
-0.78125 -3.125 -0.80306
-0.78125 -2.3438 -0.77999
-0.78125 -1.5625 -0.68857
-0.78125 -0.78125 -0.44791
-0.78125 0 -0.28393
-0.78125 0.78125 -0.1602
-0.78125 1.5625 -0.13743
-0.78125 2.3438 -0.19716
-0.78125 3.125 -0.28459
-0.78125 3.9063 -0.38845
-0.78125 4.6875 -0.46594
-0.78125 5.4688 -0.4318
-0.78125 6.25 -0.52681
-0.78125 7.0313 -0.74736
-0.78125 7.8125 -0.94961
-0.78125 8.5938 -1.0958
-0.78125 9.375 -1.0889
-0.78125 10.156 -1.0109
-0.78125 10.938 -0.94115
-0.78125 11.719 -0.87211
-0.78125 12.5 -0.82015
-0.78125 13.281 -0.75427
-0.78125 14.063 -0.60882
-0.78125 14.844 -0.43535
-0.78125 15.625 -0.39093
-0.78125 16.406 -0.42015
-0.78125 17.188 -0.31832
-0.78125 17.969 -0.28693
-0.78125 18.75 -0.35287
-0.78125 19.531 -0.40744
-0.78125 20.313 -0.55866
-0.78125 21.094 -0.75127
-0.78125 21.875 -0.88928
-0.78125 22.656 -0.88709
-0.78125 23.438 -0.80774
-0.78125 24.219 -0.60668
-0.78125 25 -0.35288
0 -24.219 -0.24689
0 -23.438 -0.13467
0 -22.656 -0.044746
0 -21.875 -0.012389
0 -21.094 0.053639
0 -20.313 0.09016
0 -19.531 0.032588
0 -18.75 -0.2266
0 -17.969 -0.57696
0 -17.188 -0.78811
0 -16.406 -0.82161
0 -15.625 -0.72103
0 -14.844 -0.7182
0 -14.063 -0.62465
0 -13.281 -0.54552
0 -12.5 -0.4468
0 -11.719 -0.26426
0 -10.938 -0.15494
0 -10.156 -0.045599
0 -9.375 -0.020668
0 -8.5938 -0.022023
0 -7.8125 -0.15473
0 -7.0313 -0.35504
0 -6.25 -0.42652
0 -5.4688 -0.47412
0 -4.6875 -0.53712
0 -3.9063 -0.696
0 -3.125 -0.74903
0 -2.3438 -0.71241
0 -1.5625 -0.66221
0 -0.78125 -0.46072
0 0 -0.29763
0 0.78125 -0.20857
0 1.5625 -0.17162
0 2.3438 -0.30866
0 3.125 -0.4309
0 3.9063 -0.4943
0 4.6875 -0.55135
0 5.4688 -0.55265
0 6.25 -0.6418
0 7.0313 -0.85679
0 7.8125 -1.0479
0 8.5938 -1.128
0 9.375 -1.1214
0 10.156 -1.0709
0 10.938 -0.96478
0 11.719 -0.87942
0 12.5 -0.80426
0 13.281 -0.73402
0 14.063 -0.66408
0 14.844 -0.57784
0 15.625 -0.53761
0 16.406 -0.49339
0 17.188 -0.40809
0 17.969 -0.3584
0 18.75 -0.38368
0 19.531 -0.45994
0 20.313 -0.56682
0 21.094 -0.69709
0 21.875 -0.74722
0 22.656 -0.77494
0 23.438 -0.73063
0 24.219 -0.59652
0 25 -0.40222
0.78125 -24.219 -0.24091
0.78125 -23.438 -0.11381
0.78125 -22.656 0.019761
0.78125 -21.875 0.036782
0.78125 -21.094 0.094684
0.78125 -20.313 0.11097
0.78125 -19.531 0.043705
0.78125 -18.75 -0.17667
0.78125 -17.969 -0.51157
0.78125 -17.188 -0.76221
0.78125 -16.406 -0.74738
0.78125 -15.625 -0.6393
0.78125 -14.844 -0.66647
0.78125 -14.063 -0.51217
0.78125 -13.281 -0.3609
0.78125 -12.5 -0.273
0.78125 -11.719 -0.15669
0.78125 -10.938 -0.064544
0.78125 -10.156 0.0085762
0.78125 -9.375 -0.0085812
0.78125 -8.5938 -0.046845
0.78125 -7.8125 -0.29009
0.78125 -7.0313 -0.533
0.78125 -6.25 -0.61407
0.78125 -5.4688 -0.6133
0.78125 -4.6875 -0.65406
0.78125 -3.9063 -0.71399
0.78125 -3.125 -0.74193
0.78125 -2.3438 -0.6697
0.78125 -1.5625 -0.63225
0.78125 -0.78125 -0.49776
0.78125 0 -0.33426
0.78125 0.78125 -0.24719
0.78125 1.5625 -0.227
0.78125 2.3438 -0.34172
0.78125 3.125 -0.50287
0.78125 3.9063 -0.5729
0.78125 4.6875 -0.57602
0.78125 5.4688 -0.57969
0.78125 6.25 -0.68832
0.78125 7.0313 -0.88578
0.78125 7.8125 -1.0984
0.78125 8.5938 -1.1285
0.78125 9.375 -1.0817
0.78125 10.156 -0.99515
0.78125 10.938 -0.87844
0.78125 11.719 -0.80271
0.78125 12.5 -0.72697
0.78125 13.281 -0.68473
0.78125 14.063 -0.6954
0.78125 14.844 -0.64918
0.78125 15.625 -0.61247
0.78125 16.406 -0.53935
0.78125 17.188 -0.4346
0.78125 17.969 -0.4388
0.78125 18.75 -0.45136
0.78125 19.531 -0.5241
0.78125 20.313 -0.6201
0.78125 21.094 -0.61302
0.78125 21.875 -0.62725
0.78125 22.656 -0.6806
0.78125 23.438 -0.64054
0.78125 24.219 -0.54163
0.78125 25 -0.39191
1.5625 -24.219 -0.17897
1.5625 -23.438 -0.018011
1.5625 -22.656 0.058498
1.5625 -21.875 0.064436
1.5625 -21.094 0.086186
1.5625 -20.313 0.098456
1.5625 -19.531 0.036325
1.5625 -18.75 -0.15383
1.5625 -17.969 -0.46291
1.5625 -17.188 -0.62451
1.5625 -16.406 -0.60709
1.5625 -15.625 -0.5932
1.5625 -14.844 -0.57426
1.5625 -14.063 -0.45212
1.5625 -13.281 -0.28635
1.5625 -12.5 -0.13787
1.5625 -11.719 -0.043217
1.5625 -10.938 0.069144
1.5625 -10.156 0.10758
1.5625 -9.375 0.053913
1.5625 -8.5938 -0.11328
1.5625 -7.8125 -0.40882
1.5625 -7.0313 -0.71454
1.5625 -6.25 -0.81393
1.5625 -5.4688 -0.81655
1.5625 -4.6875 -0.79976
1.5625 -3.9063 -0.7513
1.5625 -3.125 -0.69654
1.5625 -2.3438 -0.68603
1.5625 -1.5625 -0.64132
1.5625 -0.78125 -0.50181
1.5625 0 -0.34395
1.5625 0.78125 -0.30709
1.5625 1.5625 -0.38905
1.5625 2.3438 -0.4795
1.5625 3.125 -0.62328
1.5625 3.9063 -0.66132
1.5625 4.6875 -0.62737
1.5625 5.4688 -0.64418
1.5625 6.25 -0.73534
1.5625 7.0313 -0.92684
1.5625 7.8125 -1.1047
1.5625 8.5938 -1.1106
1.5625 9.375 -1.0446
1.5625 10.156 -0.92209
1.5625 10.938 -0.83576
1.5625 11.719 -0.75297
1.5625 12.5 -0.69172
1.5625 13.281 -0.66317
1.5625 14.063 -0.67235
1.5625 14.844 -0.67992
1.5625 15.625 -0.65252
1.5625 16.406 -0.59655
1.5625 17.188 -0.49466
1.5625 17.969 -0.53072
1.5625 18.75 -0.56571
1.5625 19.531 -0.6109
1.5625 20.313 -0.65086
1.5625 21.094 -0.62707
1.5625 21.875 -0.65703
1.5625 22.656 -0.66152
1.5625 23.438 -0.54503
1.5625 24.219 -0.46726
1.5625 25 -0.35343
2.3438 -24.219 -0.12912
2.3438 -23.438 0.034929
2.3438 -22.656 0.084377
2.3438 -21.875 -0.0072284
2.3438 -21.094 0.020642
2.3438 -20.313 0.054361
2.3438 -19.531 0.03977
2.3438 -18.75 -0.09034
2.3438 -17.969 -0.30797
2.3438 -17.188 -0.41988
2.3438 -16.406 -0.4638
2.3438 -15.625 -0.41887
2.3438 -14.844 -0.42203
2.3438 -14.063 -0.35085
2.3438 -13.281 -0.21073
2.3438 -12.5 -0.060059
2.3438 -11.719 0.072039
2.3438 -10.938 0.13632
2.3438 -10.156 0.15831
2.3438 -9.375 0.10404
2.3438 -8.5938 -0.17299
2.3438 -7.8125 -0.4975
2.3438 -7.0313 -0.81489
2.3438 -6.25 -0.94103
2.3438 -5.4688 -0.90118
2.3438 -4.6875 -0.84225
2.3438 -3.9063 -0.73697
2.3438 -3.125 -0.68627
2.3438 -2.3438 -0.6757
2.3438 -1.5625 -0.58639
2.3438 -0.78125 -0.46163
2.3438 0 -0.39958
2.3438 0.78125 -0.41368
2.3438 1.5625 -0.50911
2.3438 2.3438 -0.57897
2.3438 3.125 -0.69465
2.3438 3.9063 -0.72079
2.3438 4.6875 -0.71763
2.3438 5.4688 -0.69896
2.3438 6.25 -0.82399
2.3438 7.0313 -0.99097
2.3438 7.8125 -1.0784
2.3438 8.5938 -1.0153
2.3438 9.375 -0.96599
2.3438 10.156 -0.83473
2.3438 10.938 -0.69484
2.3438 11.719 -0.63978
2.3438 12.5 -0.66011
2.3438 13.281 -0.66892
2.3438 14.063 -0.68128
2.3438 14.844 -0.6894
2.3438 15.625 -0.65283
2.3438 16.406 -0.59962
2.3438 17.188 -0.509
2.3438 17.969 -0.57473
2.3438 18.75 -0.65212
2.3438 19.531 -0.65344
2.3438 20.313 -0.64571
2.3438 21.094 -0.63303
2.3438 21.875 -0.63814
2.3438 22.656 -0.56238
2.3438 23.438 -0.44409
2.3438 24.219 -0.38008
2.3438 25 -0.27714
3.125 -24.219 -0.091324
3.125 -23.438 0.0092376
3.125 -22.656 0.045535
3.125 -21.875 -0.055502
3.125 -21.094 -0.0020139
3.125 -20.313 0.016673
3.125 -19.531 -0.0029674
3.125 -18.75 -0.072565
3.125 -17.969 -0.18963
3.125 -17.188 -0.27301
3.125 -16.406 -0.25618
3.125 -15.625 -0.21832
3.125 -14.844 -0.24544
3.125 -14.063 -0.28237
3.125 -13.281 -0.12649
3.125 -12.5 -0.013597
3.125 -11.719 0.11142
3.125 -10.938 0.17066
3.125 -10.156 0.21728
3.125 -9.375 0.08864
3.125 -8.5938 -0.19948
3.125 -7.8125 -0.56518
3.125 -7.0313 -0.8039
3.125 -6.25 -0.93251
3.125 -5.4688 -0.85913
3.125 -4.6875 -0.77169
3.125 -3.9063 -0.72636
3.125 -3.125 -0.70641
3.125 -2.3438 -0.63289
3.125 -1.5625 -0.60989
3.125 -0.78125 -0.47456
3.125 0 -0.42026
3.125 0.78125 -0.4325
3.125 1.5625 -0.53901
3.125 2.3438 -0.62878
3.125 3.125 -0.73176
3.125 3.9063 -0.76627
3.125 4.6875 -0.77926
3.125 5.4688 -0.81458
3.125 6.25 -0.9282
3.125 7.0313 -0.9941
3.125 7.8125 -1.002
3.125 8.5938 -0.91438
3.125 9.375 -0.91455
3.125 10.156 -0.72911
3.125 10.938 -0.57276
3.125 11.719 -0.52759
3.125 12.5 -0.59726
3.125 13.281 -0.67858
3.125 14.063 -0.70372
3.125 14.844 -0.6735
3.125 15.625 -0.68479
3.125 16.406 -0.62918
3.125 17.188 -0.51625
3.125 17.969 -0.57927
3.125 18.75 -0.64948
3.125 19.531 -0.62583
3.125 20.313 -0.61017
3.125 21.094 -0.59319
3.125 21.875 -0.54519
3.125 22.656 -0.46267
3.125 23.438 -0.40404
3.125 24.219 -0.28467
3.125 25 -0.21335
3.9063 -24.219 -0.098085
3.9063 -23.438 -0.035066
3.9063 -22.656 0.0010681
3.9063 -21.875 0.0010958
3.9063 -21.094 0.047229
3.9063 -20.313 0.031208
3.9063 -19.531 -0.029865
3.9063 -18.75 -0.049137
3.9063 -17.969 -0.12189
3.9063 -17.188 -0.17032
3.9063 -16.406 -0.13435
3.9063 -15.625 -0.11905
3.9063 -14.844 -0.16036
3.9063 -14.063 -0.1446
3.9063 -13.281 -0.018671
3.9063 -12.5 0.058425
3.9063 -11.719 0.16348
3.9063 -10.938 0.20247
3.9063 -10.156 0.20115
3.9063 -9.375 0.074294
3.9063 -8.5938 -0.22063
3.9063 -7.8125 -0.61048
3.9063 -7.0313 -0.85151
3.9063 -6.25 -0.8753
3.9063 -5.4688 -0.77423
3.9063 -4.6875 -0.70936
3.9063 -3.9063 -0.68209
3.9063 -3.125 -0.68354
3.9063 -2.3438 -0.60026
3.9063 -1.5625 -0.5572
3.9063 -0.78125 -0.49399
3.9063 0 -0.43458
3.9063 0.78125 -0.51172
3.9063 1.5625 -0.60379
3.9063 2.3438 -0.65201
3.9063 3.125 -0.74098
3.9063 3.9063 -0.84915
3.9063 4.6875 -0.90241
3.9063 5.4688 -0.89528
3.9063 6.25 -0.95618
3.9063 7.0313 -0.9838
3.9063 7.8125 -0.93582
3.9063 8.5938 -0.87605
3.9063 9.375 -0.82329
3.9063 10.156 -0.59459
3.9063 10.938 -0.42106
3.9063 11.719 -0.43036
3.9063 12.5 -0.55316
3.9063 13.281 -0.66292
3.9063 14.063 -0.71012
3.9063 14.844 -0.70895
3.9063 15.625 -0.67991
3.9063 16.406 -0.5836
3.9063 17.188 -0.49923
3.9063 17.969 -0.56665
3.9063 18.75 -0.63833
3.9063 19.531 -0.56907
3.9063 20.313 -0.53952
3.9063 21.094 -0.4453
3.9063 21.875 -0.33152
3.9063 22.656 -0.27677
3.9063 23.438 -0.26254
3.9063 24.219 -0.16621
3.9063 25 -0.12226
4.6875 -24.219 -0.038706
4.6875 -23.438 -0.013298
4.6875 -22.656 0.010162
4.6875 -21.875 0.069823
4.6875 -21.094 0.080625
4.6875 -20.313 0.075076
4.6875 -19.531 0.019914
4.6875 -18.75 -0.020795
4.6875 -17.969 -0.13655
4.6875 -17.188 -0.13241
4.6875 -16.406 -0.064455
4.6875 -15.625 -0.035539
4.6875 -14.844 -0.12444
4.6875 -14.063 -0.02442
4.6875 -13.281 0.086099
4.6875 -12.5 0.18033
4.6875 -11.719 0.21958
4.6875 -10.938 0.24921
4.6875 -10.156 0.18995
4.6875 -9.375 0.031927
4.6875 -8.5938 -0.28006
4.6875 -7.8125 -0.66922
4.6875 -7.0313 -0.85511
4.6875 -6.25 -0.80422
4.6875 -5.4688 -0.75231
4.6875 -4.6875 -0.64172
4.6875 -3.9063 -0.60952
4.6875 -3.125 -0.57915
4.6875 -2.3438 -0.46052
4.6875 -1.5625 -0.45035
4.6875 -0.78125 -0.46861
4.6875 0 -0.43116
4.6875 0.78125 -0.51737
4.6875 1.5625 -0.64769
4.6875 2.3438 -0.70225
4.6875 3.125 -0.75342
4.6875 3.9063 -0.87133
4.6875 4.6875 -0.93278
4.6875 5.4688 -0.91559
4.6875 6.25 -0.90099
4.6875 7.0313 -0.87094
4.6875 7.8125 -0.8328
4.6875 8.5938 -0.78924
4.6875 9.375 -0.68956
4.6875 10.156 -0.476
4.6875 10.938 -0.28001
4.6875 11.719 -0.27651
4.6875 12.5 -0.45964
4.6875 13.281 -0.61486
4.6875 14.063 -0.61966
4.6875 14.844 -0.64656
4.6875 15.625 -0.57885
4.6875 16.406 -0.50053
4.6875 17.188 -0.4711
4.6875 17.969 -0.54831
4.6875 18.75 -0.58066
4.6875 19.531 -0.47234
4.6875 20.313 -0.36133
4.6875 21.094 -0.19841
4.6875 21.875 -0.072497
4.6875 22.656 -0.07068
4.6875 23.438 -0.04621
4.6875 24.219 -0.020383
4.6875 25 0.0060725
5.4688 -24.219 0.067601
5.4688 -23.438 0.057609
5.4688 -22.656 0.034658
5.4688 -21.875 0.096888
5.4688 -21.094 0.13889
5.4688 -20.313 0.11587
5.4688 -19.531 0.076967
5.4688 -18.75 0.013713
5.4688 -17.969 -0.10802
5.4688 -17.188 -0.11565
5.4688 -16.406 -0.044605
5.4688 -15.625 0.030948
5.4688 -14.844 0.022653
5.4688 -14.063 0.10764
5.4688 -13.281 0.17447
5.4688 -12.5 0.21641
5.4688 -11.719 0.25866
5.4688 -10.938 0.24597
5.4688 -10.156 0.17982
5.4688 -9.375 -0.013634
5.4688 -8.5938 -0.35501
5.4688 -7.8125 -0.7378
5.4688 -7.0313 -0.898
5.4688 -6.25 -0.79739
5.4688 -5.4688 -0.6705
5.4688 -4.6875 -0.51986
5.4688 -3.9063 -0.47636
5.4688 -3.125 -0.45501
5.4688 -2.3438 -0.36834
5.4688 -1.5625 -0.3486
5.4688 -0.78125 -0.35312
5.4688 0 -0.37587
5.4688 0.78125 -0.49477
5.4688 1.5625 -0.63547
5.4688 2.3438 -0.74531
5.4688 3.125 -0.81589
5.4688 3.9063 -0.86468
5.4688 4.6875 -0.89104
5.4688 5.4688 -0.84935
5.4688 6.25 -0.78553
5.4688 7.0313 -0.76602
5.4688 7.8125 -0.7489
5.4688 8.5938 -0.63602
5.4688 9.375 -0.48326
5.4688 10.156 -0.32888
5.4688 10.938 -0.13423
5.4688 11.719 -0.15045
5.4688 12.5 -0.31913
5.4688 13.281 -0.5047
5.4688 14.063 -0.55118
5.4688 14.844 -0.49701
5.4688 15.625 -0.4313
5.4688 16.406 -0.44033
5.4688 17.188 -0.43376
5.4688 17.969 -0.52165
5.4688 18.75 -0.48323
5.4688 19.531 -0.3287
5.4688 20.313 -0.1739
5.4688 21.094 0.017429
5.4688 21.875 0.11563
5.4688 22.656 0.11967
5.4688 23.438 0.14075
5.4688 24.219 0.16998
5.4688 25 0.14473
6.25 -24.219 0.16532
6.25 -23.438 0.076421
6.25 -22.656 0.047289
6.25 -21.875 0.098683
6.25 -21.094 0.098298
6.25 -20.313 0.12403
6.25 -19.531 0.1139
6.25 -18.75 0.012543
6.25 -17.969 -0.059113
6.25 -17.188 -0.066351
6.25 -16.406 0.079708
6.25 -15.625 0.14487
6.25 -14.844 0.22237
6.25 -14.063 0.25976
6.25 -13.281 0.24132
6.25 -12.5 0.23305
6.25 -11.719 0.26369
6.25 -10.938 0.23036
6.25 -10.156 0.18875
6.25 -9.375 -0.051316
6.25 -8.5938 -0.3874
6.25 -7.8125 -0.74901
6.25 -7.0313 -0.822
6.25 -6.25 -0.74483
6.25 -5.4688 -0.56278
6.25 -4.6875 -0.38398
6.25 -3.9063 -0.30763
6.25 -3.125 -0.30992
6.25 -2.3438 -0.21961
6.25 -1.5625 -0.244
6.25 -0.78125 -0.26629
6.25 0 -0.29885
6.25 0.78125 -0.44006
6.25 1.5625 -0.60865
6.25 2.3438 -0.71447
6.25 3.125 -0.8249
6.25 3.9063 -0.78473
6.25 4.6875 -0.78163
6.25 5.4688 -0.73047
6.25 6.25 -0.63045
6.25 7.0313 -0.59371
6.25 7.8125 -0.58591
6.25 8.5938 -0.48084
6.25 9.375 -0.37857
6.25 10.156 -0.17946
6.25 10.938 -0.013055
6.25 11.719 -0.0087781
6.25 12.5 -0.13004
6.25 13.281 -0.34504
6.25 14.063 -0.41176
6.25 14.844 -0.3873
6.25 15.625 -0.3406
6.25 16.406 -0.34602
6.25 17.188 -0.35501
6.25 17.969 -0.41505
6.25 18.75 -0.40485
6.25 19.531 -0.22163
6.25 20.313 -0.020936
6.25 21.094 0.15976
6.25 21.875 0.22647
6.25 22.656 0.27944
6.25 23.438 0.31109
6.25 24.219 0.32588
6.25 25 0.24872
7.0313 -24.219 0.23674
7.0313 -23.438 0.12123
7.0313 -22.656 -0.0040853
7.0313 -21.875 -0.020826
7.0313 -21.094 -0.028832
7.0313 -20.313 0.030036
7.0313 -19.531 0.04434
7.0313 -18.75 -0.050272
7.0313 -17.969 -0.097977
7.0313 -17.188 -0.017808
7.0313 -16.406 0.15433
7.0313 -15.625 0.21995
7.0313 -14.844 0.28846
7.0313 -14.063 0.29133
7.0313 -13.281 0.22706
7.0313 -12.5 0.1625
7.0313 -11.719 0.19333
7.0313 -10.938 0.19349
7.0313 -10.156 0.12003
7.0313 -9.375 -0.11532
7.0313 -8.5938 -0.44731
7.0313 -7.8125 -0.73015
7.0313 -7.0313 -0.77832
7.0313 -6.25 -0.72879
7.0313 -5.4688 -0.55557
7.0313 -4.6875 -0.36782
7.0313 -3.9063 -0.25525
7.0313 -3.125 -0.22806
7.0313 -2.3438 -0.17659
7.0313 -1.5625 -0.18847
7.0313 -0.78125 -0.21875
7.0313 0 -0.28425
7.0313 0.78125 -0.44653
7.0313 1.5625 -0.61028
7.0313 2.3438 -0.67714
7.0313 3.125 -0.72996
7.0313 3.9063 -0.72979
7.0313 4.6875 -0.67668
7.0313 5.4688 -0.61955
7.0313 6.25 -0.51288
7.0313 7.0313 -0.45154
7.0313 7.8125 -0.47005
7.0313 8.5938 -0.39334
7.0313 9.375 -0.31481
7.0313 10.156 -0.10144
7.0313 10.938 0.077478
7.0313 11.719 0.076561
7.0313 12.5 -0.042047
7.0313 13.281 -0.23442
7.0313 14.063 -0.26342
7.0313 14.844 -0.29565
7.0313 15.625 -0.30468
7.0313 16.406 -0.34684
7.0313 17.188 -0.32783
7.0313 17.969 -0.36554
7.0313 18.75 -0.36252
7.0313 19.531 -0.19068
7.0313 20.313 0.0041795
7.0313 21.094 0.20382
7.0313 21.875 0.29345
7.0313 22.656 0.37181
7.0313 23.438 0.41619
7.0313 24.219 0.36315
7.0313 25 0.29943
7.8125 -24.219 0.28793
7.8125 -23.438 0.16539
7.8125 -22.656 -0.014521
7.8125 -21.875 -0.13065
7.8125 -21.094 -0.16169
7.8125 -20.313 -0.096744
7.8125 -19.531 -0.027723
7.8125 -18.75 -0.037973
7.8125 -17.969 -0.071446
7.8125 -17.188 -0.03066
7.8125 -16.406 0.12278
7.8125 -15.625 0.21942
7.8125 -14.844 0.23835
7.8125 -14.063 0.21257
7.8125 -13.281 0.15659
7.8125 -12.5 0.1087
7.8125 -11.719 0.037274
7.8125 -10.938 0.058038
7.8125 -10.156 -0.013627
7.8125 -9.375 -0.20128
7.8125 -8.5938 -0.4646
7.8125 -7.8125 -0.71609
7.8125 -7.0313 -0.77695
7.8125 -6.25 -0.68164
7.8125 -5.4688 -0.50838
7.8125 -4.6875 -0.32722
7.8125 -3.9063 -0.26882
7.8125 -3.125 -0.2734
7.8125 -2.3438 -0.21216
7.8125 -1.5625 -0.22979
7.8125 -0.78125 -0.21301
7.8125 0 -0.25224
7.8125 0.78125 -0.47042
7.8125 1.5625 -0.59228
7.8125 2.3438 -0.64421
7.8125 3.125 -0.69545
7.8125 3.9063 -0.66502
7.8125 4.6875 -0.57873
7.8125 5.4688 -0.50959
7.8125 6.25 -0.43848
7.8125 7.0313 -0.42772
7.8125 7.8125 -0.4224
7.8125 8.5938 -0.33877
7.8125 9.375 -0.26445
7.8125 10.156 -0.041309
7.8125 10.938 0.10734
7.8125 11.719 0.12796
7.8125 12.5 0.043187
7.8125 13.281 -0.16388
7.8125 14.063 -0.22062
7.8125 14.844 -0.29073
7.8125 15.625 -0.29784
7.8125 16.406 -0.3453
7.8125 17.188 -0.35943
7.8125 17.969 -0.32234
7.8125 18.75 -0.33673
7.8125 19.531 -0.15667
7.8125 20.313 0.074104
7.8125 21.094 0.25235
7.8125 21.875 0.32002
7.8125 22.656 0.38851
7.8125 23.438 0.44576
7.8125 24.219 0.40055
7.8125 25 0.34217
8.5938 -24.219 0.26538
8.5938 -23.438 0.1499
8.5938 -22.656 -0.035641
8.5938 -21.875 -0.1624
8.5938 -21.094 -0.21674
8.5938 -20.313 -0.11845
8.5938 -19.531 0.0007154
8.5938 -18.75 0.056461
8.5938 -17.969 0.049985
8.5938 -17.188 0.045524
8.5938 -16.406 0.11029
8.5938 -15.625 0.17864
8.5938 -14.844 0.17899
8.5938 -14.063 0.14257
8.5938 -13.281 0.055226
8.5938 -12.5 0.0023975
8.5938 -11.719 -0.089129
8.5938 -10.938 -0.090763
8.5938 -10.156 -0.12417
8.5938 -9.375 -0.24315
8.5938 -8.5938 -0.51198
8.5938 -7.8125 -0.70819
8.5938 -7.0313 -0.69724
8.5938 -6.25 -0.57173
8.5938 -5.4688 -0.39557
8.5938 -4.6875 -0.25312
8.5938 -3.9063 -0.27618
8.5938 -3.125 -0.34586
8.5938 -2.3438 -0.27499
8.5938 -1.5625 -0.2867
8.5938 -0.78125 -0.24379
8.5938 0 -0.26364
8.5938 0.78125 -0.42515
8.5938 1.5625 -0.54904
8.5938 2.3438 -0.64876
8.5938 3.125 -0.70993
8.5938 3.9063 -0.63319
8.5938 4.6875 -0.53244
8.5938 5.4688 -0.42398
8.5938 6.25 -0.3478
8.5938 7.0313 -0.34671
8.5938 7.8125 -0.42275
8.5938 8.5938 -0.31419
8.5938 9.375 -0.18049
8.5938 10.156 0.0056376
8.5938 10.938 0.14493
8.5938 11.719 0.12112
8.5938 12.5 0.0047718
8.5938 13.281 -0.11648
8.5938 14.063 -0.22707
8.5938 14.844 -0.32997
8.5938 15.625 -0.37795
8.5938 16.406 -0.41731
8.5938 17.188 -0.43841
8.5938 17.969 -0.36143
8.5938 18.75 -0.29797
8.5938 19.531 -0.10318
8.5938 20.313 0.10884
8.5938 21.094 0.32836
8.5938 21.875 0.38422
8.5938 22.656 0.43829
8.5938 23.438 0.47308
8.5938 24.219 0.36215
8.5938 25 0.36147
9.375 -24.219 0.22147
9.375 -23.438 0.11355
9.375 -22.656 -0.064098
9.375 -21.875 -0.1672
9.375 -21.094 -0.1602
9.375 -20.313 -0.023214
9.375 -19.531 0.12258
9.375 -18.75 0.16025
9.375 -17.969 0.13398
9.375 -17.188 0.13097
9.375 -16.406 0.16386
9.375 -15.625 0.16
9.375 -14.844 0.11875
9.375 -14.063 0.10653
9.375 -13.281 0.047033
9.375 -12.5 -0.037616
9.375 -11.719 -0.12514
9.375 -10.938 -0.067755
9.375 -10.156 -0.093299
9.375 -9.375 -0.20957
9.375 -8.5938 -0.46306
9.375 -7.8125 -0.63591
9.375 -7.0313 -0.58924
9.375 -6.25 -0.429
9.375 -5.4688 -0.29425
9.375 -4.6875 -0.21271
9.375 -3.9063 -0.25448
9.375 -3.125 -0.3592
9.375 -2.3438 -0.36199
9.375 -1.5625 -0.31768
9.375 -0.78125 -0.25888
9.375 0 -0.29623
9.375 0.78125 -0.41338
9.375 1.5625 -0.48503
9.375 2.3438 -0.62515
9.375 3.125 -0.69909
9.375 3.9063 -0.63812
9.375 4.6875 -0.54587
9.375 5.4688 -0.41857
9.375 6.25 -0.33997
9.375 7.0313 -0.37615
9.375 7.8125 -0.39718
9.375 8.5938 -0.29402
9.375 9.375 -0.11672
9.375 10.156 0.04004
9.375 10.938 0.14039
9.375 11.719 0.091777
9.375 12.5 -0.034297
9.375 13.281 -0.14342
9.375 14.063 -0.1891
9.375 14.844 -0.28584
9.375 15.625 -0.41334
9.375 16.406 -0.46783
9.375 17.188 -0.44883
9.375 17.969 -0.38282
9.375 18.75 -0.30884
9.375 19.531 -0.12423
9.375 20.313 0.14607
9.375 21.094 0.33897
9.375 21.875 0.42625
9.375 22.656 0.50688
9.375 23.438 0.48367
9.375 24.219 0.38056
9.375 25 0.31948
10.156 -24.219 0.222
10.156 -23.438 0.11496
10.156 -22.656 -0.069804
10.156 -21.875 -0.12144
10.156 -21.094 -0.057062
10.156 -20.313 0.10384
10.156 -19.531 0.25159
10.156 -18.75 0.2646
10.156 -17.969 0.24997
10.156 -17.188 0.24506
10.156 -16.406 0.21192
10.156 -15.625 0.21325
10.156 -14.844 0.08754
10.156 -14.063 -0.0042487
10.156 -13.281 -0.020374
10.156 -12.5 -0.023783
10.156 -11.719 -0.054703
10.156 -10.938 -0.093655
10.156 -10.156 -0.13328
10.156 -9.375 -0.23209
10.156 -8.5938 -0.44478
10.156 -7.8125 -0.51777
10.156 -7.0313 -0.47833
10.156 -6.25 -0.34625
10.156 -5.4688 -0.22306
10.156 -4.6875 -0.21337
10.156 -3.9063 -0.29301
10.156 -3.125 -0.33338
10.156 -2.3438 -0.32221
10.156 -1.5625 -0.25448
10.156 -0.78125 -0.22624
10.156 0 -0.27271
10.156 0.78125 -0.35814
10.156 1.5625 -0.46864
10.156 2.3438 -0.62913
10.156 3.125 -0.6722
10.156 3.9063 -0.66355
10.156 4.6875 -0.60613
10.156 5.4688 -0.44286
10.156 6.25 -0.34761
10.156 7.0313 -0.34042
10.156 7.8125 -0.32083
10.156 8.5938 -0.23168
10.156 9.375 -0.060431
10.156 10.156 0.049002
10.156 10.938 0.15849
10.156 11.719 0.14067
10.156 12.5 0.084279
10.156 13.281 -0.049902
10.156 14.063 -0.14726
10.156 14.844 -0.24876
10.156 15.625 -0.35662
10.156 16.406 -0.47387
10.156 17.188 -0.42824
10.156 17.969 -0.27914
10.156 18.75 -0.15896
10.156 19.531 -0.0090599
10.156 20.313 0.21138
10.156 21.094 0.44564
10.156 21.875 0.54193
10.156 22.656 0.54301
10.156 23.438 0.5148
10.156 24.219 0.40879
10.156 25 0.35556
10.938 -24.219 0.21739
10.938 -23.438 0.074954
10.938 -22.656 -0.049225
10.938 -21.875 -0.068348
10.938 -21.094 0.011407
10.938 -20.313 0.21714
10.938 -19.531 0.33046
10.938 -18.75 0.30694
10.938 -17.969 0.24412
10.938 -17.188 0.27087
10.938 -16.406 0.26299
10.938 -15.625 0.21897
10.938 -14.844 0.060555
10.938 -14.063 -0.038947
10.938 -13.281 -0.092374
10.938 -12.5 -0.025771
10.938 -11.719 -0.077635
10.938 -10.938 -0.16491
10.938 -10.156 -0.24526
10.938 -9.375 -0.32746
10.938 -8.5938 -0.44448
10.938 -7.8125 -0.45294
10.938 -7.0313 -0.43804
10.938 -6.25 -0.30375
10.938 -5.4688 -0.17559
10.938 -4.6875 -0.17214
10.938 -3.9063 -0.25765
10.938 -3.125 -0.29535
10.938 -2.3438 -0.26975
10.938 -1.5625 -0.20627
10.938 -0.78125 -0.25288
10.938 0 -0.26939
10.938 0.78125 -0.32357
10.938 1.5625 -0.4072
10.938 2.3438 -0.5524
10.938 3.125 -0.63353
10.938 3.9063 -0.64383
10.938 4.6875 -0.61033
10.938 5.4688 -0.40358
10.938 6.25 -0.29144
10.938 7.0313 -0.24446
10.938 7.8125 -0.21021
10.938 8.5938 -0.081533
10.938 9.375 0.017176
10.938 10.156 0.086491
10.938 10.938 0.22112
10.938 11.719 0.21573
10.938 12.5 0.1868
10.938 13.281 0.089854
10.938 14.063 -0.059411
10.938 14.844 -0.19521
10.938 15.625 -0.31181
10.938 16.406 -0.41005
10.938 17.188 -0.29887
10.938 17.969 -0.13359
10.938 18.75 0.023119
10.938 19.531 0.1709
10.938 20.313 0.36831
10.938 21.094 0.5815
10.938 21.875 0.58154
10.938 22.656 0.52064
10.938 23.438 0.46784
10.938 24.219 0.34482
10.938 25 0.33264
11.719 -24.219 0.21751
11.719 -23.438 0.10552
11.719 -22.656 0.044397
11.719 -21.875 0.006116
11.719 -21.094 0.076347
11.719 -20.313 0.22258
11.719 -19.531 0.30314
11.719 -18.75 0.31314
11.719 -17.969 0.27934
11.719 -17.188 0.25974
11.719 -16.406 0.26614
11.719 -15.625 0.21354
11.719 -14.844 0.064216
11.719 -14.063 -0.037565
11.719 -13.281 -0.1539
11.719 -12.5 -0.14495
11.719 -11.719 -0.15025
11.719 -10.938 -0.19259
11.719 -10.156 -0.28143
11.719 -9.375 -0.35002
11.719 -8.5938 -0.42376
11.719 -7.8125 -0.41774
11.719 -7.0313 -0.4057
11.719 -6.25 -0.2795
11.719 -5.4688 -0.11639
11.719 -4.6875 -0.065732
11.719 -3.9063 -0.19674
11.719 -3.125 -0.31393
11.719 -2.3438 -0.27659
11.719 -1.5625 -0.18953
11.719 -0.78125 -0.20964
11.719 0 -0.23311
11.719 0.78125 -0.27658
11.719 1.5625 -0.3366
11.719 2.3438 -0.46285
11.719 3.125 -0.54928
11.719 3.9063 -0.61344
11.719 4.6875 -0.57517
11.719 5.4688 -0.34855
11.719 6.25 -0.20178
11.719 7.0313 -0.13726
11.719 7.8125 -0.066314
11.719 8.5938 0.054011
11.719 9.375 0.12113
11.719 10.156 0.19664
11.719 10.938 0.29277
11.719 11.719 0.32529
11.719 12.5 0.25301
11.719 13.281 0.11863
11.719 14.063 -0.013859
11.719 14.844 -0.1099
11.719 15.625 -0.12258
11.719 16.406 -0.18766
11.719 17.188 -0.16384
11.719 17.969 -0.02355
11.719 18.75 0.15492
11.719 19.531 0.31895
11.719 20.313 0.53286
11.719 21.094 0.73602
11.719 21.875 0.70695
11.719 22.656 0.56968
11.719 23.438 0.44851
11.719 24.219 0.3296
11.719 25 0.30916
12.5 -24.219 0.17336
12.5 -23.438 0.12129
12.5 -22.656 0.032283
12.5 -21.875 -0.0019236
12.5 -21.094 0.085914
12.5 -20.313 0.2026
12.5 -19.531 0.27499
12.5 -18.75 0.31761
12.5 -17.969 0.32362
12.5 -17.188 0.23736
12.5 -16.406 0.21127
12.5 -15.625 0.18412
12.5 -14.844 0.016966
12.5 -14.063 -0.13797
12.5 -13.281 -0.25938
12.5 -12.5 -0.29094
12.5 -11.719 -0.24664
12.5 -10.938 -0.25665
12.5 -10.156 -0.30454
12.5 -9.375 -0.32234
12.5 -8.5938 -0.31348
12.5 -7.8125 -0.35497
12.5 -7.0313 -0.35969
12.5 -6.25 -0.21733
12.5 -5.4688 -0.051412
12.5 -4.6875 -0.049235
12.5 -3.9063 -0.16636
12.5 -3.125 -0.24174
12.5 -2.3438 -0.21664
12.5 -1.5625 -0.15807
12.5 -0.78125 -0.1316
12.5 0 -0.15019
12.5 0.78125 -0.14718
12.5 1.5625 -0.24804
12.5 2.3438 -0.41206
12.5 3.125 -0.50076
12.5 3.9063 -0.57864
12.5 4.6875 -0.50787
12.5 5.4688 -0.265
12.5 6.25 -0.048524
12.5 7.0313 0.014874
12.5 7.8125 0.12783
12.5 8.5938 0.21457
12.5 9.375 0.28615
12.5 10.156 0.34414
12.5 10.938 0.38577
12.5 11.719 0.36878
12.5 12.5 0.27035
12.5 13.281 0.077705
12.5 14.063 0.0001122
12.5 14.844 -0.082492
12.5 15.625 -0.04526
12.5 16.406 -0.074248
12.5 17.188 -0.023728
12.5 17.969 0.14936
12.5 18.75 0.27912
12.5 19.531 0.43581
12.5 20.313 0.68082
12.5 21.094 0.84324
12.5 21.875 0.80717
12.5 22.656 0.62713
12.5 23.438 0.45468
12.5 24.219 0.28371
12.5 25 0.2232
13.281 -24.219 0.16323
13.281 -23.438 0.19448
13.281 -22.656 0.1072
13.281 -21.875 0.064585
13.281 -21.094 0.17432
13.281 -20.313 0.27994
13.281 -19.531 0.32475
13.281 -18.75 0.34965
13.281 -17.969 0.36656
13.281 -17.188 0.30629
13.281 -16.406 0.24144
13.281 -15.625 0.2084
13.281 -14.844 0.0043638
13.281 -14.063 -0.15268
13.281 -13.281 -0.3292
13.281 -12.5 -0.32811
13.281 -11.719 -0.35544
13.281 -10.938 -0.31801
13.281 -10.156 -0.28903
13.281 -9.375 -0.26451
13.281 -8.5938 -0.20948
13.281 -7.8125 -0.22631
13.281 -7.0313 -0.2503
13.281 -6.25 -0.11811
13.281 -5.4688 0.011422
13.281 -4.6875 0.060826
13.281 -3.9063 0.00019069
13.281 -3.125 -0.082868
13.281 -2.3438 -0.10439
13.281 -1.5625 -0.047718
13.281 -0.78125 -0.067142
13.281 0 -0.1153
13.281 0.78125 -0.16032
13.281 1.5625 -0.20339
13.281 2.3438 -0.35766
13.281 3.125 -0.44556
13.281 3.9063 -0.44106
13.281 4.6875 -0.28985
13.281 5.4688 -0.08075
13.281 6.25 0.10876
13.281 7.0313 0.203
13.281 7.8125 0.2956
13.281 8.5938 0.37657
13.281 9.375 0.39789
13.281 10.156 0.40629
13.281 10.938 0.40716
13.281 11.719 0.35921
13.281 12.5 0.26391
13.281 13.281 0.098318
13.281 14.063 0.031469
13.281 14.844 -0.029626
13.281 15.625 0.037325
13.281 16.406 0.05177
13.281 17.188 0.20097
13.281 17.969 0.32673
13.281 18.75 0.45492
13.281 19.531 0.61395
13.281 20.313 0.81511
13.281 21.094 0.90726
13.281 21.875 0.87507
13.281 22.656 0.68214
13.281 23.438 0.49236
13.281 24.219 0.28207
13.281 25 0.1997
14.063 -24.219 0.23634
14.063 -23.438 0.21967
14.063 -22.656 0.1812
14.063 -21.875 0.16685
14.063 -21.094 0.20613
14.063 -20.313 0.32417
14.063 -19.531 0.43363
14.063 -18.75 0.4473
14.063 -17.969 0.45457
14.063 -17.188 0.36942
14.063 -16.406 0.36932
14.063 -15.625 0.27506
14.063 -14.844 0.017862
14.063 -14.063 -0.1652
14.063 -13.281 -0.27405
14.063 -12.5 -0.27256
14.063 -11.719 -0.3224
14.063 -10.938 -0.2936
14.063 -10.156 -0.25053
14.063 -9.375 -0.23489
14.063 -8.5938 -0.18555
14.063 -7.8125 -0.19274
14.063 -7.0313 -0.15651
14.063 -6.25 -0.047515
14.063 -5.4688 0.069194
14.063 -4.6875 0.19878
14.063 -3.9063 0.18491
14.063 -3.125 0.082154
14.063 -2.3438 0.076533
14.063 -1.5625 0.072306
14.063 -0.78125 -0.0010208
14.063 0 -0.0053322
14.063 0.78125 -0.071018
14.063 1.5625 -0.15807
14.063 2.3438 -0.30625
14.063 3.125 -0.38741
14.063 3.9063 -0.28408
14.063 4.6875 -0.077325
14.063 5.4688 0.14201
14.063 6.25 0.28362
14.063 7.0313 0.37589
14.063 7.8125 0.47818
14.063 8.5938 0.52938
14.063 9.375 0.53162
14.063 10.156 0.54138
14.063 10.938 0.51427
14.063 11.719 0.46193
14.063 12.5 0.33971
14.063 13.281 0.15506
14.063 14.063 0.067547
14.063 14.844 0.050315
14.063 15.625 0.090389
14.063 16.406 0.14897
14.063 17.188 0.29967
14.063 17.969 0.41142
14.063 18.75 0.57386
14.063 19.531 0.78612
14.063 20.313 0.96751
14.063 21.094 0.9978
14.063 21.875 0.90691
14.063 22.656 0.7098
14.063 23.438 0.49533
14.063 24.219 0.32518
14.063 25 0.30164
14.844 -24.219 0.31113
14.844 -23.438 0.21092
14.844 -22.656 0.10291
14.844 -21.875 0.10247
14.844 -21.094 0.13669
14.844 -20.313 0.27869
14.844 -19.531 0.40021
14.844 -18.75 0.47498
14.844 -17.969 0.53873
14.844 -17.188 0.44057
14.844 -16.406 0.37219
14.844 -15.625 0.26165
14.844 -14.844 0.034479
14.844 -14.063 -0.14237
14.844 -13.281 -0.20783
14.844 -12.5 -0.24747
14.844 -11.719 -0.30807
14.844 -10.938 -0.28219
14.844 -10.156 -0.23571
14.844 -9.375 -0.14626
14.844 -8.5938 -0.12782
14.844 -7.8125 -0.14448
14.844 -7.0313 -0.090296
14.844 -6.25 -0.008897
14.844 -5.4688 0.16226
14.844 -4.6875 0.30825
14.844 -3.9063 0.30313
14.844 -3.125 0.2669
14.844 -2.3438 0.21971
14.844 -1.5625 0.16376
14.844 -0.78125 0.083408
14.844 0 0.0077328
14.844 0.78125 -0.050514
14.844 1.5625 -0.12247
14.844 2.3438 -0.22699
14.844 3.125 -0.25536
14.844 3.9063 -0.17699
14.844 4.6875 0.088963
14.844 5.4688 0.3111
14.844 6.25 0.44954
14.844 7.0313 0.53498
14.844 7.8125 0.60117
14.844 8.5938 0.59131
14.844 9.375 0.60065
14.844 10.156 0.66122
14.844 10.938 0.6173
14.844 11.719 0.49713
14.844 12.5 0.35461
14.844 13.281 0.16563
14.844 14.063 0.10297
14.844 14.844 0.095231
14.844 15.625 0.14807
14.844 16.406 0.16311
14.844 17.188 0.293
14.844 17.969 0.47259
14.844 18.75 0.64073
14.844 19.531 0.83756
14.844 20.313 0.97813
14.844 21.094 1.0007
14.844 21.875 0.83553
14.844 22.656 0.6242
14.844 23.438 0.4409
14.844 24.219 0.33429
14.844 25 0.34594
15.625 -24.219 0.2867
15.625 -23.438 0.14339
15.625 -22.656 0.019222
15.625 -21.875 0.058772
15.625 -21.094 0.121
15.625 -20.313 0.25641
15.625 -19.531 0.42129
15.625 -18.75 0.57035
15.625 -17.969 0.61815
15.625 -17.188 0.51436
15.625 -16.406 0.43821
15.625 -15.625 0.25954
15.625 -14.844 0.0051497
15.625 -14.063 -0.097519
15.625 -13.281 -0.17443
15.625 -12.5 -0.244
15.625 -11.719 -0.31111
15.625 -10.938 -0.23011
15.625 -10.156 -0.10815
15.625 -9.375 0.035383
15.625 -8.5938 0.026027
15.625 -7.8125 0.057656
15.625 -7.0313 0.076035
15.625 -6.25 0.058964
15.625 -5.4688 0.26012
15.625 -4.6875 0.44075
15.625 -3.9063 0.43176
15.625 -3.125 0.38013
15.625 -2.3438 0.35998
15.625 -1.5625 0.31226
15.625 -0.78125 0.21824
15.625 0 0.071013
15.625 0.78125 -0.0011633
15.625 1.5625 -0.085318
15.625 2.3438 -0.13958
15.625 3.125 -0.15908
15.625 3.9063 -0.0076956
15.625 4.6875 0.21842
15.625 5.4688 0.40412
15.625 6.25 0.62309
15.625 7.0313 0.72109
15.625 7.8125 0.73051
15.625 8.5938 0.67072
15.625 9.375 0.67408
15.625 10.156 0.72793
15.625 10.938 0.66818
15.625 11.719 0.54219
15.625 12.5 0.34109
15.625 13.281 0.20209
15.625 14.063 0.18415
15.625 14.844 0.19034
15.625 15.625 0.24865
15.625 16.406 0.27335
15.625 17.188 0.41406
15.625 17.969 0.59702
15.625 18.75 0.73713
15.625 19.531 0.87864
15.625 20.313 1.0011
15.625 21.094 1.0051
15.625 21.875 0.82098
15.625 22.656 0.60544
15.625 23.438 0.43793
15.625 24.219 0.37685
15.625 25 0.36156
16.406 -24.219 0.21607
16.406 -23.438 0.065653
16.406 -22.656 -0.021337
16.406 -21.875 0.053051
16.406 -21.094 0.17289
16.406 -20.313 0.31046
16.406 -19.531 0.56113
16.406 -18.75 0.67546
16.406 -17.969 0.6706
16.406 -17.188 0.5546
16.406 -16.406 0.44321
16.406 -15.625 0.21247
16.406 -14.844 0.0088811
16.406 -14.063 -0.06717
16.406 -13.281 -0.19413
16.406 -12.5 -0.27546
16.406 -11.719 -0.26975
16.406 -10.938 -0.10508
16.406 -10.156 0.068841
16.406 -9.375 0.17226
16.406 -8.5938 0.14262
16.406 -7.8125 0.1042
16.406 -7.0313 0.15685
16.406 -6.25 0.17275
16.406 -5.4688 0.37713
16.406 -4.6875 0.49355
16.406 -3.9063 0.49286
16.406 -3.125 0.44439
16.406 -2.3438 0.38782
16.406 -1.5625 0.34667
16.406 -0.78125 0.29064
16.406 0 0.15076
16.406 0.78125 0.011235
16.406 1.5625 -0.027807
16.406 2.3438 -0.042312
16.406 3.125 0.041619
16.406 3.9063 0.12841
16.406 4.6875 0.28329
16.406 5.4688 0.49465
16.406 6.25 0.77858
16.406 7.0313 0.86824
16.406 7.8125 0.81207
16.406 8.5938 0.76475
16.406 9.375 0.75247
16.406 10.156 0.72255
16.406 10.938 0.70054
16.406 11.719 0.55353
16.406 12.5 0.33937
16.406 13.281 0.24805
16.406 14.063 0.25675
16.406 14.844 0.29005
16.406 15.625 0.33444
16.406 16.406 0.40176
16.406 17.188 0.54037
16.406 17.969 0.66738
16.406 18.75 0.7932
16.406 19.531 0.92095
16.406 20.313 0.99678
16.406 21.094 0.99228
16.406 21.875 0.85853
16.406 22.656 0.65458
16.406 23.438 0.45694
16.406 24.219 0.35636
16.406 25 0.34431
17.188 -24.219 0.1135
17.188 -23.438 0.051511
17.188 -22.656 0.025655
17.188 -21.875 0.076354
17.188 -21.094 0.24
17.188 -20.313 0.41377
17.188 -19.531 0.66108
17.188 -18.75 0.75115
17.188 -17.969 0.67948
17.188 -17.188 0.47794
17.188 -16.406 0.41608
17.188 -15.625 0.17905
17.188 -14.844 0.00010001
17.188 -14.063 -0.089632
17.188 -13.281 -0.21757
17.188 -12.5 -0.27874
17.188 -11.719 -0.22256
17.188 -10.938 -0.026738
17.188 -10.156 0.18184
17.188 -9.375 0.21403
17.188 -8.5938 0.15721
17.188 -7.8125 0.12479
17.188 -7.0313 0.26943
17.188 -6.25 0.36782
17.188 -5.4688 0.48072
17.188 -4.6875 0.52175
17.188 -3.9063 0.51865
17.188 -3.125 0.43844
17.188 -2.3438 0.32915
17.188 -1.5625 0.27045
17.188 -0.78125 0.22795
17.188 0 0.14675
17.188 0.78125 0.069942
17.188 1.5625 0.076358
17.188 2.3438 0.092685
17.188 3.125 0.16482
17.188 3.9063 0.24829
17.188 4.6875 0.42084
17.188 5.4688 0.63901
17.188 6.25 0.88633
17.188 7.0313 0.96487
17.188 7.8125 0.92611
17.188 8.5938 0.84921
17.188 9.375 0.76444
17.188 10.156 0.74973
17.188 10.938 0.65573
17.188 11.719 0.54726
17.188 12.5 0.34545
17.188 13.281 0.31461
17.188 14.063 0.34955
17.188 14.844 0.37856
17.188 15.625 0.40477
17.188 16.406 0.48851
17.188 17.188 0.65908
17.188 17.969 0.74283
17.188 18.75 0.81814
17.188 19.531 0.88354
17.188 20.313 0.9823
17.188 21.094 0.94657
17.188 21.875 0.82246
17.188 22.656 0.6251
17.188 23.438 0.45167
17.188 24.219 0.3134
17.188 25 0.22235
17.969 -24.219 0.068652
17.969 -23.438 0.078247
17.969 -22.656 0.09535
17.969 -21.875 0.15699
17.969 -21.094 0.31524
17.969 -20.313 0.48606
17.969 -19.531 0.70869
17.969 -18.75 0.75102
17.969 -17.969 0.59886
17.969 -17.188 0.3866
17.969 -16.406 0.31655
17.969 -15.625 0.13206
17.969 -14.844 0.0072551
17.969 -14.063 -0.14178
17.969 -13.281 -0.21668
17.969 -12.5 -0.28967
17.969 -11.719 -0.1799
17.969 -10.938 -0.0053593
17.969 -10.156 0.16863
17.969 -9.375 0.151
17.969 -8.5938 0.086387
17.969 -7.8125 0.13993
17.969 -7.0313 0.29083
17.969 -6.25 0.4287
17.969 -5.4688 0.54085
17.969 -4.6875 0.53478
17.969 -3.9063 0.49435
17.969 -3.125 0.36452
17.969 -2.3438 0.21364
17.969 -1.5625 0.156
17.969 -0.78125 0.16026
17.969 0 0.12865
17.969 0.78125 0.1174
17.969 1.5625 0.15529
17.969 2.3438 0.19689
17.969 3.125 0.22272
17.969 3.9063 0.33548
17.969 4.6875 0.42976
17.969 5.4688 0.63838
17.969 6.25 0.87092
17.969 7.0313 0.99385
17.969 7.8125 0.92364
17.969 8.5938 0.80137
17.969 9.375 0.68651
17.969 10.156 0.64133
17.969 10.938 0.48763
17.969 11.719 0.43972
17.969 12.5 0.32861
17.969 13.281 0.3783
17.969 14.063 0.39946
17.969 14.844 0.46181
17.969 15.625 0.46863
17.969 16.406 0.5283
17.969 17.188 0.70749
17.969 17.969 0.79693
17.969 18.75 0.78641
17.969 19.531 0.81054
17.969 20.313 0.85537
17.969 21.094 0.81781
17.969 21.875 0.73041
17.969 22.656 0.61256
17.969 23.438 0.42526
17.969 24.219 0.24289
17.969 25 0.1253
18.75 -24.219 0.050563
18.75 -23.438 0.082224
18.75 -22.656 0.12329
18.75 -21.875 0.144
18.75 -21.094 0.28144
18.75 -20.313 0.44771
18.75 -19.531 0.6477
18.75 -18.75 0.65848
18.75 -17.969 0.49597
18.75 -17.188 0.2601
18.75 -16.406 0.10008
18.75 -15.625 -0.041054
18.75 -14.844 -0.13412
18.75 -14.063 -0.20251
18.75 -13.281 -0.24107
18.75 -12.5 -0.25679
18.75 -11.719 -0.15725
18.75 -10.938 -0.00053779
18.75 -10.156 0.16545
18.75 -9.375 0.1325
18.75 -8.5938 0.028214
18.75 -7.8125 0.063827
18.75 -7.0313 0.24738
18.75 -6.25 0.4154
18.75 -5.4688 0.52102
18.75 -4.6875 0.49898
18.75 -3.9063 0.41272
18.75 -3.125 0.2446
18.75 -2.3438 0.1336
18.75 -1.5625 0.027684
18.75 -0.78125 0.11018
18.75 0 0.11066
18.75 0.78125 0.13824
18.75 1.5625 0.22799
18.75 2.3438 0.25799
18.75 3.125 0.22114
18.75 3.9063 0.31179
18.75 4.6875 0.35345
18.75 5.4688 0.58287
18.75 6.25 0.82767
18.75 7.0313 0.95821
18.75 7.8125 0.88293
18.75 8.5938 0.72645
18.75 9.375 0.52074
18.75 10.156 0.42813
18.75 10.938 0.3185
18.75 11.719 0.29155
18.75 12.5 0.29543
18.75 13.281 0.37145
18.75 14.063 0.39044
18.75 14.844 0.47954
18.75 15.625 0.46687
18.75 16.406 0.4996
18.75 17.188 0.68826
18.75 17.969 0.72708
18.75 18.75 0.62946
18.75 19.531 0.63974
18.75 20.313 0.68204
18.75 21.094 0.70179
18.75 21.875 0.59449
18.75 22.656 0.47553
18.75 23.438 0.26164
18.75 24.219 0.133
18.75 25 0.070248
19.531 -24.219 0.069266
19.531 -23.438 0.07828
19.531 -22.656 0.077785
19.531 -21.875 0.10979
19.531 -21.094 0.21939
19.531 -20.313 0.42278
19.531 -19.531 0.58226
19.531 -18.75 0.56658
19.531 -17.969 0.37742
19.531 -17.188 0.10079
19.531 -16.406 -0.099441
19.531 -15.625 -0.19823
19.531 -14.844 -0.22143
19.531 -14.063 -0.18871
19.531 -13.281 -0.21741
19.531 -12.5 -0.20757
19.531 -11.719 -0.12449
19.531 -10.938 0.046206
19.531 -10.156 0.14827
19.531 -9.375 0.14786
19.531 -8.5938 0.038561
19.531 -7.8125 0.039505
19.531 -7.0313 0.18925
19.531 -6.25 0.35604
19.531 -5.4688 0.52279
19.531 -4.6875 0.48669
19.531 -3.9063 0.35854
19.531 -3.125 0.21683
19.531 -2.3438 0.040366
19.531 -1.5625 -0.051878
19.531 -0.78125 -0.0037272
19.531 0 0.12679
19.531 0.78125 0.18182
19.531 1.5625 0.23154
19.531 2.3438 0.22864
19.531 3.125 0.19238
19.531 3.9063 0.2083
19.531 4.6875 0.36448
19.531 5.4688 0.60658
19.531 6.25 0.82801
19.531 7.0313 0.88582
19.531 7.8125 0.74493
19.531 8.5938 0.56082
19.531 9.375 0.35392
19.531 10.156 0.23182
19.531 10.938 0.15108
19.531 11.719 0.19075
19.531 12.5 0.22686
19.531 13.281 0.28885
19.531 14.063 0.36079
19.531 14.844 0.41414
19.531 15.625 0.43599
19.531 16.406 0.4801
19.531 17.188 0.56886
19.531 17.969 0.56037
19.531 18.75 0.46866
19.531 19.531 0.48317
19.531 20.313 0.54247
19.531 21.094 0.53093
19.531 21.875 0.44383
19.531 22.656 0.31025
19.531 23.438 0.09403
19.531 24.219 0.043575
19.531 25 0.10217
20.313 -24.219 0.072931
20.313 -23.438 0.061554
20.313 -22.656 0.071243
20.313 -21.875 0.11578
20.313 -21.094 0.16381
20.313 -20.313 0.26975
20.313 -19.531 0.38036
20.313 -18.75 0.36981
20.313 -17.969 0.23074
20.313 -17.188 -0.0031015
20.313 -16.406 -0.15998
20.313 -15.625 -0.2197
20.313 -14.844 -0.24402
20.313 -14.063 -0.19838
20.313 -13.281 -0.15238
20.313 -12.5 -0.12196
20.313 -11.719 -0.10533
20.313 -10.938 0.061214
20.313 -10.156 0.12288
20.313 -9.375 0.090342
20.313 -8.5938 0.035807
20.313 -7.8125 0.045614
20.313 -7.0313 0.15783
20.313 -6.25 0.36082
20.313 -5.4688 0.46667
20.313 -4.6875 0.42145
20.313 -3.9063 0.27869
20.313 -3.125 0.14105
20.313 -2.3438 -0.020991
20.313 -1.5625 -0.082292
20.313 -0.78125 -0.030161
20.313 0 0.11503
20.313 0.78125 0.19447
20.313 1.5625 0.21964
20.313 2.3438 0.1563
20.313 3.125 0.11873
20.313 3.9063 0.14642
20.313 4.6875 0.39048
20.313 5.4688 0.62471
20.313 6.25 0.81084
20.313 7.0313 0.8297
20.313 7.8125 0.65267
20.313 8.5938 0.38602
20.313 9.375 0.16115
20.313 10.156 0.046513
20.313 10.938 -0.010423
20.313 11.719 0.05836
20.313 12.5 0.14481
20.313 13.281 0.24628
20.313 14.063 0.34874
20.313 14.844 0.42974
20.313 15.625 0.41372
20.313 16.406 0.37602
20.313 17.188 0.44235
20.313 17.969 0.44606
20.313 18.75 0.31005
20.313 19.531 0.27913
20.313 20.313 0.34212
20.313 21.094 0.32015
20.313 21.875 0.22374
20.313 22.656 0.16958
20.313 23.438 0.019405
20.313 24.219 -0.016988
20.313 25 0.053931
21.094 -24.219 0.064647
21.094 -23.438 0.10842
21.094 -22.656 0.12976
21.094 -21.875 0.12552
21.094 -21.094 0.14072
21.094 -20.313 0.19991
21.094 -19.531 0.21427
21.094 -18.75 0.17225
21.094 -17.969 0.10354
21.094 -17.188 -0.063634
21.094 -16.406 -0.16798
21.094 -15.625 -0.18745
21.094 -14.844 -0.18162
21.094 -14.063 -0.15293
21.094 -13.281 -0.11453
21.094 -12.5 -0.065062
21.094 -11.719 -0.033804
21.094 -10.938 0.094082
21.094 -10.156 0.1159
21.094 -9.375 0.12007
21.094 -8.5938 0.11763
21.094 -7.8125 0.12538
21.094 -7.0313 0.2107
21.094 -6.25 0.34263
21.094 -5.4688 0.36262
21.094 -4.6875 0.31765
21.094 -3.9063 0.21486
21.094 -3.125 0.10001
21.094 -2.3438 0.023941
21.094 -1.5625 -0.023859
21.094 -0.78125 0.023739
21.094 0 0.17993
21.094 0.78125 0.24017
21.094 1.5625 0.17045
21.094 2.3438 0.13682
21.094 3.125 0.13745
21.094 3.9063 0.14502
21.094 4.6875 0.41976
21.094 5.4688 0.70028
21.094 6.25 0.87087
21.094 7.0313 0.82302
21.094 7.8125 0.55581
21.094 8.5938 0.27488
21.094 9.375 0.089521
21.094 10.156 0.038566
21.094 10.938 0.060733
21.094 11.719 0.047145
21.094 12.5 0.13884
21.094 13.281 0.22533
21.094 14.063 0.3446
21.094 14.844 0.45353
21.094 15.625 0.45315
21.094 16.406 0.38792
21.094 17.188 0.38274
21.094 17.969 0.32332
21.094 18.75 0.19783
21.094 19.531 0.12522
21.094 20.313 0.21124
21.094 21.094 0.20778
21.094 21.875 0.1979
21.094 22.656 0.15041
21.094 23.438 0.050362
21.094 24.219 0.015011
21.094 25 0.046685
21.875 -24.219 0.12
21.875 -23.438 0.15026
21.875 -22.656 0.13989
21.875 -21.875 0.15444
21.875 -21.094 0.12669
21.875 -20.313 0.10409
21.875 -19.531 0.10023
21.875 -18.75 0.070136
21.875 -17.969 -0.012044
21.875 -17.188 -0.090837
21.875 -16.406 -0.10558
21.875 -15.625 -0.13991
21.875 -14.844 -0.1571
21.875 -14.063 -0.12982
21.875 -13.281 -0.075333
21.875 -12.5 -0.0020365
21.875 -11.719 0.061081
21.875 -10.938 0.12464
21.875 -10.156 0.12992
21.875 -9.375 0.22381
21.875 -8.5938 0.27713
21.875 -7.8125 0.26994
21.875 -7.0313 0.31942
21.875 -6.25 0.37505
21.875 -5.4688 0.38464
21.875 -4.6875 0.33658
21.875 -3.9063 0.13481
21.875 -3.125 0.080344
21.875 -2.3438 0.069718
21.875 -1.5625 0.037669
21.875 -0.78125 0.10389
21.875 0 0.26116
21.875 0.78125 0.27328
21.875 1.5625 0.17823
21.875 2.3438 0.16111
21.875 3.125 0.18434
21.875 3.9063 0.23449
21.875 4.6875 0.46285
21.875 5.4688 0.7516
21.875 6.25 0.89959
21.875 7.0313 0.83742
21.875 7.8125 0.56228
21.875 8.5938 0.24198
21.875 9.375 0.079421
21.875 10.156 0.10814
21.875 10.938 0.17645
21.875 11.719 0.22365
21.875 12.5 0.26661
21.875 13.281 0.318
21.875 14.063 0.38687
21.875 14.844 0.46715
21.875 15.625 0.47852
21.875 16.406 0.40405
21.875 17.188 0.41344
21.875 17.969 0.28193
21.875 18.75 0.13677
21.875 19.531 0.1403
21.875 20.313 0.18093
21.875 21.094 0.19515
21.875 21.875 0.18131
21.875 22.656 0.13955
21.875 23.438 0.11794
21.875 24.219 0.056321
21.875 25 0.082808
22.656 -24.219 0.19603
22.656 -23.438 0.15296
22.656 -22.656 0.047772
22.656 -21.875 0.072009
22.656 -21.094 -0.011595
22.656 -20.313 -0.017447
22.656 -19.531 0.04802
22.656 -18.75 0.02432
22.656 -17.969 -0.055502
22.656 -17.188 -0.074784
22.656 -16.406 -0.039169
22.656 -15.625 -0.10388
22.656 -14.844 -0.17043
22.656 -14.063 -0.14441
22.656 -13.281 -0.11483
22.656 -12.5 -0.014397
22.656 -11.719 0.074964
22.656 -10.938 0.069978
22.656 -10.156 0.11953
22.656 -9.375 0.26325
22.656 -8.5938 0.30931
22.656 -7.8125 0.36463
22.656 -7.0313 0.37091
22.656 -6.25 0.4052
22.656 -5.4688 0.43276
22.656 -4.6875 0.33722
22.656 -3.9063 0.17363
22.656 -3.125 0.09517
22.656 -2.3438 0.10653
22.656 -1.5625 0.07943
22.656 -0.78125 0.16932
22.656 0 0.27066
22.656 0.78125 0.24882
22.656 1.5625 0.21412
22.656 2.3438 0.21814
22.656 3.125 0.27985
22.656 3.9063 0.35788
22.656 4.6875 0.51979
22.656 5.4688 0.70728
22.656 6.25 0.79898
22.656 7.0313 0.7863
22.656 7.8125 0.56713
22.656 8.5938 0.23962
22.656 9.375 0.072897
22.656 10.156 0.10835
22.656 10.938 0.22343
22.656 11.719 0.26603
22.656 12.5 0.33006
22.656 13.281 0.33365
22.656 14.063 0.37618
22.656 14.844 0.40268
22.656 15.625 0.42684
22.656 16.406 0.4029
22.656 17.188 0.37441
22.656 17.969 0.21341
22.656 18.75 0.050067
22.656 19.531 0.084488
22.656 20.313 0.13664
22.656 21.094 0.1911
22.656 21.875 0.1314
22.656 22.656 0.092884
22.656 23.438 0.12642
22.656 24.219 0.098945
22.656 25 0.1026
23.438 -24.219 0.18813
23.438 -23.438 0.068742
23.438 -22.656 -0.056563
23.438 -21.875 -0.097228
23.438 -21.094 -0.15477
23.438 -20.313 -0.10955
23.438 -19.531 -0.022649
23.438 -18.75 -0.045239
23.438 -17.969 -0.062782
23.438 -17.188 -0.032858
23.438 -16.406 -0.010264
23.438 -15.625 -0.09335
23.438 -14.844 -0.19686
23.438 -14.063 -0.22992
23.438 -13.281 -0.14747
23.438 -12.5 0.0025476
23.438 -11.719 0.080627
23.438 -10.938 0.061344
23.438 -10.156 0.13146
23.438 -9.375 0.21666
23.438 -8.5938 0.29745
23.438 -7.8125 0.2938
23.438 -7.0313 0.33874
23.438 -6.25 0.37769
23.438 -5.4688 0.36476
23.438 -4.6875 0.31856
23.438 -3.9063 0.21657
23.438 -3.125 0.13251
23.438 -2.3438 0.1492
23.438 -1.5625 0.10116
23.438 -0.78125 0.20016
23.438 0 0.24437
23.438 0.78125 0.25417
23.438 1.5625 0.30612
23.438 2.3438 0.31873
23.438 3.125 0.34366
23.438 3.9063 0.39137
23.438 4.6875 0.49167
23.438 5.4688 0.64733
23.438 6.25 0.68453
23.438 7.0313 0.66648
23.438 7.8125 0.46768
23.438 8.5938 0.2145
23.438 9.375 0.039586
23.438 10.156 0.089646
23.438 10.938 0.2712
23.438 11.719 0.37931
23.438 12.5 0.34019
23.438 13.281 0.27546
23.438 14.063 0.2415
23.438 14.844 0.24633
23.438 15.625 0.26419
23.438 16.406 0.34355
23.438 17.188 0.29066
23.438 17.969 0.098127
23.438 18.75 -0.10153
23.438 19.531 -0.053276
23.438 20.313 0.0271
23.438 21.094 0.1337
23.438 21.875 0.098404
23.438 22.656 0.071899
23.438 23.438 0.11727
23.438 24.219 0.10493
23.438 25 0.093304
24.219 -24.219 0.053187
24.219 -23.438 -0.029196
24.219 -22.656 -0.12935
24.219 -21.875 -0.19794
24.219 -21.094 -0.25412
24.219 -20.313 -0.21308
24.219 -19.531 -0.093956
24.219 -18.75 -0.10924
24.219 -17.969 -0.059446
24.219 -17.188 -0.042877
24.219 -16.406 -0.075343
24.219 -15.625 -0.14204
24.219 -14.844 -0.2081
24.219 -14.063 -0.21258
24.219 -13.281 -0.13246
24.219 -12.5 -0.0040751
24.219 -11.719 0.037722
24.219 -10.938 0.03614
24.219 -10.156 0.061078
24.219 -9.375 0.093603
24.219 -8.5938 0.15734
24.219 -7.8125 0.18306
24.219 -7.0313 0.24064
24.219 -6.25 0.33034
24.219 -5.4688 0.34276
24.219 -4.6875 0.32173
24.219 -3.9063 0.18694
24.219 -3.125 0.081565
24.219 -2.3438 0.10848
24.219 -1.5625 0.17131
24.219 -0.78125 0.19825
24.219 0 0.1933
24.219 0.78125 0.27824
24.219 1.5625 0.38144
24.219 2.3438 0.37227
24.219 3.125 0.37565
24.219 3.9063 0.32166
24.219 4.6875 0.37381
24.219 5.4688 0.49653
24.219 6.25 0.51734
24.219 7.0313 0.4982
24.219 7.8125 0.32406
24.219 8.5938 0.18331
24.219 9.375 0.070178
24.219 10.156 0.13359
24.219 10.938 0.31433
24.219 11.719 0.41888
24.219 12.5 0.35434
24.219 13.281 0.25574
24.219 14.063 0.15097
24.219 14.844 0.12405
24.219 15.625 0.12963
24.219 16.406 0.16005
24.219 17.188 0.084617
24.219 17.969 -0.062517
24.219 18.75 -0.22584
24.219 19.531 -0.18102
24.219 20.313 -0.08676
24.219 21.094 0.034662
24.219 21.875 0.10017
24.219 22.656 0.060575
24.219 23.438 0.064377
24.219 24.219 0.05002
24.219 25 0.040337
25 -24.219 -0.062658
25 -23.438 -0.045998
25 -22.656 -0.20604
25 -21.875 -0.29664
25 -21.094 -0.31193
25 -20.313 -0.26508
25 -19.531 -0.14394
25 -18.75 -0.10605
25 -17.969 -0.099209
25 -17.188 -0.065397
25 -16.406 -0.049388
25 -15.625 -0.07527
25 -14.844 -0.19658
25 -14.063 -0.16892
25 -13.281 -0.083318
25 -12.5 -0.0010191
25 -11.719 0.030496
25 -10.938 0.066518
25 -10.156 0.077512
25 -9.375 0.081451
25 -8.5938 0.05261
25 -7.8125 0.11226
25 -7.0313 0.14549
25 -6.25 0.25709
25 -5.4688 0.28552
25 -4.6875 0.30197
25 -3.9063 0.20314
25 -3.125 0.17742
25 -2.3438 0.19076
25 -1.5625 0.19717
25 -0.78125 0.17506
25 0 0.22418
25 0.78125 0.34677
25 1.5625 0.49533
25 2.3438 0.47591
25 3.125 0.42168
25 3.9063 0.32377
25 4.6875 0.33983
25 5.4688 0.3714
25 6.25 0.37924
25 7.0313 0.32566
25 7.8125 0.23642
25 8.5938 0.12351
25 9.375 0.097499
25 10.156 0.19374
25 10.938 0.37493
25 11.719 0.4305
25 12.5 0.40856
25 13.281 0.30568
25 14.063 0.18929
25 14.844 0.093648
25 15.625 -0.012136
25 16.406 -0.024035
25 17.188 -0.08798
25 17.969 -0.18498
25 18.75 -0.23987
25 19.531 -0.24367
25 20.313 -0.12846
25 21.094 0.016361
25 21.875 0.1143
25 22.656 0.071314
25 23.438 0.026558
25 24.219 -0.014513
25 25 -0.055399
