-24.219 -24.219 0.061869
-24.219 -23.438 -0.020965
-24.219 -22.656 -0.043556
-24.219 -21.875 -0.044796
-24.219 -21.094 -0.11082
-24.219 -20.313 -0.12312
-24.219 -19.531 0.0083328
-24.219 -18.75 0.061256
-24.219 -17.969 0.069827
-24.219 -17.188 0.020835
-24.219 -16.406 -0.075981
-24.219 -15.625 -0.084043
-24.219 -14.844 0.014738
-24.219 -14.063 0.02512
-24.219 -13.281 0.033529
-24.219 -12.5 0.01338
-24.219 -11.719 -0.077721
-24.219 -10.938 -0.11537
-24.219 -10.156 -0.075828
-24.219 -9.375 0.015026
-24.219 -8.5938 0.017387
-24.219 -7.8125 -0.081767
-24.219 -7.0313 -0.11502
-24.219 -6.25 -0.072647
-24.219 -5.4688 0.013765
-24.219 -4.6875 0.10713
-24.219 -3.9063 0.13859
-24.219 -3.125 0.14837
-24.219 -2.3438 0.037619
-24.219 -1.5625 -0.010765
-24.219 -0.78125 -0.030579
-24.219 0 -0.0034725
-24.219 0.78125 0.0098904
-24.219 1.5625 0.027273
-24.219 2.3438 0.084043
-24.219 3.125 0.0024245
-24.219 3.9063 -0.075978
-24.219 4.6875 -0.045984
-24.219 5.4688 -0.037388
-24.219 6.25 -0.055249
-24.219 7.0313 0.054942
-24.219 7.8125 0.085991
-24.219 8.5938 -0.051142
-24.219 9.375 -0.053835
-24.219 10.156 -0.048713
-24.219 10.938 -0.05285
-24.219 11.719 -0.0050647
-24.219 12.5 0.0089443
-24.219 13.281 0.026901
-24.219 14.063 -0.0092008
-24.219 14.844 0.017862
-24.219 15.625 0.073951
-24.219 16.406 0.097089
-24.219 17.188 0.10041
-24.219 17.969 0.068607
-24.219 18.75 -0.0035464
-24.219 19.531 -0.16685
-24.219 20.313 -0.11477
-24.219 21.094 0.017529
-24.219 21.875 0.057953
-24.219 22.656 -0.00080732
-24.219 23.438 -0.023432
-24.219 24.219 -0.0047352
-24.219 25 0.038201
-23.438 -24.219 0.052125
-23.438 -23.438 -0.079719
-23.438 -22.656 -0.085043
-23.438 -21.875 -0.058678
-23.438 -21.094 -0.051905
-23.438 -20.313 -0.048299
-23.438 -19.531 0.0027567
-23.438 -18.75 0.031127
-23.438 -17.969 0.026348
-23.438 -17.188 -0.035214
-23.438 -16.406 -0.12028
-23.438 -15.625 -0.074598
-23.438 -14.844 0.02196
-23.438 -14.063 0.082249
-23.438 -13.281 0.0452
-23.438 -12.5 0.036611
-23.438 -11.719 -0.05648
-23.438 -10.938 -0.06551
-23.438 -10.156 -0.054222
-23.438 -9.375 0.00044587
-23.438 -8.5938 -0.033436
-23.438 -7.8125 -0.10718
-23.438 -7.0313 -0.10089
-23.438 -6.25 -0.035995
-23.438 -5.4688 0.04029
-23.438 -4.6875 0.12317
-23.438 -3.9063 0.11368
-23.438 -3.125 0.17468
-23.438 -2.3438 0.053395
-23.438 -1.5625 -0.0098544
-23.438 -0.78125 -0.057613
-23.438 0 0.0043832
-23.438 0.78125 0.076489
-23.438 1.5625 0.042776
-23.438 2.3438 0.035726
-23.438 3.125 -0.071259
-23.438 3.9063 -0.097501
-23.438 4.6875 -0.029487
-23.438 5.4688 0.03286
-23.438 6.25 0.014804
-23.438 7.0313 0.046236
-23.438 7.8125 0.021142
-23.438 8.5938 -0.046257
-23.438 9.375 -0.035518
-23.438 10.156 0.023539
-23.438 10.938 0.022361
-23.438 11.719 0.0082523
-23.438 12.5 -0.010809
-23.438 13.281 -0.034152
-23.438 14.063 -0.033529
-23.438 14.844 0.011129
-23.438 15.625 0.079545
-23.438 16.406 0.1414
-23.438 17.188 0.11288
-23.438 17.969 0.023908
-23.438 18.75 -0.047044
-23.438 19.531 -0.12749
-23.438 20.313 -0.096292
-23.438 21.094 0.034689
-23.438 21.875 0.036668
-23.438 22.656 0.0092498
-23.438 23.438 -0.018696
-23.438 24.219 0.0057624
-23.438 25 0.068575
-22.656 -24.219 0.01266
-22.656 -23.438 -0.1141
-22.656 -22.656 -0.12506
-22.656 -21.875 -0.10016
-22.656 -21.094 -0.018033
-22.656 -20.313 -0.019589
-22.656 -19.531 -0.014894
-22.656 -18.75 -0.016505
-22.656 -17.969 -0.0087432
-22.656 -17.188 -0.076549
-22.656 -16.406 -0.10826
-22.656 -15.625 -0.044177
-22.656 -14.844 0.06727
-22.656 -14.063 0.10083
-22.656 -13.281 0.059105
-22.656 -12.5 0.021534
-22.656 -11.719 -0.011595
-22.656 -10.938 0.027335
-22.656 -10.156 -0.0036394
-22.656 -9.375 -0.072188
-22.656 -8.5938 -0.10881
-22.656 -7.8125 -0.10366
-22.656 -7.0313 -0.085585
-22.656 -6.25 -0.018598
-22.656 -5.4688 0.061745
-22.656 -4.6875 0.082746
-22.656 -3.9063 0.12579
-22.656 -3.125 0.15184
-22.656 -2.3438 0.037706
-22.656 -1.5625 0.0094007
-22.656 -0.78125 -0.072314
-22.656 0 0.00086224
-22.656 0.78125 0.12491
-22.656 1.5625 0.034999
-22.656 2.3438 0.0052314
-22.656 3.125 -0.069706
-22.656 3.9063 -0.097278
-22.656 4.6875 -0.044311
-22.656 5.4688 0.054333
-22.656 6.25 0.0018258
-22.656 7.0313 0.015405
-22.656 7.8125 -0.0057333
-22.656 8.5938 -0.038688
-22.656 9.375 -0.014366
-22.656 10.156 0.068593
-22.656 10.938 0.11849
-22.656 11.719 0.040892
-22.656 12.5 -0.015273
-22.656 13.281 -0.066966
-22.656 14.063 -0.08515
-22.656 14.844 0.0066078
-22.656 15.625 0.1288
-22.656 16.406 0.16354
-22.656 17.188 0.076605
-22.656 17.969 -0.042834
-22.656 18.75 -0.094047
-22.656 19.531 -0.13267
-22.656 20.313 -0.035223
-22.656 21.094 0.059855
-22.656 21.875 0.015861
-22.656 22.656 0.051574
-22.656 23.438 0.0014426
-22.656 24.219 -0.0045059
-22.656 25 0.069799
-21.875 -24.219 -0.024914
-21.875 -23.438 -0.092112
-21.875 -22.656 -0.1158
-21.875 -21.875 -0.10744
-21.875 -21.094 -0.050866
-21.875 -20.313 -0.024292
-21.875 -19.531 0.0013345
-21.875 -18.75 -0.010676
-21.875 -17.969 -0.056145
-21.875 -17.188 -0.14281
-21.875 -16.406 -0.096419
-21.875 -15.625 0.011072
-21.875 -14.844 0.083149
-21.875 -14.063 0.086711
-21.875 -13.281 0.055398
-21.875 -12.5 -0.01232
-21.875 -11.719 0.0094
-21.875 -10.938 0.055529
-21.875 -10.156 0.021086
-21.875 -9.375 -0.09334
-21.875 -8.5938 -0.14141
-21.875 -7.8125 -0.14317
-21.875 -7.0313 -0.076561
-21.875 -6.25 0.019364
-21.875 -5.4688 0.065909
-21.875 -4.6875 0.068706
-21.875 -3.9063 0.17198
-21.875 -3.125 0.10083
-21.875 -2.3438 -0.019585
-21.875 -1.5625 0.0097381
-21.875 -0.78125 -0.0028147
-21.875 0 0.03661
-21.875 0.78125 0.088926
-21.875 1.5625 0.017296
-21.875 2.3438 -0.020443
-21.875 3.125 -0.10134
-21.875 3.9063 -0.13413
-21.875 4.6875 -0.028696
-21.875 5.4688 0.10357
-21.875 6.25 0.015735
-21.875 7.0313 -0.033508
-21.875 7.8125 -0.037789
-21.875 8.5938 0.016767
-21.875 9.375 -0.02922
-21.875 10.156 0.13278
-21.875 10.938 0.16575
-21.875 11.719 0.092724
-21.875 12.5 -0.022345
-21.875 13.281 -0.10908
-21.875 14.063 -0.078622
-21.875 14.844 -0.010266
-21.875 15.625 0.16071
-21.875 16.406 0.12666
-21.875 17.188 0.014791
-21.875 17.969 -0.061373
-21.875 18.75 -0.082628
-21.875 19.531 -0.081725
-21.875 20.313 0.010057
-21.875 21.094 0.061695
-21.875 21.875 0.036649
-21.875 22.656 0.042088
-21.875 23.438 0.032748
-21.875 24.219 0.07038
-21.875 25 0.087867
-21.094 -24.219 -0.00029706
-21.094 -23.438 -0.11341
-21.094 -22.656 -0.13376
-21.094 -21.875 -0.11047
-21.094 -21.094 -0.062199
-21.094 -20.313 0.024088
-21.094 -19.531 0.021261
-21.094 -18.75 -0.031435
-21.094 -17.969 -0.14623
-21.094 -17.188 -0.18618
-21.094 -16.406 -0.13711
-21.094 -15.625 0.051777
-21.094 -14.844 0.078438
-21.094 -14.063 0.032278
-21.094 -13.281 0.052746
-21.094 -12.5 -0.0093716
-21.094 -11.719 0.024799
-21.094 -10.938 0.06414
-21.094 -10.156 -0.020014
-21.094 -9.375 -0.10534
-21.094 -8.5938 -0.20069
-21.094 -7.8125 -0.19658
-21.094 -7.0313 -0.073601
-21.094 -6.25 0.001708
-21.094 -5.4688 0.028808
-21.094 -4.6875 0.094166
-21.094 -3.9063 0.091519
-21.094 -3.125 0.08105
-21.094 -2.3438 -0.022343
-21.094 -1.5625 0.014028
-21.094 -0.78125 0.089599
-21.094 0 0.1161
-21.094 0.78125 0.068987
-21.094 1.5625 0.0019809
-21.094 2.3438 -0.08478
-21.094 3.125 -0.08839
-21.094 3.9063 -0.086395
-21.094 4.6875 -0.0052448
-21.094 5.4688 0.014583
-21.094 6.25 -0.031647
-21.094 7.0313 -0.054971
-21.094 7.8125 -0.053485
-21.094 8.5938 0.033141
-21.094 9.375 0.035655
-21.094 10.156 0.15018
-21.094 10.938 0.17211
-21.094 11.719 0.11205
-21.094 12.5 0.014548
-21.094 13.281 -0.12137
-21.094 14.063 -0.12939
-21.094 14.844 -0.023114
-21.094 15.625 0.086892
-21.094 16.406 0.080478
-21.094 17.188 -0.0070867
-21.094 17.969 -0.094478
-21.094 18.75 -0.11962
-21.094 19.531 -0.065996
-21.094 20.313 -0.005008
-21.094 21.094 0.053121
-21.094 21.875 0.066939
-21.094 22.656 0.029953
-21.094 23.438 0.067844
-21.094 24.219 0.10524
-21.094 25 0.14102
-20.313 -24.219 0.036757
-20.313 -23.438 -0.084703
-20.313 -22.656 -0.12048
-20.313 -21.875 -0.072575
-20.313 -21.094 -0.012544
-20.313 -20.313 0.059478
-20.313 -19.531 0.045625
-20.313 -18.75 -0.0014075
-20.313 -17.969 -0.10065
-20.313 -17.188 -0.217
-20.313 -16.406 -0.15529
-20.313 -15.625 0.05145
-20.313 -14.844 0.10305
-20.313 -14.063 0.035674
-20.313 -13.281 0.0098262
-20.313 -12.5 -0.040143
-20.313 -11.719 0.013906
-20.313 -10.938 0.059333
-20.313 -10.156 -0.014996
-20.313 -9.375 -0.091092
-20.313 -8.5938 -0.24711
-20.313 -7.8125 -0.16381
-20.313 -7.0313 -0.058329
-20.313 -6.25 -0.019428
-20.313 -5.4688 -0.014727
-20.313 -4.6875 0.071178
-20.313 -3.9063 0.053412
-20.313 -3.125 0.075133
-20.313 -2.3438 0.029297
-20.313 -1.5625 0.014735
-20.313 -0.78125 0.14108
-20.313 0 0.16695
-20.313 0.78125 0.090274
-20.313 1.5625 0.0078898
-20.313 2.3438 -0.13215
-20.313 3.125 -0.082096
-20.313 3.9063 -0.026702
-20.313 4.6875 0.036247
-20.313 5.4688 -0.016092
-20.313 6.25 -0.0685
-20.313 7.0313 -0.050484
-20.313 7.8125 -0.083747
-20.313 8.5938 -0.034664
-20.313 9.375 0.077659
-20.313 10.156 0.15114
-20.313 10.938 0.14578
-20.313 11.719 0.1391
-20.313 12.5 -0.0054458
-20.313 13.281 -0.098817
-20.313 14.063 -0.082496
-20.313 14.844 -0.060737
-20.313 15.625 0.0088393
-20.313 16.406 0.0646
-20.313 17.188 0.0093544
-20.313 17.969 -0.12104
-20.313 18.75 -0.14088
-20.313 19.531 -0.10524
-20.313 20.313 -0.046066
-20.313 21.094 0.026965
-20.313 21.875 0.02861
-20.313 22.656 0.055838
-20.313 23.438 0.077276
-20.313 24.219 0.079239
-20.313 25 0.11669
-19.531 -24.219 0.077345
-19.531 -23.438 -0.038202
-19.531 -22.656 -0.10273
-19.531 -21.875 -0.047043
-19.531 -21.094 0.090188
-19.531 -20.313 0.10512
-19.531 -19.531 0.082876
-19.531 -18.75 0.0092442
-19.531 -17.969 -0.061535
-19.531 -17.188 -0.17359
-19.531 -16.406 -0.08664
-19.531 -15.625 0.022769
-19.531 -14.844 0.059101
-19.531 -14.063 0.09233
-19.531 -13.281 0.024406
-19.531 -12.5 -0.029685
-19.531 -11.719 -0.061734
-19.531 -10.938 -0.0047097
-19.531 -10.156 0.0056696
-19.531 -9.375 -0.093218
-19.531 -8.5938 -0.17694
-19.531 -7.8125 -0.078726
-19.531 -7.0313 -0.012298
-19.531 -6.25 -0.033469
-19.531 -5.4688 -0.049184
-19.531 -4.6875 -0.014702
-19.531 -3.9063 -0.03223
-19.531 -3.125 0.061931
-19.531 -2.3438 0.070328
-19.531 -1.5625 0.080946
-19.531 -0.78125 0.16599
-19.531 0 0.13457
-19.531 0.78125 0.091593
-19.531 1.5625 -0.02212
-19.531 2.3438 -0.12848
-19.531 3.125 -0.086699
-19.531 3.9063 -0.0035491
-19.531 4.6875 0.11208
-19.531 5.4688 0.041015
-19.531 6.25 -0.044996
-19.531 7.0313 -0.053961
-19.531 7.8125 -0.12892
-19.531 8.5938 -0.078599
-19.531 9.375 0.097986
-19.531 10.156 0.14838
-19.531 10.938 0.17637
-19.531 11.719 0.13571
-19.531 12.5 -0.05914
-19.531 13.281 -0.10177
-19.531 14.063 -0.065996
-19.531 14.844 -0.051358
-19.531 15.625 0.032843
-19.531 16.406 0.089149
-19.531 17.188 -0.028036
-19.531 17.969 -0.17264
-19.531 18.75 -0.14536
-19.531 19.531 -0.095348
-19.531 20.313 -0.0524
-19.531 21.094 0.02118
-19.531 21.875 0.00509
-19.531 22.656 0.054284
-19.531 23.438 0.04634
-19.531 24.219 0.052604
-19.531 25 0.046767
-18.75 -24.219 0.052061
-18.75 -23.438 -0.028825
-18.75 -22.656 -0.089177
-18.75 -21.875 0.012876
-18.75 -21.094 0.064364
-18.75 -20.313 0.080068
-18.75 -19.531 0.077837
-18.75 -18.75 0.015797
-18.75 -17.969 -0.068614
-18.75 -17.188 -0.086965
-18.75 -16.406 -0.037631
-18.75 -15.625 0.061979
-18.75 -14.844 0.062099
-18.75 -14.063 0.087232
-18.75 -13.281 0.051139
-18.75 -12.5 -0.0042085
-18.75 -11.719 -0.11331
-18.75 -10.938 -0.081222
-18.75 -10.156 0.011549
-18.75 -9.375 -0.075468
-18.75 -8.5938 -0.064848
-18.75 -7.8125 -0.025661
-18.75 -7.0313 0.025195
-18.75 -6.25 -0.069272
-18.75 -5.4688 -0.015663
-18.75 -4.6875 -0.068275
-18.75 -3.9063 -0.080586
-18.75 -3.125 -0.0010481
-18.75 -2.3438 0.071249
-18.75 -1.5625 0.070073
-18.75 -0.78125 0.13851
-18.75 0 0.098574
-18.75 0.78125 0.080505
-18.75 1.5625 -0.028925
-18.75 2.3438 -0.042324
-18.75 3.125 -0.04683
-18.75 3.9063 -0.00464
-18.75 4.6875 0.08674
-18.75 5.4688 0.052268
-18.75 6.25 -0.023042
-18.75 7.0313 -0.13266
-18.75 7.8125 -0.11152
-18.75 8.5938 -0.061528
-18.75 9.375 0.080224
-18.75 10.156 0.17576
-18.75 10.938 0.19241
-18.75 11.719 0.10072
-18.75 12.5 -0.087995
-18.75 13.281 -0.11378
-18.75 14.063 -0.073296
-18.75 14.844 0.039057
-18.75 15.625 0.085001
-18.75 16.406 0.074946
-18.75 17.188 -0.04998
-18.75 17.969 -0.17051
-18.75 18.75 -0.17033
-18.75 19.531 -0.086688
-18.75 20.313 -0.07027
-18.75 21.094 -0.0090607
-18.75 21.875 0.04924
-18.75 22.656 0.079408
-18.75 23.438 0.020073
-18.75 24.219 0.035437
-18.75 25 0.031662
-17.969 -24.219 -0.012071
-17.969 -23.438 0.0049381
-17.969 -22.656 -0.0053922
-17.969 -21.875 0.049288
-17.969 -21.094 -0.0076327
-17.969 -20.313 0.043281
-17.969 -19.531 0.072294
-17.969 -18.75 0.0067028
-17.969 -17.969 -0.045703
-17.969 -17.188 -0.032887
-17.969 -16.406 -0.039476
-17.969 -15.625 0.11884
-17.969 -14.844 0.12782
-17.969 -14.063 0.061223
-17.969 -13.281 -0.0045828
-17.969 -12.5 -0.01907
-17.969 -11.719 -0.057738
-17.969 -10.938 -0.038345
-17.969 -10.156 -0.0037064
-17.969 -9.375 -0.040804
-17.969 -8.5938 -0.068445
-17.969 -7.8125 0.0093536
-17.969 -7.0313 0.038807
-17.969 -6.25 -0.016508
-17.969 -5.4688 -0.030742
-17.969 -4.6875 -0.05666
-17.969 -3.9063 -0.045502
-17.969 -3.125 -0.018815
-17.969 -2.3438 0.039854
-17.969 -1.5625 0.049375
-17.969 -0.78125 0.1035
-17.969 0 0.097463
-17.969 0.78125 0.027233
-17.969 1.5625 0.013359
-17.969 2.3438 0.040896
-17.969 3.125 -0.022265
-17.969 3.9063 0.014712
-17.969 4.6875 0.058542
-17.969 5.4688 0.048704
-17.969 6.25 -0.022079
-17.969 7.0313 -0.15431
-17.969 7.8125 -0.10909
-17.969 8.5938 -0.025963
-17.969 9.375 0.064137
-17.969 10.156 0.14
-17.969 10.938 0.12197
-17.969 11.719 0.066767
-17.969 12.5 -0.10981
-17.969 13.281 -0.15572
-17.969 14.063 -0.034787
-17.969 14.844 0.12307
-17.969 15.625 0.10935
-17.969 16.406 0.083391
-17.969 17.188 -0.04955
-17.969 17.969 -0.13509
-17.969 18.75 -0.17175
-17.969 19.531 -0.097602
-17.969 20.313 -0.12094
-17.969 21.094 -0.024569
-17.969 21.875 0.053671
-17.969 22.656 0.089336
-17.969 23.438 0.051916
-17.969 24.219 0.10325
-17.969 25 0.023078
-17.188 -24.219 -0.028092
-17.188 -23.438 0.083948
-17.188 -22.656 0.04219
-17.188 -21.875 0.060375
-17.188 -21.094 -0.017977
-17.188 -20.313 0.00030275
-17.188 -19.531 0.018
-17.188 -18.75 0.0070145
-17.188 -17.969 -0.0060136
-17.188 -17.188 -0.040769
-17.188 -16.406 -0.024535
-17.188 -15.625 0.15227
-17.188 -14.844 0.17207
-17.188 -14.063 0.10143
-17.188 -13.281 -0.046269
-17.188 -12.5 -0.019854
-17.188 -11.719 0.01153
-17.188 -10.938 -0.0020704
-17.188 -10.156 0.011757
-17.188 -9.375 -0.040862
-17.188 -8.5938 -0.06366
-17.188 -7.8125 0.026317
-17.188 -7.0313 0.031635
-17.188 -6.25 -0.013434
-17.188 -5.4688 0.0091492
-17.188 -4.6875 0.0041253
-17.188 -3.9063 0.023253
-17.188 -3.125 -0.0005073
-17.188 -2.3438 0.0117
-17.188 -1.5625 0.048938
-17.188 -0.78125 0.0909
-17.188 0 0.08515
-17.188 0.78125 0.018581
-17.188 1.5625 0.050312
-17.188 2.3438 0.056469
-17.188 3.125 0.018865
-17.188 3.9063 0.01541
-17.188 4.6875 0.051694
-17.188 5.4688 0.046296
-17.188 6.25 -0.040918
-17.188 7.0313 -0.12932
-17.188 7.8125 -0.14088
-17.188 8.5938 0.00075478
-17.188 9.375 0.10184
-17.188 10.156 0.091365
-17.188 10.938 0.032233
-17.188 11.719 0.031061
-17.188 12.5 -0.076554
-17.188 13.281 -0.1355
-17.188 14.063 -0.012896
-17.188 14.844 0.093673
-17.188 15.625 0.047496
-17.188 16.406 0.027377
-17.188 17.188 -0.024956
-17.188 17.969 -0.08566
-17.188 18.75 -0.13414
-17.188 19.531 -0.15418
-17.188 20.313 -0.15245
-17.188 21.094 0.013136
-17.188 21.875 0.094191
-17.188 22.656 0.051738
-17.188 23.438 0.04501
-17.188 24.219 0.12316
-17.188 25 0.038786
-16.406 -24.219 -0.023945
-16.406 -23.438 0.063619
-16.406 -22.656 0.05364
-16.406 -21.875 0.039439
-16.406 -21.094 -0.02022
-16.406 -20.313 -0.042305
-16.406 -19.531 -0.00047368
-16.406 -18.75 0.020514
-16.406 -17.969 0.0088008
-16.406 -17.188 -0.0081422
-16.406 -16.406 0.030219
-16.406 -15.625 0.10373
-16.406 -14.844 0.14344
-16.406 -14.063 0.089176
-16.406 -13.281 -0.032589
-16.406 -12.5 -0.060558
-16.406 -11.719 0.0046911
-16.406 -10.938 0.056282
-16.406 -10.156 0.03215
-16.406 -9.375 -0.014845
-16.406 -8.5938 -0.03015
-16.406 -7.8125 0.00058672
-16.406 -7.0313 -0.016145
-16.406 -6.25 0.012159
-16.406 -5.4688 0.015135
-16.406 -4.6875 0.032449
-16.406 -3.9063 0.02282
-16.406 -3.125 0.02023
-16.406 -2.3438 0.01489
-16.406 -1.5625 0.071708
-16.406 -0.78125 0.072376
-16.406 0 0.035863
-16.406 0.78125 0.040581
-16.406 1.5625 0.084163
-16.406 2.3438 0.046033
-16.406 3.125 -0.010848
-16.406 3.9063 0.017397
-16.406 4.6875 0.055733
-16.406 5.4688 0.026007
-16.406 6.25 0.0060521
-16.406 7.0313 -0.060815
-16.406 7.8125 -0.096755
-16.406 8.5938 0.0089025
-16.406 9.375 0.067854
-16.406 10.156 0.054147
-16.406 10.938 0.011691
-16.406 11.719 -0.043682
-16.406 12.5 -0.090117
-16.406 13.281 -0.064512
-16.406 14.063 0.011774
-16.406 14.844 0.070674
-16.406 15.625 -0.010671
-16.406 16.406 -0.023956
-16.406 17.188 -0.028852
-16.406 17.969 -0.053032
-16.406 18.75 -0.11744
-16.406 19.531 -0.20013
-16.406 20.313 -0.14916
-16.406 21.094 0.08117
-16.406 21.875 0.080372
-16.406 22.656 0.0090739
-16.406 23.438 0.067731
-16.406 24.219 0.099193
-16.406 25 0.023009
-15.625 -24.219 -0.024877
-15.625 -23.438 0.02509
-15.625 -22.656 0.083826
-15.625 -21.875 0.017354
-15.625 -21.094 -0.026914
-15.625 -20.313 -0.039192
-15.625 -19.531 0.025035
-15.625 -18.75 -0.0029552
-15.625 -17.969 -0.012698
-15.625 -17.188 0.019889
-15.625 -16.406 0.011151
-15.625 -15.625 0.084762
-15.625 -14.844 0.094095
-15.625 -14.063 0.045888
-15.625 -13.281 -0.036199
-15.625 -12.5 -0.083358
-15.625 -11.719 0.0085302
-15.625 -10.938 0.10811
-15.625 -10.156 0.076252
-15.625 -9.375 0.049149
-15.625 -8.5938 -0.027824
-15.625 -7.8125 -0.0020502
-15.625 -7.0313 -0.017543
-15.625 -6.25 -0.020491
-15.625 -5.4688 0.00433
-15.625 -4.6875 0.017162
-15.625 -3.9063 -0.012917
-15.625 -3.125 -0.005651
-15.625 -2.3438 0.024106
-15.625 -1.5625 0.10054
-15.625 -0.78125 0.081423
-15.625 0 0.022498
-15.625 0.78125 0.038238
-15.625 1.5625 0.058013
-15.625 2.3438 0.026761
-15.625 3.125 -0.0304
-15.625 3.9063 -0.0073994
-15.625 4.6875 0.047831
-15.625 5.4688 0.019792
-15.625 6.25 -0.0054635
-15.625 7.0313 -0.014257
-15.625 7.8125 -0.051601
-15.625 8.5938 -0.0026129
-15.625 9.375 0.01067
-15.625 10.156 0.046773
-15.625 10.938 0.028732
-15.625 11.719 -0.022085
-15.625 12.5 -0.075605
-15.625 13.281 -0.031505
-15.625 14.063 0.04839
-15.625 14.844 0.050016
-15.625 15.625 -0.0073969
-15.625 16.406 -0.025834
-15.625 17.188 -0.057101
-15.625 17.969 -0.069558
-15.625 18.75 -0.12199
-15.625 19.531 -0.22375
-15.625 20.313 -0.096388
-15.625 21.094 0.0673
-15.625 21.875 0.056914
-15.625 22.656 0.026092
-15.625 23.438 0.074138
-15.625 24.219 0.088111
-15.625 25 0.012032
-14.844 -24.219 -0.072651
-14.844 -23.438 -0.0058662
-14.844 -22.656 0.083103
-14.844 -21.875 0.023981
-14.844 -21.094 -0.04265
-14.844 -20.313 -0.026672
-14.844 -19.531 -0.012427
-14.844 -18.75 -0.039388
-14.844 -17.969 -0.045935
-14.844 -17.188 0.00049155
-14.844 -16.406 0.01067
-14.844 -15.625 0.039595
-14.844 -14.844 0.0028444
-14.844 -14.063 0.0044066
-14.844 -13.281 -0.0098403
-14.844 -12.5 -0.054944
-14.844 -11.719 -0.018517
-14.844 -10.938 0.091756
-14.844 -10.156 0.081774
-14.844 -9.375 0.054255
-14.844 -8.5938 0.027078
-14.844 -7.8125 0.023941
-14.844 -7.0313 -0.035008
-14.844 -6.25 -0.04907
-14.844 -5.4688 0.028763
-14.844 -4.6875 -0.0075782
-14.844 -3.9063 0.0065958
-14.844 -3.125 0.024181
-14.844 -2.3438 0.050351
-14.844 -1.5625 0.059958
-14.844 -0.78125 0.045483
-14.844 0 0.033067
-14.844 0.78125 0.036441
-14.844 1.5625 0.0001426
-14.844 2.3438 0.0056272
-14.844 3.125 -0.043136
-14.844 3.9063 0.022963
-14.844 4.6875 0.020885
-14.844 5.4688 0.022251
-14.844 6.25 0.010309
-14.844 7.0313 -0.017747
-14.844 7.8125 -0.067642
-14.844 8.5938 -0.053033
-14.844 9.375 0.034857
-14.844 10.156 0.048277
-14.844 10.938 -0.010135
-14.844 11.719 -0.041175
-14.844 12.5 -0.029402
-14.844 13.281 -0.018341
-14.844 14.063 -0.0043936
-14.844 14.844 0.047135
-14.844 15.625 0.012235
-14.844 16.406 -0.039675
-14.844 17.188 -0.049658
-14.844 17.969 -0.062378
-14.844 18.75 -0.086049
-14.844 19.531 -0.18673
-14.844 20.313 -0.065181
-14.844 21.094 0.030858
-14.844 21.875 0.055034
-14.844 22.656 0.030918
-14.844 23.438 0.071436
-14.844 24.219 0.016352
-14.844 25 -0.030403
-14.063 -24.219 -0.057917
-14.063 -23.438 -0.032905
-14.063 -22.656 0.036421
-14.063 -21.875 0.032105
-14.063 -21.094 -0.044508
-14.063 -20.313 -0.034964
-14.063 -19.531 -0.022351
-14.063 -18.75 -0.0064617
-14.063 -17.969 -0.049388
-14.063 -17.188 -0.055346
-14.063 -16.406 -0.024014
-14.063 -15.625 -0.02911
-14.063 -14.844 -0.052827
-14.063 -14.063 -0.00027599
-14.063 -13.281 -0.0097884
-14.063 -12.5 -0.05371
-14.063 -11.719 -0.021774
-14.063 -10.938 0.022369
-14.063 -10.156 0.041722
-14.063 -9.375 0.034978
-14.063 -8.5938 0.04991
-14.063 -7.8125 0.040477
-14.063 -7.0313 -0.02647
-14.063 -6.25 -0.021727
-14.063 -5.4688 0.0085267
-14.063 -4.6875 -0.034433
-14.063 -3.9063 -0.04576
-14.063 -3.125 0.058751
-14.063 -2.3438 0.10155
-14.063 -1.5625 0.069954
-14.063 -0.78125 0.01553
-14.063 0 0.029238
-14.063 0.78125 -0.033627
-14.063 1.5625 -0.045059
-14.063 2.3438 -0.070218
-14.063 3.125 -0.02745
-14.063 3.9063 0.074866
-14.063 4.6875 0.063751
-14.063 5.4688 0.037628
-14.063 6.25 0.034382
-14.063 7.0313 -0.031854
-14.063 7.8125 -0.094449
-14.063 8.5938 -0.085216
-14.063 9.375 0.0030329
-14.063 10.156 0.025224
-14.063 10.938 -0.030277
-14.063 11.719 -0.0081754
-14.063 12.5 0.056237
-14.063 13.281 0.010036
-14.063 14.063 -0.051121
-14.063 14.844 0.027866
-14.063 15.625 0.03872
-14.063 16.406 0.0011218
-14.063 17.188 -0.0016683
-14.063 17.969 -0.028693
-14.063 18.75 -0.067836
-14.063 19.531 -0.13881
-14.063 20.313 -0.067861
-14.063 21.094 0.0034206
-14.063 21.875 0.021032
-14.063 22.656 0.0090852
-14.063 23.438 0.048912
-14.063 24.219 -0.046388
-14.063 25 -0.068439
-13.281 -24.219 -0.057539
-13.281 -23.438 -0.039402
-13.281 -22.656 0.005635
-13.281 -21.875 -0.01264
-13.281 -21.094 -0.03906
-13.281 -20.313 -0.013778
-13.281 -19.531 -0.023331
-13.281 -18.75 0.036618
-13.281 -17.969 -0.032396
-13.281 -17.188 -0.08029
-13.281 -16.406 -0.0092015
-13.281 -15.625 -0.030664
-13.281 -14.844 -0.066447
-13.281 -14.063 -0.0085817
-13.281 -13.281 -0.01142
-13.281 -12.5 -0.061216
-13.281 -11.719 -0.042734
-13.281 -10.938 -0.00062739
-13.281 -10.156 -0.041444
-13.281 -9.375 -0.034902
-13.281 -8.5938 0.014733
-13.281 -7.8125 -0.0086445
-13.281 -7.0313 -0.011119
-13.281 -6.25 0.045388
-13.281 -5.4688 0.012532
-13.281 -4.6875 -0.055348
-13.281 -3.9063 -0.059347
-13.281 -3.125 0.056377
-13.281 -2.3438 0.12497
-13.281 -1.5625 0.086398
-13.281 -0.78125 -0.0052596
-13.281 0 0.020362
-13.281 0.78125 -0.05359
-13.281 1.5625 -0.1127
-13.281 2.3438 -0.10501
-13.281 3.125 -0.025884
-13.281 3.9063 0.042304
-13.281 4.6875 0.055875
-13.281 5.4688 0.06758
-13.281 6.25 0.019727
-13.281 7.0313 -0.018573
-13.281 7.8125 -0.10709
-13.281 8.5938 -0.14495
-13.281 9.375 -0.072053
-13.281 10.156 -0.0086131
-13.281 10.938 0.0065621
-13.281 11.719 0.061846
-13.281 12.5 0.10902
-13.281 13.281 0.017993
-13.281 14.063 -0.070123
-13.281 14.844 -0.0063079
-13.281 15.625 0.04733
-13.281 16.406 0.12159
-13.281 17.188 0.091365
-13.281 17.969 0.022862
-13.281 18.75 -0.080091
-13.281 19.531 -0.07017
-13.281 20.313 0.0070265
-13.281 21.094 0.022922
-13.281 21.875 0.034594
-13.281 22.656 0.050142
-13.281 23.438 0.038314
-13.281 24.219 -0.043306
-13.281 25 -0.087322
-12.5 -24.219 -0.029565
-12.5 -23.438 -0.03352
-12.5 -22.656 -0.0055621
-12.5 -21.875 -0.040775
-12.5 -21.094 -0.04456
-12.5 -20.313 -0.053377
-12.5 -19.531 -0.049771
-12.5 -18.75 0.022779
-12.5 -17.969 -0.00019621
-12.5 -17.188 0.0089668
-12.5 -16.406 0.055213
-12.5 -15.625 0.020993
-12.5 -14.844 -0.050398
-12.5 -14.063 -0.042319
-12.5 -13.281 -0.069001
-12.5 -12.5 -0.032945
-12.5 -11.719 -0.042619
-12.5 -10.938 0.02664
-12.5 -10.156 -0.057853
-12.5 -9.375 -0.079679
-12.5 -8.5938 -0.03463
-12.5 -7.8125 -0.10616
-12.5 -7.0313 -0.006332
-12.5 -6.25 0.1048
-12.5 -5.4688 0.027948
-12.5 -4.6875 -0.016298
-12.5 -3.9063 0.013966
-12.5 -3.125 0.058517
-12.5 -2.3438 0.076059
-12.5 -1.5625 0.024965
-12.5 -0.78125 0.00028051
-12.5 0 -0.022823
-12.5 0.78125 -0.05255
-12.5 1.5625 -0.079064
-12.5 2.3438 -0.063574
-12.5 3.125 0.001032
-12.5 3.9063 0.02625
-12.5 4.6875 0.070576
-12.5 5.4688 0.019416
-12.5 6.25 -0.0042518
-12.5 7.0313 -0.029427
-12.5 7.8125 -0.10723
-12.5 8.5938 -0.18763
-12.5 9.375 -0.13135
-12.5 10.156 -0.067966
-12.5 10.938 -0.010124
-12.5 11.719 0.11769
-12.5 12.5 0.11367
-12.5 13.281 0.012631
-12.5 14.063 -0.078563
-12.5 14.844 -0.034863
-12.5 15.625 0.063153
-12.5 16.406 0.18374
-12.5 17.188 0.19333
-12.5 17.969 0.092014
-12.5 18.75 -0.015267
-12.5 19.531 -0.002944
-12.5 20.313 0.031928
-12.5 21.094 0.015023
-12.5 21.875 0.03085
-12.5 22.656 0.054603
-12.5 23.438 0.038731
-12.5 24.219 -0.019664
-12.5 25 -0.030628
-11.719 -24.219 -0.0019289
-11.719 -23.438 0.005724
-11.719 -22.656 0.049814
-11.719 -21.875 -0.016809
-11.719 -21.094 -0.058128
-11.719 -20.313 -0.093602
-11.719 -19.531 -0.058469
-11.719 -18.75 -0.011872
-11.719 -17.969 -0.016543
-11.719 -17.188 0.044879
-11.719 -16.406 0.12588
-11.719 -15.625 0.043053
-11.719 -14.844 -0.040826
-11.719 -14.063 -0.059775
-11.719 -13.281 -0.12972
-11.719 -12.5 -0.0013639
-11.719 -11.719 0.024145
-11.719 -10.938 0.042404
-11.719 -10.156 -0.055296
-11.719 -9.375 -0.13111
-11.719 -8.5938 -0.09852
-11.719 -7.8125 -0.10922
-11.719 -7.0313 -0.022454
-11.719 -6.25 0.11011
-11.719 -5.4688 0.027992
-11.719 -4.6875 -0.0034031
-11.719 -3.9063 0.052916
-11.719 -3.125 0.065984
-11.719 -2.3438 -0.014225
-11.719 -1.5625 0.021341
-11.719 -0.78125 0.014895
-11.719 0 -0.017075
-11.719 0.78125 -0.037073
-11.719 1.5625 -0.035979
-11.719 2.3438 0.0091951
-11.719 3.125 0.0043552
-11.719 3.9063 0.02799
-11.719 4.6875 0.04361
-11.719 5.4688 -0.034006
-11.719 6.25 -0.089703
-11.719 7.0313 -0.009168
-11.719 7.8125 -0.071027
-11.719 8.5938 -0.1153
-11.719 9.375 -0.15857
-11.719 10.156 -0.13248
-11.719 10.938 -0.052811
-11.719 11.719 0.11536
-11.719 12.5 0.11393
-11.719 13.281 0.0014702
-11.719 14.063 -0.11073
-11.719 14.844 -0.075205
-11.719 15.625 0.055054
-11.719 16.406 0.17439
-11.719 17.188 0.16243
-11.719 17.969 0.10197
-11.719 18.75 0.049114
-11.719 19.531 0.022589
-11.719 20.313 -0.011359
-11.719 21.094 -0.00037174
-11.719 21.875 0.014747
-11.719 22.656 0.015603
-11.719 23.438 0.031002
-11.719 24.219 -0.015282
-11.719 25 -0.0033192
-10.938 -24.219 -0.0058348
-10.938 -23.438 0.012285
-10.938 -22.656 0.042636
-10.938 -21.875 0.027736
-10.938 -21.094 -0.0047242
-10.938 -20.313 -0.066914
-10.938 -19.531 -0.073617
-10.938 -18.75 -0.031276
-10.938 -17.969 -0.00094713
-10.938 -17.188 0.067416
-10.938 -16.406 0.10547
-10.938 -15.625 0.060959
-10.938 -14.844 0.0010777
-10.938 -14.063 -0.10156
-10.938 -13.281 -0.14702
-10.938 -12.5 -0.028359
-10.938 -11.719 0.022576
-10.938 -10.938 0.010733
-10.938 -10.156 -0.05634
-10.938 -9.375 -0.12652
-10.938 -8.5938 -0.10577
-10.938 -7.8125 -0.081789
-10.938 -7.0313 -0.017696
-10.938 -6.25 0.060333
-10.938 -5.4688 0.040289
-10.938 -4.6875 -0.0041769
-10.938 -3.9063 0.037191
-10.938 -3.125 0.014688
-10.938 -2.3438 0.0037956
-10.938 -1.5625 0.010563
-10.938 -0.78125 -0.0025727
-10.938 0 -0.031401
-10.938 0.78125 -0.021727
-10.938 1.5625 0.018561
-10.938 2.3438 0.011293
-10.938 3.125 0.023353
-10.938 3.9063 0.019739
-10.938 4.6875 -0.030754
-10.938 5.4688 -0.011475
-10.938 6.25 -0.042255
-10.938 7.0313 0.023518
-10.938 7.8125 0.0034327
-10.938 8.5938 -0.013152
-10.938 9.375 -0.11417
-10.938 10.156 -0.16067
-10.938 10.938 -0.049328
-10.938 11.719 0.077438
-10.938 12.5 0.068452
-10.938 13.281 -0.065873
-10.938 14.063 -0.15255
-10.938 14.844 -0.039063
-10.938 15.625 0.081996
-10.938 16.406 0.17289
-10.938 17.188 0.12776
-10.938 17.969 0.065401
-10.938 18.75 0.035793
-10.938 19.531 0.020786
-10.938 20.313 -0.00035231
-10.938 21.094 0.028373
-10.938 21.875 0.004847
-10.938 22.656 0.0049327
-10.938 23.438 -0.0002771
-10.938 24.219 -0.036728
-10.938 25 -0.012848
-10.156 -24.219 -0.018702
-10.156 -23.438 0.032831
-10.156 -22.656 0.020636
-10.156 -21.875 0.019812
-10.156 -21.094 0.05265
-10.156 -20.313 -0.024713
-10.156 -19.531 -0.075492
-10.156 -18.75 -0.028575
-10.156 -17.969 0.012757
-10.156 -17.188 0.090076
-10.156 -16.406 0.09061
-10.156 -15.625 0.057049
-10.156 -14.844 0.054271
-10.156 -14.063 -0.058736
-10.156 -13.281 -0.089388
-10.156 -12.5 -0.055992
-10.156 -11.719 -0.011406
-10.156 -10.938 0.027334
-10.156 -10.156 -0.03851
-10.156 -9.375 -0.11751
-10.156 -8.5938 -0.10404
-10.156 -7.8125 -0.024772
-10.156 -7.0313 0.016223
-10.156 -6.25 0.041733
-10.156 -5.4688 0.034129
-10.156 -4.6875 0.01186
-10.156 -3.9063 0.03439
-10.156 -3.125 -0.015114
-10.156 -2.3438 -0.022006
-10.156 -1.5625 -0.0033356
-10.156 -0.78125 0.014184
-10.156 0 0.016446
-10.156 0.78125 0.013023
-10.156 1.5625 0.014439
-10.156 2.3438 0.019842
-10.156 3.125 0.0015321
-10.156 3.9063 -0.047072
-10.156 4.6875 -0.027338
-10.156 5.4688 -0.043221
-10.156 6.25 -0.015594
-10.156 7.0313 0.045755
-10.156 7.8125 0.075793
-10.156 8.5938 0.024417
-10.156 9.375 -0.076511
-10.156 10.156 -0.087575
-10.156 10.938 -0.0023058
-10.156 11.719 0.014238
-10.156 12.5 -0.025106
-10.156 13.281 -0.13566
-10.156 14.063 -0.17594
-10.156 14.844 -0.00078395
-10.156 15.625 0.15662
-10.156 16.406 0.16417
-10.156 17.188 0.090767
-10.156 17.969 0.052706
-10.156 18.75 0.0030618
-10.156 19.531 -0.014772
-10.156 20.313 0.023774
-10.156 21.094 0.02716
-10.156 21.875 0.00092384
-10.156 22.656 -0.018298
-10.156 23.438 -0.035758
-10.156 24.219 -0.024433
-10.156 25 -0.038462
-9.375 -24.219 -0.057756
-9.375 -23.438 -0.013666
-9.375 -22.656 0.04465
-9.375 -21.875 0.084495
-9.375 -21.094 0.068318
-9.375 -20.313 -0.033654
-9.375 -19.531 -0.088149
-9.375 -18.75 -0.061239
-9.375 -17.969 2.1298e-05
-9.375 -17.188 0.077327
-9.375 -16.406 0.058644
-9.375 -15.625 0.064229
-9.375 -14.844 -0.00037541
-9.375 -14.063 -0.045194
-9.375 -13.281 -0.070046
-9.375 -12.5 -0.062093
-9.375 -11.719 -0.0024782
-9.375 -10.938 0.061694
-9.375 -10.156 -0.040341
-9.375 -9.375 -0.14509
-9.375 -8.5938 -0.096945
-9.375 -7.8125 0.014918
-9.375 -7.0313 0.10136
-9.375 -6.25 0.082046
-9.375 -5.4688 0.019015
-9.375 -4.6875 0.040234
-9.375 -3.9063 0.014444
-9.375 -3.125 -0.04617
-9.375 -2.3438 -0.035077
-9.375 -1.5625 0.0096024
-9.375 -0.78125 0.059163
-9.375 0 0.054491
-9.375 0.78125 -0.01229
-9.375 1.5625 0.048173
-9.375 2.3438 0.042201
-9.375 3.125 -0.055826
-9.375 3.9063 -0.10894
-9.375 4.6875 -0.073076
-9.375 5.4688 -0.10716
-9.375 6.25 -0.046627
-9.375 7.0313 0.093922
-9.375 7.8125 0.098107
-9.375 8.5938 0.076916
-9.375 9.375 -0.033425
-9.375 10.156 -0.056777
-9.375 10.938 0.014323
-9.375 11.719 0.030844
-9.375 12.5 -0.071064
-9.375 13.281 -0.22861
-9.375 14.063 -0.20056
-9.375 14.844 0.015383
-9.375 15.625 0.15304
-9.375 16.406 0.15057
-9.375 17.188 0.060702
-9.375 17.969 0.0035196
-9.375 18.75 -0.023131
-9.375 19.531 -0.040346
-9.375 20.313 0.045902
-9.375 21.094 0.022852
-9.375 21.875 -0.010952
-9.375 22.656 -0.028538
-9.375 23.438 -0.069609
-9.375 24.219 -0.045584
-9.375 25 -0.074668
-8.5938 -24.219 -0.091495
-8.5938 -23.438 -0.030673
-8.5938 -22.656 0.11083
-8.5938 -21.875 0.14076
-8.5938 -21.094 0.071539
-8.5938 -20.313 -0.020135
-8.5938 -19.531 -0.075994
-8.5938 -18.75 -0.090007
-8.5938 -17.969 -0.057171
-8.5938 -17.188 0.0054928
-8.5938 -16.406 0.046436
-8.5938 -15.625 0.062939
-8.5938 -14.844 -0.031797
-8.5938 -14.063 -0.054299
-8.5938 -13.281 -0.10091
-8.5938 -12.5 -0.029603
-8.5938 -11.719 0.038098
-8.5938 -10.938 0.028625
-8.5938 -10.156 -0.055366
-8.5938 -9.375 -0.094861
-8.5938 -8.5938 -0.047311
-8.5938 -7.8125 0.055743
-8.5938 -7.0313 0.15829
-8.5938 -6.25 0.10884
-8.5938 -5.4688 -0.0025213
-8.5938 -4.6875 0.0096536
-8.5938 -3.9063 -0.041142
-8.5938 -3.125 -0.056647
-8.5938 -2.3438 0.033212
-8.5938 -1.5625 0.079364
-8.5938 -0.78125 0.061514
-8.5938 0 0.052308
-8.5938 0.78125 0.045805
-8.5938 1.5625 0.025718
-8.5938 2.3438 -0.011937
-8.5938 3.125 -0.071266
-8.5938 3.9063 -0.10879
-8.5938 4.6875 -0.11697
-8.5938 5.4688 -0.096836
-8.5938 6.25 -0.052735
-8.5938 7.0313 0.084823
-8.5938 7.8125 0.11557
-8.5938 8.5938 0.080956
-8.5938 9.375 0.016979
-8.5938 10.156 0.0039168
-8.5938 10.938 0.054492
-8.5938 11.719 0.014037
-8.5938 12.5 -0.091836
-8.5938 13.281 -0.20656
-8.5938 14.063 -0.16896
-8.5938 14.844 -0.025603
-8.5938 15.625 0.098275
-8.5938 16.406 0.16925
-8.5938 17.188 0.065386
-8.5938 17.969 -0.064564
-8.5938 18.75 -0.061686
-8.5938 19.531 -0.0053249
-8.5938 20.313 0.064305
-8.5938 21.094 0.030319
-8.5938 21.875 0.01367
-8.5938 22.656 -0.061762
-8.5938 23.438 -0.12237
-8.5938 24.219 -0.1146
-8.5938 25 -0.073036
-7.8125 -24.219 -0.064965
-7.8125 -23.438 -0.025693
-7.8125 -22.656 0.076767
-7.8125 -21.875 0.099477
-7.8125 -21.094 0.081883
-7.8125 -20.313 0.013286
-7.8125 -19.531 -0.020512
-7.8125 -18.75 -0.080151
-7.8125 -17.969 -0.1119
-7.8125 -17.188 -0.045463
-7.8125 -16.406 0.0041013
-7.8125 -15.625 0.0022424
-7.8125 -14.844 -0.078911
-7.8125 -14.063 -0.068071
-7.8125 -13.281 -0.090711
-7.8125 -12.5 -0.034213
-7.8125 -11.719 -0.0033362
-7.8125 -10.938 0.011407
-7.8125 -10.156 -0.038544
-7.8125 -9.375 -0.057382
-7.8125 -8.5938 -0.014508
-7.8125 -7.8125 0.079002
-7.8125 -7.0313 0.19935
-7.8125 -6.25 0.09615
-7.8125 -5.4688 -0.023637
-7.8125 -4.6875 -0.008229
-7.8125 -3.9063 -0.0030135
-7.8125 -3.125 -0.027271
-7.8125 -2.3438 -0.0022613
-7.8125 -1.5625 0.065644
-7.8125 -0.78125 0.066043
-7.8125 0 0.062591
-7.8125 0.78125 0.10696
-7.8125 1.5625 0.01832
-7.8125 2.3438 -0.011136
-7.8125 3.125 -0.065031
-7.8125 3.9063 -0.12748
-7.8125 4.6875 -0.10269
-7.8125 5.4688 -0.07192
-7.8125 6.25 -0.011225
-7.8125 7.0313 0.045033
-7.8125 7.8125 0.066744
-7.8125 8.5938 0.014972
-7.8125 9.375 0.05404
-7.8125 10.156 0.12242
-7.8125 10.938 0.10515
-7.8125 11.719 0.028818
-7.8125 12.5 -0.083102
-7.8125 13.281 -0.21313
-7.8125 14.063 -0.1604
-7.8125 14.844 -0.029167
-7.8125 15.625 0.062499
-7.8125 16.406 0.14225
-7.8125 17.188 0.045515
-7.8125 17.969 -0.1023
-7.8125 18.75 -0.10899
-7.8125 19.531 -0.010913
-7.8125 20.313 0.10455
-7.8125 21.094 0.044592
-7.8125 21.875 -1.8109e-05
-7.8125 22.656 -0.069934
-7.8125 23.438 -0.15938
-7.8125 24.219 -0.11508
-7.8125 25 -0.057798
-7.0313 -24.219 -0.015437
-7.0313 -23.438 0.00012338
-7.0313 -22.656 0.083903
-7.0313 -21.875 0.081772
-7.0313 -21.094 0.078776
-7.0313 -20.313 0.039463
-7.0313 -19.531 0.012249
-7.0313 -18.75 -0.055722
-7.0313 -17.969 -0.08643
-7.0313 -17.188 -0.039023
-7.0313 -16.406 -0.0092349
-7.0313 -15.625 -0.09145
-7.0313 -14.844 -0.11593
-7.0313 -14.063 -0.063198
-7.0313 -13.281 -0.070386
-7.0313 -12.5 -0.058785
-7.0313 -11.719 -0.03802
-7.0313 -10.938 -0.0032575
-7.0313 -10.156 -0.042861
-7.0313 -9.375 -0.045815
-7.0313 -8.5938 -0.015021
-7.0313 -7.8125 0.087552
-7.0313 -7.0313 0.21087
-7.0313 -6.25 0.077153
-7.0313 -5.4688 -0.036105
-7.0313 -4.6875 -0.0060259
-7.0313 -3.9063 0.02823
-7.0313 -3.125 0.0060712
-7.0313 -2.3438 0.044727
-7.0313 -1.5625 0.057853
-7.0313 -0.78125 0.019438
-7.0313 0 0.069359
-7.0313 0.78125 0.056994
-7.0313 1.5625 0.024772
-7.0313 2.3438 0.0022415
-7.0313 3.125 -0.086156
-7.0313 3.9063 -0.11828
-7.0313 4.6875 -0.041074
-7.0313 5.4688 -0.014228
-7.0313 6.25 -0.0068457
-7.0313 7.0313 -0.011646
-7.0313 7.8125 0.025542
-7.0313 8.5938 0.016872
-7.0313 9.375 0.076688
-7.0313 10.156 0.17805
-7.0313 10.938 0.16679
-7.0313 11.719 0.071388
-7.0313 12.5 -0.073777
-7.0313 13.281 -0.21059
-7.0313 14.063 -0.17758
-7.0313 14.844 -0.0069381
-7.0313 15.625 0.05768
-7.0313 16.406 0.11189
-7.0313 17.188 0.0099134
-7.0313 17.969 -0.08316
-7.0313 18.75 -0.08861
-7.0313 19.531 0.01319
-7.0313 20.313 0.12382
-7.0313 21.094 0.035481
-7.0313 21.875 -0.027678
-7.0313 22.656 -0.095249
-7.0313 23.438 -0.12293
-7.0313 24.219 -0.1044
-7.0313 25 -0.045228
-6.25 -24.219 0.022263
-6.25 -23.438 0.031221
-6.25 -22.656 0.10112
-6.25 -21.875 0.11094
-6.25 -21.094 0.097608
-6.25 -20.313 0.066382
-6.25 -19.531 0.034149
-6.25 -18.75 -0.076381
-6.25 -17.969 -0.082024
-6.25 -17.188 -0.025372
-6.25 -16.406 -0.021287
-6.25 -15.625 -0.086767
-6.25 -14.844 -0.12544
-6.25 -14.063 -0.10754
-6.25 -13.281 -0.11215
-6.25 -12.5 -0.083391
-6.25 -11.719 -0.088097
-6.25 -10.938 -0.08703
-6.25 -10.156 -0.084055
-6.25 -9.375 -0.030051
-6.25 -8.5938 0.054289
-6.25 -7.8125 0.093292
-6.25 -7.0313 0.15693
-6.25 -6.25 0.065655
-6.25 -5.4688 0.0047712
-6.25 -4.6875 0.027198
-6.25 -3.9063 0.052958
-6.25 -3.125 0.021862
-6.25 -2.3438 0.029402
-6.25 -1.5625 0.050143
-6.25 -0.78125 -0.015165
-6.25 0 0.073542
-6.25 0.78125 0.035642
-6.25 1.5625 -0.0081871
-6.25 2.3438 -0.01147
-6.25 3.125 -0.10133
-6.25 3.9063 -0.10418
-6.25 4.6875 0.0097386
-6.25 5.4688 0.05964
-6.25 6.25 -0.034078
-6.25 7.0313 -0.045858
-6.25 7.8125 -0.007732
-6.25 8.5938 0.04005
-6.25 9.375 0.075575
-6.25 10.156 0.16166
-6.25 10.938 0.20488
-6.25 11.719 0.077521
-6.25 12.5 -0.0057529
-6.25 13.281 -0.14933
-6.25 14.063 -0.14732
-6.25 14.844 -0.047475
-6.25 15.625 0.018507
-6.25 16.406 0.063926
-6.25 17.188 -0.043784
-6.25 17.969 -0.088971
-6.25 18.75 -0.059316
-6.25 19.531 0.031799
-6.25 20.313 0.14943
-6.25 21.094 0.022623
-6.25 21.875 -0.059947
-6.25 22.656 -0.060868
-6.25 23.438 -0.09013
-6.25 24.219 -0.10663
-6.25 25 -0.010808
-5.4688 -24.219 0.018506
-5.4688 -23.438 0.065818
-5.4688 -22.656 0.10509
-5.4688 -21.875 0.12652
-5.4688 -21.094 0.11707
-5.4688 -20.313 0.11603
-5.4688 -19.531 0.070209
-5.4688 -18.75 -0.040469
-5.4688 -17.969 -0.032363
-5.4688 -17.188 -0.043804
-5.4688 -16.406 -0.081996
-5.4688 -15.625 -0.054645
-5.4688 -14.844 -0.092876
-5.4688 -14.063 -0.12987
-5.4688 -13.281 -0.091349
-5.4688 -12.5 -0.099514
-5.4688 -11.719 -0.058615
-5.4688 -10.938 -0.13302
-5.4688 -10.156 -0.10302
-5.4688 -9.375 -0.027268
-5.4688 -8.5938 0.11292
-5.4688 -7.8125 0.063885
-5.4688 -7.0313 0.035051
-5.4688 -6.25 0.090276
-5.4688 -5.4688 0.081558
-5.4688 -4.6875 0.077653
-5.4688 -3.9063 0.086115
-5.4688 -3.125 0.043294
-5.4688 -2.3438 0.012807
-5.4688 -1.5625 0.018041
-5.4688 -0.78125 -0.028154
-5.4688 0 0.05619
-5.4688 0.78125 0.035866
-5.4688 1.5625 0.027182
-5.4688 2.3438 0.010071
-5.4688 3.125 -0.077819
-5.4688 3.9063 -0.13118
-5.4688 4.6875 -0.0056921
-5.4688 5.4688 0.057194
-5.4688 6.25 0.0077588
-5.4688 7.0313 -0.0073463
-5.4688 7.8125 -0.042906
-5.4688 8.5938 0.014913
-5.4688 9.375 0.067763
-5.4688 10.156 0.18325
-5.4688 10.938 0.21144
-5.4688 11.719 0.096178
-5.4688 12.5 0.052223
-5.4688 13.281 -0.11605
-5.4688 14.063 -0.11736
-5.4688 14.844 -0.043742
-5.4688 15.625 -0.046431
-5.4688 16.406 -0.000949
-5.4688 17.188 -0.060799
-5.4688 17.969 -0.091761
-5.4688 18.75 -0.051765
-5.4688 19.531 0.0394
-5.4688 20.313 0.11658
-5.4688 21.094 0.041901
-5.4688 21.875 -0.053626
-5.4688 22.656 -0.064836
-5.4688 23.438 -0.048344
-5.4688 24.219 -0.084652
-5.4688 25 -0.028988
-4.6875 -24.219 0.027642
-4.6875 -23.438 0.074755
-4.6875 -22.656 0.12077
-4.6875 -21.875 0.15926
-4.6875 -21.094 0.15109
-4.6875 -20.313 0.12702
-4.6875 -19.531 0.051301
-4.6875 -18.75 0.042236
-4.6875 -17.969 -0.0092588
-4.6875 -17.188 -0.083564
-4.6875 -16.406 -0.087252
-4.6875 -15.625 -0.033407
-4.6875 -14.844 -0.03862
-4.6875 -14.063 -0.10404
-4.6875 -13.281 -0.062327
-4.6875 -12.5 -0.079484
-4.6875 -11.719 -0.045254
-4.6875 -10.938 -0.12863
-4.6875 -10.156 -0.15645
-4.6875 -9.375 -0.029833
-4.6875 -8.5938 0.07744
-4.6875 -7.8125 0.044184
-4.6875 -7.0313 -0.010374
-4.6875 -6.25 0.075035
-4.6875 -5.4688 0.087592
-4.6875 -4.6875 0.11076
-4.6875 -3.9063 0.14355
-4.6875 -3.125 0.043702
-4.6875 -2.3438 0.042618
-4.6875 -1.5625 0.0036654
-4.6875 -0.78125 -0.044014
-4.6875 0 0.016358
-4.6875 0.78125 0.034385
-4.6875 1.5625 0.055197
-4.6875 2.3438 0.053095
-4.6875 3.125 -0.070304
-4.6875 3.9063 -0.1334
-4.6875 4.6875 0.01466
-4.6875 5.4688 0.08786
-4.6875 6.25 0.041776
-4.6875 7.0313 0.013573
-4.6875 7.8125 -0.019134
-4.6875 8.5938 -0.031651
-4.6875 9.375 0.020925
-4.6875 10.156 0.14776
-4.6875 10.938 0.21512
-4.6875 11.719 0.14203
-4.6875 12.5 0.021819
-4.6875 13.281 -0.097554
-4.6875 14.063 -0.079635
-4.6875 14.844 -0.0060936
-4.6875 15.625 0.016796
-4.6875 16.406 -0.02751
-4.6875 17.188 -0.094934
-4.6875 17.969 -0.09667
-4.6875 18.75 -0.055895
-4.6875 19.531 0.041593
-4.6875 20.313 0.099555
-4.6875 21.094 0.009732
-4.6875 21.875 -0.05373
-4.6875 22.656 -0.029213
-4.6875 23.438 -0.0807
-4.6875 24.219 -0.093288
-4.6875 25 -0.022039
-3.9063 -24.219 0.017681
-3.9063 -23.438 0.019205
-3.9063 -22.656 0.066765
-3.9063 -21.875 0.13993
-3.9063 -21.094 0.16976
-3.9063 -20.313 0.11437
-3.9063 -19.531 0.083092
-3.9063 -18.75 0.069449
-3.9063 -17.969 -0.024299
-3.9063 -17.188 -0.064901
-3.9063 -16.406 -0.073567
-3.9063 -15.625 -0.0017885
-3.9063 -14.844 -0.033031
-3.9063 -14.063 -0.089642
-3.9063 -13.281 -0.047806
-3.9063 -12.5 -0.014872
-3.9063 -11.719 -0.055873
-3.9063 -10.938 -0.13964
-3.9063 -10.156 -0.15966
-3.9063 -9.375 -0.016789
-3.9063 -8.5938 0.053026
-3.9063 -7.8125 0.057543
-3.9063 -7.0313 -0.010188
-3.9063 -6.25 0.030514
-3.9063 -5.4688 0.079101
-3.9063 -4.6875 0.12252
-3.9063 -3.9063 0.14522
-3.9063 -3.125 0.082181
-3.9063 -2.3438 0.047629
-3.9063 -1.5625 -0.01673
-3.9063 -0.78125 -0.025964
-3.9063 0 -0.0096212
-3.9063 0.78125 -0.011664
-3.9063 1.5625 0.065993
-3.9063 2.3438 0.039334
-3.9063 3.125 -0.06082
-3.9063 3.9063 -0.10683
-3.9063 4.6875 0.029675
-3.9063 5.4688 0.092717
-3.9063 6.25 0.044223
-3.9063 7.0313 0.020043
-3.9063 7.8125 -0.014299
-3.9063 8.5938 -0.059096
-3.9063 9.375 0.025263
-3.9063 10.156 0.12458
-3.9063 10.938 0.20211
-3.9063 11.719 0.14227
-3.9063 12.5 -0.01886
-3.9063 13.281 -0.053073
-3.9063 14.063 -0.01634
-3.9063 14.844 0.02466
-3.9063 15.625 0.054108
-3.9063 16.406 -0.030992
-3.9063 17.188 -0.11701
-3.9063 17.969 -0.10803
-3.9063 18.75 -0.032136
-3.9063 19.531 0.0076825
-3.9063 20.313 0.043823
-3.9063 21.094 -0.016108
-3.9063 21.875 -0.012092
-3.9063 22.656 -0.0031893
-3.9063 23.438 -0.079514
-3.9063 24.219 -0.027137
-3.9063 25 0.030839
-3.125 -24.219 -0.0088386
-3.125 -23.438 -0.0374
-3.125 -22.656 0.03803
-3.125 -21.875 0.14546
-3.125 -21.094 0.13473
-3.125 -20.313 0.096003
-3.125 -19.531 0.066298
-3.125 -18.75 0.044468
-3.125 -17.969 -0.0067635
-3.125 -17.188 -0.070877
-3.125 -16.406 -0.058828
-3.125 -15.625 0.002876
-3.125 -14.844 -0.035304
-3.125 -14.063 -0.060774
-3.125 -13.281 -0.018526
-3.125 -12.5 -0.016474
-3.125 -11.719 -0.078628
-3.125 -10.938 -0.081704
-3.125 -10.156 -0.098023
-3.125 -9.375 -0.01823
-3.125 -8.5938 0.071064
-3.125 -7.8125 0.051892
-3.125 -7.0313 -0.019685
-3.125 -6.25 -0.027715
-3.125 -5.4688 0.058215
-3.125 -4.6875 0.10749
-3.125 -3.9063 0.12991
-3.125 -3.125 0.099698
-3.125 -2.3438 0.012448
-3.125 -1.5625 -0.049477
-3.125 -0.78125 -0.016092
-3.125 0 0.013256
-3.125 0.78125 -0.030054
-3.125 1.5625 0.019343
-3.125 2.3438 -0.040177
-3.125 3.125 -0.053236
-3.125 3.9063 -0.055298
-3.125 4.6875 0.018407
-3.125 5.4688 0.097658
-3.125 6.25 0.041401
-3.125 7.0313 -0.0066945
-3.125 7.8125 -0.025544
-3.125 8.5938 -0.057854
-3.125 9.375 0.012534
-3.125 10.156 0.071997
-3.125 10.938 0.13158
-3.125 11.719 0.12728
-3.125 12.5 0.06562
-3.125 13.281 -0.048683
-3.125 14.063 -0.035993
-3.125 14.844 -0.0099891
-3.125 15.625 0.032335
-3.125 16.406 -0.010347
-3.125 17.188 -0.042033
-3.125 17.969 -0.048444
-3.125 18.75 -0.025459
-3.125 19.531 -0.039462
-3.125 20.313 0.0020788
-3.125 21.094 -0.037934
-3.125 21.875 0.016301
-3.125 22.656 0.035677
-3.125 23.438 -0.046488
-3.125 24.219 -0.0071602
-3.125 25 0.056237
-2.3438 -24.219 -0.034004
-2.3438 -23.438 -0.0044238
-2.3438 -22.656 0.079043
-2.3438 -21.875 0.1119
-2.3438 -21.094 0.094621
-2.3438 -20.313 0.05899
-2.3438 -19.531 0.029582
-2.3438 -18.75 0.036969
-2.3438 -17.969 -0.0049797
-2.3438 -17.188 -0.06253
-2.3438 -16.406 -0.10032
-2.3438 -15.625 -0.036127
-2.3438 -14.844 -0.0018667
-2.3438 -14.063 -0.00096864
-2.3438 -13.281 -0.033478
-2.3438 -12.5 -0.039611
-2.3438 -11.719 -0.060195
-2.3438 -10.938 -0.066424
-2.3438 -10.156 -0.047321
-2.3438 -9.375 0.05013
-2.3438 -8.5938 0.070328
-2.3438 -7.8125 0.0045
-2.3438 -7.0313 -0.025513
-2.3438 -6.25 0.01614
-2.3438 -5.4688 0.049442
-2.3438 -4.6875 0.096258
-2.3438 -3.9063 0.12488
-2.3438 -3.125 0.03715
-2.3438 -2.3438 -0.053055
-2.3438 -1.5625 -0.055493
-2.3438 -0.78125 -0.017744
-2.3438 0 0.024858
-2.3438 0.78125 0.039285
-2.3438 1.5625 0.019428
-2.3438 2.3438 -0.07051
-2.3438 3.125 -0.083485
-2.3438 3.9063 -0.035034
-2.3438 4.6875 0.057215
-2.3438 5.4688 0.082658
-2.3438 6.25 0.0023911
-2.3438 7.0313 -0.036765
-2.3438 7.8125 0.0081418
-2.3438 8.5938 -0.054722
-2.3438 9.375 -0.032245
-2.3438 10.156 0.01856
-2.3438 10.938 0.077361
-2.3438 11.719 0.1523
-2.3438 12.5 0.062928
-2.3438 13.281 -0.053276
-2.3438 14.063 -0.049804
-2.3438 14.844 -0.012882
-2.3438 15.625 0.0011579
-2.3438 16.406 0.034886
-2.3438 17.188 0.027718
-2.3438 17.969 -0.030021
-2.3438 18.75 -0.026755
-2.3438 19.531 -0.045856
-2.3438 20.313 -0.0049395
-2.3438 21.094 -0.029312
-2.3438 21.875 -0.0072886
-2.3438 22.656 0.060482
-2.3438 23.438 0.00087034
-2.3438 24.219 0.023833
-2.3438 25 0.0030887
-1.5625 -24.219 -0.064625
-1.5625 -23.438 0.053675
-1.5625 -22.656 0.089856
-1.5625 -21.875 0.054361
-1.5625 -21.094 0.070181
-1.5625 -20.313 0.010037
-1.5625 -19.531 0.020373
-1.5625 -18.75 0.027852
-1.5625 -17.969 -0.011872
-1.5625 -17.188 -0.082123
-1.5625 -16.406 -0.083963
-1.5625 -15.625 -0.046179
-1.5625 -14.844 0.017933
-1.5625 -14.063 -0.023244
-1.5625 -13.281 -0.060598
-1.5625 -12.5 -0.087413
-1.5625 -11.719 -0.038825
-1.5625 -10.938 0.0041294
-1.5625 -10.156 0.020046
-1.5625 -9.375 0.12266
-1.5625 -8.5938 0.046746
-1.5625 -7.8125 -0.031128
-1.5625 -7.0313 -0.027459
-1.5625 -6.25 0.052182
-1.5625 -5.4688 0.05502
-1.5625 -4.6875 0.094688
-1.5625 -3.9063 0.097353
-1.5625 -3.125 -0.037855
-1.5625 -2.3438 -0.12524
-1.5625 -1.5625 -0.10398
-1.5625 -0.78125 -0.018409
-1.5625 0 0.050038
-1.5625 0.78125 0.066812
-1.5625 1.5625 0.011041
-1.5625 2.3438 -0.045796
-1.5625 3.125 -0.088473
-1.5625 3.9063 -0.08544
-1.5625 4.6875 0.024687
-1.5625 5.4688 0.089372
-1.5625 6.25 -0.010258
-1.5625 7.0313 -0.05535
-1.5625 7.8125 0.0097614
-1.5625 8.5938 -0.058977
-1.5625 9.375 -0.056641
-1.5625 10.156 0.024137
-1.5625 10.938 0.082751
-1.5625 11.719 0.11217
-1.5625 12.5 0.035185
-1.5625 13.281 -0.069203
-1.5625 14.063 -0.04079
-1.5625 14.844 0.016107
-1.5625 15.625 0.038909
-1.5625 16.406 0.076
-1.5625 17.188 0.044195
-1.5625 17.969 -0.0059481
-1.5625 18.75 -0.011262
-1.5625 19.531 -0.047125
-1.5625 20.313 -0.014072
-1.5625 21.094 -0.01921
-1.5625 21.875 -0.0070036
-1.5625 22.656 0.077673
-1.5625 23.438 0.014417
-1.5625 24.219 0.02127
-1.5625 25 -0.050167
-0.78125 -24.219 -0.075112
-0.78125 -23.438 0.040631
-0.78125 -22.656 0.073837
-0.78125 -21.875 0.048753
-0.78125 -21.094 0.027574
-0.78125 -20.313 0.00054796
-0.78125 -19.531 -0.0040287
-0.78125 -18.75 -0.00093886
-0.78125 -17.969 -0.002192
-0.78125 -17.188 -0.068613
-0.78125 -16.406 -0.094419
-0.78125 -15.625 -0.013307
-0.78125 -14.844 0.049183
-0.78125 -14.063 -0.038385
-0.78125 -13.281 -0.086189
-0.78125 -12.5 -0.080136
-0.78125 -11.719 -0.04872
-0.78125 -10.938 0.031057
-0.78125 -10.156 0.11445
-0.78125 -9.375 0.12084
-0.78125 -8.5938 0.033551
-0.78125 -7.8125 -0.034279
-0.78125 -7.0313 -0.02336
-0.78125 -6.25 0.030544
-0.78125 -5.4688 0.099928
-0.78125 -4.6875 0.14118
-0.78125 -3.9063 0.0061608
-0.78125 -3.125 -0.076772
-0.78125 -2.3438 -0.12358
-0.78125 -1.5625 -0.1015
-0.78125 -0.78125 -0.0084758
-0.78125 0 0.045994
-0.78125 0.78125 0.031405
-0.78125 1.5625 -3.5898e-05
-0.78125 2.3438 -0.027076
-0.78125 3.125 -0.1285
-0.78125 3.9063 -0.10142
-0.78125 4.6875 -0.029958
-0.78125 5.4688 0.022692
-0.78125 6.25 -0.040568
-0.78125 7.0313 -0.057002
-0.78125 7.8125 -0.025368
-0.78125 8.5938 -0.038462
-0.78125 9.375 -0.057134
-0.78125 10.156 0.010738
-0.78125 10.938 0.073775
-0.78125 11.719 0.082278
-0.78125 12.5 -0.020889
-0.78125 13.281 -0.097053
-0.78125 14.063 -0.027903
-0.78125 14.844 0.037695
-0.78125 15.625 0.025605
-0.78125 16.406 0.043637
-0.78125 17.188 0.068054
-0.78125 17.969 0.021481
-0.78125 18.75 -0.061488
-0.78125 19.531 -0.075309
-0.78125 20.313 0.0028101
-0.78125 21.094 0.0091545
-0.78125 21.875 0.017188
-0.78125 22.656 0.044915
-0.78125 23.438 0.0053206
-0.78125 24.219 -0.0082873
-0.78125 25 -0.034921
0 -24.219 -0.039829
0 -23.438 -0.0024079
0 -22.656 0.00012082
0 -21.875 0.0061673
0 -21.094 -0.010148
0 -20.313 0.020415
0 -19.531 -0.032275
0 -18.75 -0.010128
0 -17.969 0.020954
0 -17.188 0.0010585
0 -16.406 -0.061354
0 -15.625 -0.047064
0 -14.844 0.030987
0 -14.063 -0.057059
0 -13.281 -0.11775
0 -12.5 -0.064271
0 -11.719 -0.030638
0 -10.938 0.03898
0 -10.156 0.12599
0 -9.375 0.15392
0 -8.5938 0.063116
0 -7.8125 -0.03738
0 -7.0313 -0.08028
0 -6.25 0.035145
0 -5.4688 0.13051
0 -4.6875 0.13947
0 -3.9063 -0.026625
0 -3.125 -0.089487
0 -2.3438 -0.082895
0 -1.5625 -0.055085
0 -0.78125 -0.0041091
0 0 0.037182
0 0.78125 0.0305
0 1.5625 -0.024978
0 2.3438 -0.029088
0 3.125 -0.15702
0 3.9063 -0.12582
0 4.6875 -0.062633
0 5.4688 -0.029951
0 6.25 -0.046945
0 7.0313 -0.076339
0 7.8125 -0.023986
0 8.5938 -0.011119
0 9.375 -0.04525
0 10.156 0.013014
0 10.938 0.071555
0 11.719 0.066539
0 12.5 -0.04236
0 13.281 -0.10473
0 14.063 -0.019865
0 14.844 0.053745
0 15.625 0.020723
0 16.406 0.05942
0 17.188 0.093215
0 17.969 0.023566
0 18.75 -0.050768
0 19.531 -0.085197
0 20.313 -0.026275
0 21.094 0.025707
0 21.875 -0.0018052
0 22.656 0.053303
0 23.438 -0.0055087
0 24.219 -0.027309
0 25 -0.10587
0.78125 -24.219 -0.064172
0.78125 -23.438 -0.055678
0.78125 -22.656 -0.053346
0.78125 -21.875 -0.023412
0.78125 -21.094 0.028224
0.78125 -20.313 0.032639
0.78125 -19.531 -0.027583
0.78125 -18.75 -0.057928
0.78125 -17.969 0.037616
0.78125 -17.188 0.034332
0.78125 -16.406 -0.048557
0.78125 -15.625 -0.077006
0.78125 -14.844 0.038628
0.78125 -14.063 -0.052957
0.78125 -13.281 -0.09685
0.78125 -12.5 -0.056122
0.78125 -11.719 -0.048007
0.78125 -10.938 0.057378
0.78125 -10.156 0.098208
0.78125 -9.375 0.15259
0.78125 -8.5938 0.10886
0.78125 -7.8125 -0.033127
0.78125 -7.0313 -0.10044
0.78125 -6.25 0.024355
0.78125 -5.4688 0.10166
0.78125 -4.6875 0.098994
0.78125 -3.9063 -0.012308
0.78125 -3.125 -0.070173
0.78125 -2.3438 -0.060185
0.78125 -1.5625 -0.018661
0.78125 -0.78125 -0.0013915
0.78125 0 0.01231
0.78125 0.78125 0.025145
0.78125 1.5625 -0.0051961
0.78125 2.3438 -0.015681
0.78125 3.125 -0.078414
0.78125 3.9063 -0.13198
0.78125 4.6875 -0.10552
0.78125 5.4688 -0.052703
0.78125 6.25 -0.063231
0.78125 7.0313 -0.084399
0.78125 7.8125 -0.019523
0.78125 8.5938 0.00055689
0.78125 9.375 0.0058207
0.78125 10.156 0.045786
0.78125 10.938 0.094291
0.78125 11.719 0.038656
0.78125 12.5 -0.034789
0.78125 13.281 -0.15792
0.78125 14.063 -0.065513
0.78125 14.844 0.05299
0.78125 15.625 0.079471
0.78125 16.406 0.097376
0.78125 17.188 0.098139
0.78125 17.969 0.025762
0.78125 18.75 -0.051062
0.78125 19.531 -0.090305
0.78125 20.313 -0.063435
0.78125 21.094 -0.038405
0.78125 21.875 0.00078835
0.78125 22.656 0.029903
0.78125 23.438 0.0029338
0.78125 24.219 -0.042873
0.78125 25 -0.11338
1.5625 -24.219 -0.088774
1.5625 -23.438 -0.10969
1.5625 -22.656 -0.054646
1.5625 -21.875 -0.049245
1.5625 -21.094 0.0058137
1.5625 -20.313 0.0015601
1.5625 -19.531 0.0034106
1.5625 -18.75 -0.019198
1.5625 -17.969 0.070024
1.5625 -17.188 0.066221
1.5625 -16.406 0.0079948
1.5625 -15.625 -0.0053446
1.5625 -14.844 0.045011
1.5625 -14.063 0.0085904
1.5625 -13.281 -0.043531
1.5625 -12.5 -0.030766
1.5625 -11.719 -0.04956
1.5625 -10.938 0.047357
1.5625 -10.156 0.089878
1.5625 -9.375 0.12204
1.5625 -8.5938 0.084528
1.5625 -7.8125 -0.028
1.5625 -7.0313 -0.063762
1.5625 -6.25 -0.023083
1.5625 -5.4688 0.038472
1.5625 -4.6875 0.096058
1.5625 -3.9063 0.084346
1.5625 -3.125 0.065389
1.5625 -2.3438 -0.054644
1.5625 -1.5625 -0.022354
1.5625 -0.78125 -0.02168
1.5625 0 -0.059858
1.5625 0.78125 0.010236
1.5625 1.5625 0.015132
1.5625 2.3438 -0.0097834
1.5625 3.125 -0.047
1.5625 3.9063 -0.12986
1.5625 4.6875 -0.11055
1.5625 5.4688 -0.071839
1.5625 6.25 -0.057636
1.5625 7.0313 -0.030814
1.5625 7.8125 -0.023109
1.5625 8.5938 -0.0056993
1.5625 9.375 0.043219
1.5625 10.156 0.047888
1.5625 10.938 0.054947
1.5625 11.719 0.043759
1.5625 12.5 -0.057696
1.5625 13.281 -0.13128
1.5625 14.063 -0.10119
1.5625 14.844 0.039421
1.5625 15.625 0.10179
1.5625 16.406 0.08719
1.5625 17.188 0.1119
1.5625 17.969 0.054954
1.5625 18.75 -0.039098
1.5625 19.531 -0.096516
1.5625 20.313 -0.069996
1.5625 21.094 -0.10195
1.5625 21.875 0.0049623
1.5625 22.656 0.047151
1.5625 23.438 -0.0047633
1.5625 24.219 -0.083218
1.5625 25 -0.078715
2.3438 -24.219 -0.064729
2.3438 -23.438 -0.12256
2.3438 -22.656 -0.061436
2.3438 -21.875 -0.061484
2.3438 -21.094 -0.029589
2.3438 -20.313 -0.043156
2.3438 -19.531 -0.0056105
2.3438 -18.75 -0.0076799
2.3438 -17.969 0.047765
2.3438 -17.188 0.067402
2.3438 -16.406 0.078844
2.3438 -15.625 0.050797
2.3438 -14.844 0.032317
2.3438 -14.063 0.022431
2.3438 -13.281 0.021368
2.3438 -12.5 -0.023974
2.3438 -11.719 -0.070242
2.3438 -10.938 -0.037307
2.3438 -10.156 0.081699
2.3438 -9.375 0.13506
2.3438 -8.5938 0.087838
2.3438 -7.8125 -0.003204
2.3438 -7.0313 -0.052054
2.3438 -6.25 -0.061157
2.3438 -5.4688 0.010015
2.3438 -4.6875 0.071778
2.3438 -3.9063 0.11151
2.3438 -3.125 0.12731
2.3438 -2.3438 0.039019
2.3438 -1.5625 -0.025826
2.3438 -0.78125 -0.09152
2.3438 0 -0.11801
2.3438 0.78125 -0.0046855
2.3438 1.5625 0.05287
2.3438 2.3438 0.065768
2.3438 3.125 -0.017876
2.3438 3.9063 -0.13413
2.3438 4.6875 -0.12411
2.3438 5.4688 -0.081554
2.3438 6.25 -0.024212
2.3438 7.0313 -0.026198
2.3438 7.8125 -0.0052865
2.3438 8.5938 0.017269
2.3438 9.375 0.087564
2.3438 10.156 0.09083
2.3438 10.938 0.051906
2.3438 11.719 0.056174
2.3438 12.5 -0.038429
2.3438 13.281 -0.12972
2.3438 14.063 -0.12335
2.3438 14.844 0.031334
2.3438 15.625 0.078604
2.3438 16.406 0.092037
2.3438 17.188 0.10932
2.3438 17.969 0.040574
2.3438 18.75 -0.041558
2.3438 19.531 -0.033139
2.3438 20.313 -0.026768
2.3438 21.094 -0.1085
2.3438 21.875 0.0095589
2.3438 22.656 0.038625
2.3438 23.438 -0.036526
2.3438 24.219 -0.073401
2.3438 25 -0.089389
3.125 -24.219 -0.035098
3.125 -23.438 -0.12062
3.125 -22.656 -0.084471
3.125 -21.875 -0.062174
3.125 -21.094 -0.035356
3.125 -20.313 -0.051442
3.125 -19.531 -0.058502
3.125 -18.75 -0.03981
3.125 -17.969 0.052194
3.125 -17.188 0.04018
3.125 -16.406 0.06971
3.125 -15.625 0.077673
3.125 -14.844 0.065991
3.125 -14.063 -0.0044792
3.125 -13.281 0.040013
3.125 -12.5 0.0025374
3.125 -11.719 -0.074597
3.125 -10.938 -0.037965
3.125 -10.156 0.091487
3.125 -9.375 0.13373
3.125 -8.5938 0.078756
3.125 -7.8125 -0.0143
3.125 -7.0313 -0.04842
3.125 -6.25 -0.039614
3.125 -5.4688 0.017689
3.125 -4.6875 0.070974
3.125 -3.9063 0.10496
3.125 -3.125 0.1415
3.125 -2.3438 0.12197
3.125 -1.5625 -0.050592
3.125 -0.78125 -0.13043
3.125 0 -0.11943
3.125 0.78125 -0.02791
3.125 1.5625 0.044089
3.125 2.3438 0.15534
3.125 3.125 0.016206
3.125 3.9063 -0.081984
3.125 4.6875 -0.14484
3.125 5.4688 -0.11563
3.125 6.25 -0.030061
3.125 7.0313 0.008277
3.125 7.8125 0.0017588
3.125 8.5938 -0.0001127
3.125 9.375 0.079535
3.125 10.156 0.08705
3.125 10.938 0.063828
3.125 11.719 0.041517
3.125 12.5 -0.045954
3.125 13.281 -0.1218
3.125 14.063 -0.086817
3.125 14.844 0.052016
3.125 15.625 0.030695
3.125 16.406 0.041261
3.125 17.188 0.05782
3.125 17.969 0.03579
3.125 18.75 0.026344
3.125 19.531 0.049196
3.125 20.313 -0.0083021
3.125 21.094 -0.067856
3.125 21.875 0.0042716
3.125 22.656 0.0026103
3.125 23.438 -0.039467
3.125 24.219 -0.018215
3.125 25 -0.074612
3.9063 -24.219 -0.017746
3.9063 -23.438 -0.086531
3.9063 -22.656 -0.11894
3.9063 -21.875 -0.036465
3.9063 -21.094 -0.0015869
3.9063 -20.313 -0.025894
3.9063 -19.531 -0.12939
3.9063 -18.75 -0.089553
3.9063 -17.969 -0.027386
3.9063 -17.188 0.0413
3.9063 -16.406 0.048855
3.9063 -15.625 0.10356
3.9063 -14.844 0.058483
3.9063 -14.063 0.043522
3.9063 -13.281 0.096942
3.9063 -12.5 0.0011445
3.9063 -11.719 -0.079582
3.9063 -10.938 0.040181
3.9063 -10.156 0.10847
3.9063 -9.375 0.11005
3.9063 -8.5938 -0.01926
3.9063 -7.8125 -0.05272
3.9063 -7.0313 -0.056621
3.9063 -6.25 -0.030893
3.9063 -5.4688 0.039304
3.9063 -4.6875 0.057089
3.9063 -3.9063 0.064731
3.9063 -3.125 0.13663
3.9063 -2.3438 0.11463
3.9063 -1.5625 -0.025738
3.9063 -0.78125 -0.10572
3.9063 0 -0.099578
3.9063 0.78125 -0.0063441
3.9063 1.5625 0.055248
3.9063 2.3438 0.16084
3.9063 3.125 0.03921
3.9063 3.9063 -0.064995
3.9063 4.6875 -0.13967
3.9063 5.4688 -0.169
3.9063 6.25 -0.014423
3.9063 7.0313 0.078406
3.9063 7.8125 0.0068625
3.9063 8.5938 0.00054905
3.9063 9.375 0.052412
3.9063 10.156 0.083249
3.9063 10.938 0.053541
3.9063 11.719 -0.01956
3.9063 12.5 -0.051855
3.9063 13.281 -0.064026
3.9063 14.063 0.0073107
3.9063 14.844 0.050016
3.9063 15.625 -0.014397
3.9063 16.406 0.021133
3.9063 17.188 0.0034764
3.9063 17.969 0.029504
3.9063 18.75 0.047987
3.9063 19.531 0.056595
3.9063 20.313 -0.018318
3.9063 21.094 0.0053821
3.9063 21.875 0.0063028
3.9063 22.656 -0.028676
3.9063 23.438 0.010388
3.9063 24.219 0.024119
3.9063 25 -0.025166
4.6875 -24.219 0.015823
4.6875 -23.438 -0.00044458
4.6875 -22.656 -0.052309
4.6875 -21.875 0.0015156
4.6875 -21.094 0.025455
4.6875 -20.313 -0.056801
4.6875 -19.531 -0.17007
4.6875 -18.75 -0.11743
4.6875 -17.969 -0.10008
4.6875 -17.188 0.0039164
4.6875 -16.406 0.045601
4.6875 -15.625 0.081121
4.6875 -14.844 0.04022
4.6875 -14.063 0.015998
4.6875 -13.281 0.062847
4.6875 -12.5 -0.0066929
4.6875 -11.719 -0.074075
4.6875 -10.938 0.054844
4.6875 -10.156 0.17273
4.6875 -9.375 0.056125
4.6875 -8.5938 -0.076643
4.6875 -7.8125 -0.055877
4.6875 -7.0313 -0.048151
4.6875 -6.25 -0.086697
4.6875 -5.4688 -0.056056
4.6875 -4.6875 -0.027854
4.6875 -3.9063 0.042195
4.6875 -3.125 0.12213
4.6875 -2.3438 0.10351
4.6875 -1.5625 -0.020345
4.6875 -0.78125 -0.066431
4.6875 0 -0.081056
4.6875 0.78125 -0.040642
4.6875 1.5625 0.064644
4.6875 2.3438 0.11909
4.6875 3.125 0.0037091
4.6875 3.9063 -0.057852
4.6875 4.6875 -0.13323
4.6875 5.4688 -0.13349
4.6875 6.25 0.01423
4.6875 7.0313 0.050643
4.6875 7.8125 8.5079e-05
4.6875 8.5938 0.023184
4.6875 9.375 0.08809
4.6875 10.156 0.061087
4.6875 10.938 0.040634
4.6875 11.719 -0.023891
4.6875 12.5 -0.084051
4.6875 13.281 -0.0065573
4.6875 14.063 0.10075
4.6875 14.844 0.013231
4.6875 15.625 -0.021681
4.6875 16.406 -0.055314
4.6875 17.188 -0.022364
4.6875 17.969 -0.0044173
4.6875 18.75 0.034529
4.6875 19.531 0.065583
4.6875 20.313 0.033317
4.6875 21.094 0.05548
4.6875 21.875 0.022919
4.6875 22.656 -0.069483
4.6875 23.438 -0.016257
4.6875 24.219 0.05783
4.6875 25 0.03764
5.4688 -24.219 0.0082308
5.4688 -23.438 0.048961
5.4688 -22.656 0.05361
5.4688 -21.875 0.065405
5.4688 -21.094 0.079773
5.4688 -20.313 -0.05513
5.4688 -19.531 -0.16982
5.4688 -18.75 -0.1076
5.4688 -17.969 -0.1237
5.4688 -17.188 -0.03264
5.4688 -16.406 0.037495
5.4688 -15.625 0.053168
5.4688 -14.844 0.060221
5.4688 -14.063 -0.076982
5.4688 -13.281 -0.00641
5.4688 -12.5 -0.045171
5.4688 -11.719 -0.064353
5.4688 -10.938 0.1019
5.4688 -10.156 0.1612
5.4688 -9.375 0.0412
5.4688 -8.5938 -0.043986
5.4688 -7.8125 -0.053727
5.4688 -7.0313 -0.082324
5.4688 -6.25 -0.086914
5.4688 -5.4688 -0.10734
5.4688 -4.6875 -0.11052
5.4688 -3.9063 0.014092
5.4688 -3.125 0.11659
5.4688 -2.3438 0.080016
5.4688 -1.5625 -0.023912
5.4688 -0.78125 -0.010178
5.4688 0 -0.035309
5.4688 0.78125 -0.017301
5.4688 1.5625 0.022547
5.4688 2.3438 0.069067
5.4688 3.125 -0.040834
5.4688 3.9063 -0.05502
5.4688 4.6875 -0.10273
5.4688 5.4688 -0.05504
5.4688 6.25 0.041649
5.4688 7.0313 0.080309
5.4688 7.8125 0.056951
5.4688 8.5938 -0.0064906
5.4688 9.375 0.05137
5.4688 10.156 0.030469
5.4688 10.938 -0.0065821
5.4688 11.719 -0.066395
5.4688 12.5 -0.07606
5.4688 13.281 0.026194
5.4688 14.063 0.1382
5.4688 14.844 0.081255
5.4688 15.625 -0.012145
5.4688 16.406 -0.080218
5.4688 17.188 -0.13155
5.4688 17.969 -0.11425
5.4688 18.75 -0.0065981
5.4688 19.531 0.079064
5.4688 20.313 0.04345
5.4688 21.094 0.12449
5.4688 21.875 0.015964
5.4688 22.656 -0.04546
5.4688 23.438 0.018622
5.4688 24.219 0.088527
5.4688 25 0.02658
6.25 -24.219 0.019259
6.25 -23.438 0.072986
6.25 -22.656 0.12969
6.25 -21.875 0.13813
6.25 -21.094 0.046272
6.25 -20.313 -0.047622
6.25 -19.531 -0.12045
6.25 -18.75 -0.093338
6.25 -17.969 -0.061441
6.25 -17.188 -0.015467
6.25 -16.406 0.056959
6.25 -15.625 0.071671
6.25 -14.844 0.048956
6.25 -14.063 -0.090699
6.25 -13.281 -0.077964
6.25 -12.5 -0.11243
6.25 -11.719 -0.070781
6.25 -10.938 0.084482
6.25 -10.156 0.13288
6.25 -9.375 0.02916
6.25 -8.5938 -0.047355
6.25 -7.8125 -0.028973
6.25 -7.0313 -0.077643
6.25 -6.25 -0.10912
6.25 -5.4688 -0.10569
6.25 -4.6875 -0.12641
6.25 -3.9063 -0.011623
6.25 -3.125 0.08977
6.25 -2.3438 0.0089121
6.25 -1.5625 -0.035873
6.25 -0.78125 -0.010626
6.25 0 0.025083
6.25 0.78125 0.0097804
6.25 1.5625 0.029129
6.25 2.3438 0.015754
6.25 3.125 -0.087684
6.25 3.9063 -0.10923
6.25 4.6875 -0.06405
6.25 5.4688 0.010269
6.25 6.25 0.078098
6.25 7.0313 0.10288
6.25 7.8125 0.080654
6.25 8.5938 0.038968
6.25 9.375 0.014632
6.25 10.156 -0.047058
6.25 10.938 -0.032481
6.25 11.719 -0.04997
6.25 12.5 -0.034961
6.25 13.281 0.049879
6.25 14.063 0.13136
6.25 14.844 0.084984
6.25 15.625 -0.0046865
6.25 16.406 -0.10307
6.25 17.188 -0.25045
6.25 17.969 -0.17818
6.25 18.75 0.013453
6.25 19.531 0.057041
6.25 20.313 0.065131
6.25 21.094 0.084337
6.25 21.875 -0.032001
6.25 22.656 -0.042001
6.25 23.438 0.037834
6.25 24.219 0.054913
6.25 25 0.044533
7.0313 -24.219 0.077399
7.0313 -23.438 0.085194
7.0313 -22.656 0.15722
7.0313 -21.875 0.15086
7.0313 -21.094 0.012087
7.0313 -20.313 -0.044177
7.0313 -19.531 -0.1053
7.0313 -18.75 -0.043886
7.0313 -17.969 0.016709
7.0313 -17.188 0.034907
7.0313 -16.406 0.057183
7.0313 -15.625 0.057955
7.0313 -14.844 0.047396
7.0313 -14.063 -0.030121
7.0313 -13.281 -0.10442
7.0313 -12.5 -0.17274
7.0313 -11.719 -0.028083
7.0313 -10.938 0.076744
7.0313 -10.156 0.10443
7.0313 -9.375 9.7603e-05
7.0313 -8.5938 -0.069302
7.0313 -7.8125 -0.022273
7.0313 -7.0313 -0.09312
7.0313 -6.25 -0.13133
7.0313 -5.4688 -0.13161
7.0313 -4.6875 -0.13608
7.0313 -3.9063 0.011279
7.0313 -3.125 0.09
7.0313 -2.3438 0.014714
7.0313 -1.5625 -0.012205
7.0313 -0.78125 -0.0019124
7.0313 0 0.02266
7.0313 0.78125 0.061069
7.0313 1.5625 -0.024173
7.0313 2.3438 -0.024066
7.0313 3.125 -0.073766
7.0313 3.9063 -0.10745
7.0313 4.6875 -0.085171
7.0313 5.4688 0.044095
7.0313 6.25 0.11665
7.0313 7.0313 0.076299
7.0313 7.8125 0.065101
7.0313 8.5938 0.10133
7.0313 9.375 -0.013768
7.0313 10.156 -0.077729
7.0313 10.938 -0.073017
7.0313 11.719 -0.015181
7.0313 12.5 0.024141
7.0313 13.281 0.10903
7.0313 14.063 0.11709
7.0313 14.844 0.074356
7.0313 15.625 -0.051102
7.0313 16.406 -0.20344
7.0313 17.188 -0.28514
7.0313 17.969 -0.15442
7.0313 18.75 0.044848
7.0313 19.531 0.065704
7.0313 20.313 0.0060295
7.0313 21.094 -0.041123
7.0313 21.875 -0.064428
7.0313 22.656 -0.039905
7.0313 23.438 0.019021
7.0313 24.219 0.049329
7.0313 25 0.056903
7.8125 -24.219 0.093329
7.8125 -23.438 0.096827
7.8125 -22.656 0.10296
7.8125 -21.875 0.10019
7.8125 -21.094 0.023146
7.8125 -20.313 0.0083051
7.8125 -19.531 -0.053193
7.8125 -18.75 -0.006436
7.8125 -17.969 0.039182
7.8125 -17.188 0.076373
7.8125 -16.406 0.037588
7.8125 -15.625 0.037866
7.8125 -14.844 0.012797
7.8125 -14.063 -0.01538
7.8125 -13.281 -0.12949
7.8125 -12.5 -0.12628
7.8125 -11.719 0.00088179
7.8125 -10.938 0.091719
7.8125 -10.156 0.094675
7.8125 -9.375 -0.014756
7.8125 -8.5938 -0.071199
7.8125 -7.8125 0.031193
7.8125 -7.0313 -0.067063
7.8125 -6.25 -0.14892
7.8125 -5.4688 -0.11634
7.8125 -4.6875 -0.09267
7.8125 -3.9063 -0.029798
7.8125 -3.125 0.061502
7.8125 -2.3438 0.090092
7.8125 -1.5625 0.06143
7.8125 -0.78125 0.019394
7.8125 0 0.039886
7.8125 0.78125 0.05172
7.8125 1.5625 -0.035912
7.8125 2.3438 -0.02657
7.8125 3.125 -0.074806
7.8125 3.9063 -0.03215
7.8125 4.6875 -0.066395
7.8125 5.4688 0.027069
7.8125 6.25 0.096605
7.8125 7.0313 0.057995
7.8125 7.8125 0.095111
7.8125 8.5938 0.081464
7.8125 9.375 0.0026356
7.8125 10.156 -0.052214
7.8125 10.938 -0.073462
7.8125 11.719 0.021232
7.8125 12.5 0.078983
7.8125 13.281 0.11171
7.8125 14.063 0.18094
7.8125 14.844 0.078814
7.8125 15.625 -0.11543
7.8125 16.406 -0.26396
7.8125 17.188 -0.26809
7.8125 17.969 -0.12073
7.8125 18.75 -0.011769
7.8125 19.531 0.048614
7.8125 20.313 -0.044243
7.8125 21.094 -0.12208
7.8125 21.875 -0.11538
7.8125 22.656 -0.057287
7.8125 23.438 0.057941
7.8125 24.219 0.08182
7.8125 25 0.038494
8.5938 -24.219 0.035191
8.5938 -23.438 0.014279
8.5938 -22.656 0.040925
8.5938 -21.875 0.084185
8.5938 -21.094 0.0077403
8.5938 -20.313 0.077033
8.5938 -19.531 0.0089284
8.5938 -18.75 0.00059093
8.5938 -17.969 0.026916
8.5938 -17.188 0.047385
8.5938 -16.406 0.036591
8.5938 -15.625 -0.04811
8.5938 -14.844 -0.024791
8.5938 -14.063 -0.038953
8.5938 -13.281 -0.13573
8.5938 -12.5 -0.049462
8.5938 -11.719 0.032666
8.5938 -10.938 0.089783
8.5938 -10.156 0.051548
8.5938 -9.375 -0.063834
8.5938 -8.5938 -0.029812
8.5938 -7.8125 0.077607
8.5938 -7.0313 -0.011576
8.5938 -6.25 -0.1082
8.5938 -5.4688 -0.086119
8.5938 -4.6875 -0.074793
8.5938 -3.9063 -0.099249
8.5938 -3.125 0.029404
8.5938 -2.3438 0.17233
8.5938 -1.5625 0.11774
8.5938 -0.78125 0.051782
8.5938 0 0.042671
8.5938 0.78125 0.022859
8.5938 1.5625 -0.032215
8.5938 2.3438 -0.0041689
8.5938 3.125 -0.013014
8.5938 3.9063 0.015257
8.5938 4.6875 -0.054535
8.5938 5.4688 -0.039755
8.5938 6.25 0.023336
8.5938 7.0313 0.077295
8.5938 7.8125 0.075541
8.5938 8.5938 0.078393
8.5938 9.375 0.058897
8.5938 10.156 -0.028008
8.5938 10.938 -0.066006
8.5938 11.719 0.012195
8.5938 12.5 0.1159
8.5938 13.281 0.14192
8.5938 14.063 0.17781
8.5938 14.844 0.054434
8.5938 15.625 -0.14495
8.5938 16.406 -0.22836
8.5938 17.188 -0.23337
8.5938 17.969 -0.090037
8.5938 18.75 -0.031716
8.5938 19.531 -0.0025319
8.5938 20.313 -0.064795
8.5938 21.094 -0.12911
8.5938 21.875 -0.10498
8.5938 22.656 -0.041975
8.5938 23.438 0.062443
8.5938 24.219 0.066213
8.5938 25 0.03532
9.375 -24.219 -0.031889
9.375 -23.438 -0.063547
9.375 -22.656 -0.00048726
9.375 -21.875 0.051744
9.375 -21.094 0.04539
9.375 -20.313 0.1004
9.375 -19.531 0.047233
9.375 -18.75 -0.025839
9.375 -17.969 -0.031487
9.375 -17.188 0.012584
9.375 -16.406 0.0020407
9.375 -15.625 -0.0622
9.375 -14.844 -0.014256
9.375 -14.063 -0.016176
9.375 -13.281 -0.039006
9.375 -12.5 -0.065998
9.375 -11.719 -0.0097209
9.375 -10.938 0.050495
9.375 -10.156 -0.015952
9.375 -9.375 -0.072752
9.375 -8.5938 0.003228
9.375 -7.8125 0.094795
9.375 -7.0313 0.048615
9.375 -6.25 -0.023831
9.375 -5.4688 -0.069391
9.375 -4.6875 -0.098952
9.375 -3.9063 -0.10648
9.375 -3.125 -0.010207
9.375 -2.3438 0.19087
9.375 -1.5625 0.16535
9.375 -0.78125 0.12985
9.375 0 0.0047681
9.375 0.78125 -0.0064474
9.375 1.5625 0.024148
9.375 2.3438 0.067106
9.375 3.125 0.042147
9.375 3.9063 -0.0067246
9.375 4.6875 -0.080519
9.375 5.4688 -0.092452
9.375 6.25 -0.02283
9.375 7.0313 0.055136
9.375 7.8125 0.065728
9.375 8.5938 0.12232
9.375 9.375 0.080647
9.375 10.156 -0.032584
9.375 10.938 -0.046123
9.375 11.719 0.01491
9.375 12.5 0.1298
9.375 13.281 0.15961
9.375 14.063 0.15533
9.375 14.844 0.034746
9.375 15.625 -0.15191
9.375 16.406 -0.22838
9.375 17.188 -0.20831
9.375 17.969 -0.077057
9.375 18.75 0.017366
9.375 19.531 -0.0329
9.375 20.313 -0.08542
9.375 21.094 -0.10821
9.375 21.875 -0.094703
9.375 22.656 -0.0031913
9.375 23.438 0.049271
9.375 24.219 0.065574
9.375 25 0.051349
10.156 -24.219 -0.093958
10.156 -23.438 -0.071958
10.156 -22.656 -0.05787
10.156 -21.875 0.008366
10.156 -21.094 0.067934
10.156 -20.313 0.10242
10.156 -19.531 0.031271
10.156 -18.75 -0.065785
10.156 -17.969 -0.047144
10.156 -17.188 -0.037569
10.156 -16.406 -0.074503
10.156 -15.625 -0.019613
10.156 -14.844 0.0013117
10.156 -14.063 -0.020049
10.156 -13.281 -0.042253
10.156 -12.5 -0.029799
10.156 -11.719 -0.016782
10.156 -10.938 -0.010841
10.156 -10.156 -0.0012134
10.156 -9.375 -0.078602
10.156 -8.5938 -0.021533
10.156 -7.8125 0.079795
10.156 -7.0313 0.07315
10.156 -6.25 0.04242
10.156 -5.4688 0.0031893
10.156 -4.6875 -0.093287
10.156 -3.9063 -0.082684
10.156 -3.125 -0.031115
10.156 -2.3438 0.12237
10.156 -1.5625 0.17585
10.156 -0.78125 0.13893
10.156 0 -0.0068801
10.156 0.78125 -0.0080553
10.156 1.5625 0.060354
10.156 2.3438 0.15974
10.156 3.125 0.073304
10.156 3.9063 -0.020846
10.156 4.6875 -0.069938
10.156 5.4688 -0.056001
10.156 6.25 -0.097206
10.156 7.0313 -0.022164
10.156 7.8125 0.054435
10.156 8.5938 0.11842
10.156 9.375 0.10182
10.156 10.156 0.0037457
10.156 10.938 -0.014486
10.156 11.719 0.021628
10.156 12.5 0.078481
10.156 13.281 0.097379
10.156 14.063 0.12121
10.156 14.844 0.045453
10.156 15.625 -0.11638
10.156 16.406 -0.18219
10.156 17.188 -0.12257
10.156 17.969 -0.022728
10.156 18.75 0.019436
10.156 19.531 -0.090581
10.156 20.313 -0.088118
10.156 21.094 -0.080711
10.156 21.875 -0.0066626
10.156 22.656 0.024866
10.156 23.438 0.039872
10.156 24.219 0.090838
10.156 25 0.025465
10.938 -24.219 -0.10766
10.938 -23.438 -0.088418
10.938 -22.656 -0.055905
10.938 -21.875 0.008791
10.938 -21.094 0.055661
10.938 -20.313 0.13057
10.938 -19.531 0.026951
10.938 -18.75 -0.082618
10.938 -17.969 -0.075154
10.938 -17.188 -0.096169
10.938 -16.406 -0.10521
10.938 -15.625 0.016265
10.938 -14.844 0.047736
10.938 -14.063 -0.071212
10.938 -13.281 -0.060962
10.938 -12.5 0.0022833
10.938 -11.719 0.033792
10.938 -10.938 0.021679
10.938 -10.156 0.017209
10.938 -9.375 -0.071852
10.938 -8.5938 -0.038194
10.938 -7.8125 0.052545
10.938 -7.0313 0.057956
10.938 -6.25 0.044681
10.938 -5.4688 0.05071
10.938 -4.6875 0.00038369
10.938 -3.9063 -0.095629
10.938 -3.125 -0.063608
10.938 -2.3438 0.10695
10.938 -1.5625 0.10238
10.938 -0.78125 0.060083
10.938 0 0.030045
10.938 0.78125 0.049262
10.938 1.5625 0.082493
10.938 2.3438 0.15062
10.938 3.125 0.1134
10.938 3.9063 -0.024084
10.938 4.6875 -0.059289
10.938 5.4688 -0.089691
10.938 6.25 -0.16547
10.938 7.0313 -0.078779
10.938 7.8125 0.0093626
10.938 8.5938 0.067248
10.938 9.375 0.088854
10.938 10.156 0.0017863
10.938 10.938 -0.034556
10.938 11.719 0.020697
10.938 12.5 0.10162
10.938 13.281 0.10613
10.938 14.063 0.11506
10.938 14.844 0.033963
10.938 15.625 -0.051732
10.938 16.406 -0.089656
10.938 17.188 -0.036179
10.938 17.969 0.014118
10.938 18.75 -0.11049
10.938 19.531 -0.19928
10.938 20.313 -0.13012
10.938 21.094 0.00028328
10.938 21.875 0.091699
10.938 22.656 0.10889
10.938 23.438 0.038528
10.938 24.219 0.075721
10.938 25 0.003728
11.719 -24.219 -0.071007
11.719 -23.438 -0.086469
11.719 -22.656 -0.037728
11.719 -21.875 0.029557
11.719 -21.094 0.057404
11.719 -20.313 0.11604
11.719 -19.531 -0.013848
11.719 -18.75 -0.11681
11.719 -17.969 -0.12538
11.719 -17.188 -0.13538
11.719 -16.406 -0.067699
11.719 -15.625 0.017524
11.719 -14.844 0.0020829
11.719 -14.063 -0.024442
11.719 -13.281 -0.042912
11.719 -12.5 0.00025426
11.719 -11.719 0.062626
11.719 -10.938 0.079826
11.719 -10.156 0.014738
11.719 -9.375 -0.049649
11.719 -8.5938 -0.072223
11.719 -7.8125 0.018137
11.719 -7.0313 0.030895
11.719 -6.25 0.060397
11.719 -5.4688 0.065968
11.719 -4.6875 0.024189
11.719 -3.9063 -0.049013
11.719 -3.125 0.022583
11.719 -2.3438 0.086966
11.719 -1.5625 0.034281
11.719 -0.78125 -0.030644
11.719 0 -0.0090114
11.719 0.78125 0.07697
11.719 1.5625 0.14892
11.719 2.3438 0.1366
11.719 3.125 0.074646
11.719 3.9063 0.019889
11.719 4.6875 -0.069291
11.719 5.4688 -0.12174
11.719 6.25 -0.20779
11.719 7.0313 -0.054026
11.719 7.8125 0.013962
11.719 8.5938 0.01399
11.719 9.375 0.0074313
11.719 10.156 -0.05252
11.719 10.938 -0.068905
11.719 11.719 -0.0017872
11.719 12.5 0.12968
11.719 13.281 0.080276
11.719 14.063 0.066499
11.719 14.844 0.034873
11.719 15.625 0.044194
11.719 16.406 -0.021646
11.719 17.188 -0.025093
11.719 17.969 0.037257
11.719 18.75 -0.13862
11.719 19.531 -0.23324
11.719 20.313 -0.14405
11.719 21.094 0.03278
11.719 21.875 0.11308
11.719 22.656 0.083869
11.719 23.438 0.075105
11.719 24.219 0.059948
11.719 25 0.00011875
12.5 -24.219 -0.033713
12.5 -23.438 -0.035528
12.5 -22.656 -0.010921
12.5 -21.875 0.036044
12.5 -21.094 0.074386
12.5 -20.313 0.088193
12.5 -19.531 0.010712
12.5 -18.75 -0.16176
12.5 -17.969 -0.16059
12.5 -17.188 -0.11746
12.5 -16.406 -0.048318
12.5 -15.625 0.0051614
12.5 -14.844 -0.043333
12.5 -14.063 -0.023419
12.5 -13.281 0.024405
12.5 -12.5 0.022088
12.5 -11.719 0.02262
12.5 -10.938 0.04496
12.5 -10.156 0.031957
12.5 -9.375 -0.028664
12.5 -8.5938 -0.020675
12.5 -7.8125 0.014913
12.5 -7.0313 0.020047
12.5 -6.25 0.076585
12.5 -5.4688 0.081782
12.5 -4.6875 0.0012589
12.5 -3.9063 0.010261
12.5 -3.125 0.072177
12.5 -2.3438 0.063872
12.5 -1.5625 0.034475
12.5 -0.78125 -0.076407
12.5 0 -0.071568
12.5 0.78125 0.076458
12.5 1.5625 0.1879
12.5 2.3438 0.17216
12.5 3.125 0.094935
12.5 3.9063 0.011989
12.5 4.6875 -0.098432
12.5 5.4688 -0.11232
12.5 6.25 -0.11298
12.5 7.0313 -0.006914
12.5 7.8125 0.011236
12.5 8.5938 -0.0051898
12.5 9.375 -0.054501
12.5 10.156 -0.069856
12.5 10.938 -0.044145
12.5 11.719 -0.017377
12.5 12.5 0.10653
12.5 13.281 0.089445
12.5 14.063 0.089254
12.5 14.844 0.056003
12.5 15.625 0.066093
12.5 16.406 0.025043
12.5 17.188 -0.048671
12.5 17.969 -0.0073076
12.5 18.75 -0.07062
12.5 19.531 -0.17367
12.5 20.313 -0.082465
12.5 21.094 0.012786
12.5 21.875 0.092023
12.5 22.656 0.051386
12.5 23.438 0.097826
12.5 24.219 0.044561
12.5 25 -0.018864
13.281 -24.219 0.022013
13.281 -23.438 0.032505
13.281 -22.656 -0.014692
13.281 -21.875 -0.013759
13.281 -21.094 0.078022
13.281 -20.313 0.06481
13.281 -19.531 -0.0017946
13.281 -18.75 -0.13996
13.281 -17.969 -0.16744
13.281 -17.188 -0.089943
13.281 -16.406 -0.030255
13.281 -15.625 -0.043922
13.281 -14.844 -0.058268
13.281 -14.063 -0.046708
13.281 -13.281 0.042294
13.281 -12.5 0.034257
13.281 -11.719 0.028579
13.281 -10.938 0.0073027
13.281 -10.156 0.045742
13.281 -9.375 -0.026642
13.281 -8.5938 -0.0081194
13.281 -7.8125 0.065048
13.281 -7.0313 0.02391
13.281 -6.25 0.073616
13.281 -5.4688 0.083801
13.281 -4.6875 -0.004624
13.281 -3.9063 0.010394
13.281 -3.125 0.049275
13.281 -2.3438 0.052935
13.281 -1.5625 -0.01679
13.281 -0.78125 -0.047575
13.281 0 -0.088501
13.281 0.78125 0.033595
13.281 1.5625 0.20538
13.281 2.3438 0.17776
13.281 3.125 0.12522
13.281 3.9063 -0.00067212
13.281 4.6875 -0.097705
13.281 5.4688 -0.12715
13.281 6.25 -0.097176
13.281 7.0313 -0.0069886
13.281 7.8125 0.036217
13.281 8.5938 -0.040795
13.281 9.375 -0.074272
13.281 10.156 -0.061681
13.281 10.938 -0.045273
13.281 11.719 -0.070188
13.281 12.5 0.020583
13.281 13.281 0.083049
13.281 14.063 0.12531
13.281 14.844 0.052719
13.281 15.625 0.024187
13.281 16.406 0.07893
13.281 17.188 -0.069093
13.281 17.969 -0.053638
13.281 18.75 -0.024383
13.281 19.531 -0.091483
13.281 20.313 -0.021067
13.281 21.094 0.029871
13.281 21.875 0.058416
13.281 22.656 0.0098547
13.281 23.438 0.039746
13.281 24.219 -0.0075938
13.281 25 -0.054743
14.063 -24.219 0.072526
14.063 -23.438 0.055639
14.063 -22.656 -0.048836
14.063 -21.875 -0.038953
14.063 -21.094 0.08064
14.063 -20.313 0.027613
14.063 -19.531 -0.026483
14.063 -18.75 -0.054274
14.063 -17.969 -0.10176
14.063 -17.188 -0.042097
14.063 -16.406 -0.043579
14.063 -15.625 -0.034326
14.063 -14.844 -0.086444
14.063 -14.063 -0.044518
14.063 -13.281 0.00059509
14.063 -12.5 -0.0053494
14.063 -11.719 0.0060702
14.063 -10.938 -0.011445
14.063 -10.156 -0.0052977
14.063 -9.375 0.0045014
14.063 -8.5938 0.020082
14.063 -7.8125 0.08531
14.063 -7.0313 0.076339
14.063 -6.25 0.11409
14.063 -5.4688 0.094315
14.063 -4.6875 -0.0055504
14.063 -3.9063 -0.030243
14.063 -3.125 0.01585
14.063 -2.3438 0.085358
14.063 -1.5625 0.0083009
14.063 -0.78125 -0.056522
14.063 0 -0.11697
14.063 0.78125 -0.032241
14.063 1.5625 0.15357
14.063 2.3438 0.19215
14.063 3.125 0.16058
14.063 3.9063 -0.0073651
14.063 4.6875 -0.037786
14.063 5.4688 -0.11108
14.063 6.25 -0.12292
14.063 7.0313 -0.049202
14.063 7.8125 0.040256
14.063 8.5938 -0.030884
14.063 9.375 -0.011999
14.063 10.156 0.0059875
14.063 10.938 -0.026479
14.063 11.719 -0.088288
14.063 12.5 -0.02812
14.063 13.281 0.029926
14.063 14.063 0.10898
14.063 14.844 0.028766
14.063 15.625 -0.0039565
14.063 16.406 0.065907
14.063 17.188 -0.014166
14.063 17.969 -0.048767
14.063 18.75 0.037117
14.063 19.531 0.010598
14.063 20.313 0.034008
14.063 21.094 0.058373
14.063 21.875 0.033449
14.063 22.656 -0.032498
14.063 23.438 -0.045759
14.063 24.219 -0.058205
14.063 25 -0.052369
14.844 -24.219 0.097055
14.844 -23.438 0.060812
14.844 -22.656 -0.06981
14.844 -21.875 -0.034935
14.844 -21.094 0.03872
14.844 -20.313 -0.0015753
14.844 -19.531 -0.025749
14.844 -18.75 -0.021193
14.844 -17.969 -0.049595
14.844 -17.188 -0.04902
14.844 -16.406 -0.041356
14.844 -15.625 -0.012364
14.844 -14.844 -0.084967
14.844 -14.063 -0.020423
14.844 -13.281 0.0091274
14.844 -12.5 0.035295
14.844 -11.719 0.013045
14.844 -10.938 -0.018633
14.844 -10.156 -0.0036739
14.844 -9.375 0.014118
14.844 -8.5938 0.010545
14.844 -7.8125 0.052516
14.844 -7.0313 0.069652
14.844 -6.25 0.12647
14.844 -5.4688 0.059884
14.844 -4.6875 -0.056574
14.844 -3.9063 -0.048665
14.844 -3.125 0.028248
14.844 -2.3438 0.10654
14.844 -1.5625 0.039805
14.844 -0.78125 -0.014584
14.844 0 -0.1106
14.844 0.78125 -0.10799
14.844 1.5625 0.10829
14.844 2.3438 0.16868
14.844 3.125 0.1582
14.844 3.9063 0.0028985
14.844 4.6875 -0.014944
14.844 5.4688 -0.081362
14.844 6.25 -0.13075
14.844 7.0313 -0.10714
14.844 7.8125 -0.015107
14.844 8.5938 0.02998
14.844 9.375 0.052353
14.844 10.156 0.0067393
14.844 10.938 -0.0029236
14.844 11.719 -0.039115
14.844 12.5 -0.066786
14.844 13.281 -0.021836
14.844 14.063 0.093034
14.844 14.844 0.063544
14.844 15.625 -0.010711
14.844 16.406 0.022471
14.844 17.188 -0.030249
14.844 17.969 -0.0024008
14.844 18.75 0.048028
14.844 19.531 0.074206
14.844 20.313 0.078965
14.844 21.094 0.049401
14.844 21.875 0.0036784
14.844 22.656 -0.082925
14.844 23.438 -0.090631
14.844 24.219 -0.036493
14.844 25 0.020466
15.625 -24.219 0.10593
15.625 -23.438 0.023752
15.625 -22.656 -0.10136
15.625 -21.875 -0.03958
15.625 -21.094 0.023396
15.625 -20.313 -0.040834
15.625 -19.531 -0.024716
15.625 -18.75 0.010338
15.625 -17.969 0.0032407
15.625 -17.188 -0.031721
15.625 -16.406 -0.053075
15.625 -15.625 -0.040003
15.625 -14.844 -0.076008
15.625 -14.063 -0.024318
15.625 -13.281 0.0020582
15.625 -12.5 0.049954
15.625 -11.719 0.02428
15.625 -10.938 -0.0032572
15.625 -10.156 0.024254
15.625 -9.375 0.027723
15.625 -8.5938 -0.058684
15.625 -7.8125 -0.016414
15.625 -7.0313 0.04634
15.625 -6.25 0.094038
15.625 -5.4688 0.015197
15.625 -4.6875 -0.078794
15.625 -3.9063 -0.055997
15.625 -3.125 0.027848
15.625 -2.3438 0.11345
15.625 -1.5625 0.087352
15.625 -0.78125 0.02119
15.625 0 -0.14226
15.625 0.78125 -0.14135
15.625 1.5625 0.047004
15.625 2.3438 0.12171
15.625 3.125 0.11271
15.625 3.9063 0.030295
15.625 4.6875 -0.014429
15.625 5.4688 -0.076189
15.625 6.25 -0.19921
15.625 7.0313 -0.14844
15.625 7.8125 -0.0023218
15.625 8.5938 0.079381
15.625 9.375 0.099963
15.625 10.156 0.042284
15.625 10.938 0.0026088
15.625 11.719 -0.035793
15.625 12.5 -0.061206
15.625 13.281 -0.043156
15.625 14.063 0.059066
15.625 14.844 0.056774
15.625 15.625 0.018454
15.625 16.406 0.009037
15.625 17.188 -0.023855
15.625 17.969 0.0099679
15.625 18.75 0.029769
15.625 19.531 0.053442
15.625 20.313 0.087319
15.625 21.094 0.055058
15.625 21.875 -0.023182
15.625 22.656 -0.10288
15.625 23.438 -0.092477
15.625 24.219 -0.018739
15.625 25 0.059077
16.406 -24.219 0.096243
16.406 -23.438 0.017387
16.406 -22.656 -0.1113
16.406 -21.875 -0.052094
16.406 -21.094 0.012579
16.406 -20.313 -0.0025825
16.406 -19.531 0.031904
16.406 -18.75 0.050719
16.406 -17.969 0.021995
16.406 -17.188 0.0060969
16.406 -16.406 -0.028628
16.406 -15.625 -0.092316
16.406 -14.844 -0.11202
16.406 -14.063 -0.018948
16.406 -13.281 -0.005741
16.406 -12.5 0.023834
16.406 -11.719 -0.0088578
16.406 -10.938 -0.034186
16.406 -10.156 0.013805
16.406 -9.375 0.081982
16.406 -8.5938 -0.03333
16.406 -7.8125 -0.035655
16.406 -7.0313 0.057314
16.406 -6.25 0.068007
16.406 -5.4688 -0.036599
16.406 -4.6875 -0.062876
16.406 -3.9063 -0.034143
16.406 -3.125 0.026232
16.406 -2.3438 0.098316
16.406 -1.5625 0.12083
16.406 -0.78125 0.018409
16.406 0 -0.14488
16.406 0.78125 -0.1368
16.406 1.5625 -0.013936
16.406 2.3438 0.095112
16.406 3.125 0.047548
16.406 3.9063 0.032004
16.406 4.6875 -0.0076798
16.406 5.4688 -0.093145
16.406 6.25 -0.18536
16.406 7.0313 -0.12675
16.406 7.8125 -0.0088159
16.406 8.5938 0.1245
16.406 9.375 0.13851
16.406 10.156 0.077438
16.406 10.938 -6.4681e-05
16.406 11.719 -0.039588
16.406 12.5 -0.052215
16.406 13.281 -0.0038743
16.406 14.063 0.077842
16.406 14.844 0.0094786
16.406 15.625 -0.047058
16.406 16.406 0.0008388
16.406 17.188 0.019372
16.406 17.969 0.0038052
16.406 18.75 -0.029276
16.406 19.531 0.036682
16.406 20.313 0.075227
16.406 21.094 0.016757
16.406 21.875 -0.025502
16.406 22.656 -0.11433
16.406 23.438 -0.098257
16.406 24.219 -0.012257
16.406 25 0.079526
17.188 -24.219 0.11007
17.188 -23.438 0.015422
17.188 -22.656 -0.081847
17.188 -21.875 -0.090013
17.188 -21.094 -0.012934
17.188 -20.313 0.059959
17.188 -19.531 0.10187
17.188 -18.75 0.07073
17.188 -17.969 0.033534
17.188 -17.188 -0.0054542
17.188 -16.406 -0.019398
17.188 -15.625 -0.12371
17.188 -14.844 -0.095456
17.188 -14.063 -0.02987
17.188 -13.281 0.040813
17.188 -12.5 -0.022051
17.188 -11.719 -0.078322
17.188 -10.938 -0.056742
17.188 -10.156 0.042003
17.188 -9.375 0.10019
17.188 -8.5938 0.012525
17.188 -7.8125 0.0064716
17.188 -7.0313 0.071706
17.188 -6.25 -0.0017517
17.188 -5.4688 -0.07934
17.188 -4.6875 -0.090283
17.188 -3.9063 -0.014328
17.188 -3.125 0.053954
17.188 -2.3438 0.13346
17.188 -1.5625 0.13378
17.188 -0.78125 0.020839
17.188 0 -0.13073
17.188 0.78125 -0.12664
17.188 1.5625 -0.03536
17.188 2.3438 0.039802
17.188 3.125 0.0486
17.188 3.9063 0.011856
17.188 4.6875 -0.031456
17.188 5.4688 -0.12621
17.188 6.25 -0.1464
17.188 7.0313 -0.10895
17.188 7.8125 0.0030602
17.188 8.5938 0.15329
17.188 9.375 0.15337
17.188 10.156 0.080792
17.188 10.938 -0.025482
17.188 11.719 -0.014926
17.188 12.5 -0.037511
17.188 13.281 0.068815
17.188 14.063 0.080788
17.188 14.844 -0.03147
17.188 15.625 -0.081972
17.188 16.406 -0.039594
17.188 17.188 -0.033763
17.188 17.969 -0.026413
17.188 18.75 -0.0063684
17.188 19.531 0.01783
17.188 20.313 0.035705
17.188 21.094 0.010416
17.188 21.875 -0.038599
17.188 22.656 -0.1243
17.188 23.438 -0.078157
17.188 24.219 -0.02151
17.188 25 0.10224
17.969 -24.219 0.075476
17.969 -23.438 -0.033646
17.969 -22.656 -0.083656
17.969 -21.875 -0.12915
17.969 -21.094 -0.011428
17.969 -20.313 0.081465
17.969 -19.531 0.15903
17.969 -18.75 0.11618
17.969 -17.969 0.031646
17.969 -17.188 -0.02373
17.969 -16.406 -0.013449
17.969 -15.625 -0.096373
17.969 -14.844 -0.080935
17.969 -14.063 -0.0153
17.969 -13.281 0.022697
17.969 -12.5 -0.017412
17.969 -11.719 -0.10703
17.969 -10.938 -0.048962
17.969 -10.156 0.070862
17.969 -9.375 0.12012
17.969 -8.5938 0.055949
17.969 -7.8125 0.048924
17.969 -7.0313 0.047155
17.969 -6.25 -0.052607
17.969 -5.4688 -0.13326
17.969 -4.6875 -0.11394
17.969 -3.9063 0.011323
17.969 -3.125 0.10539
17.969 -2.3438 0.15244
17.969 -1.5625 0.12326
17.969 -0.78125 -0.037642
17.969 0 -0.13397
17.969 0.78125 -0.097897
17.969 1.5625 -0.0548
17.969 2.3438 0.042133
17.969 3.125 0.072119
17.969 3.9063 0.03671
17.969 4.6875 -0.062278
17.969 5.4688 -0.15439
17.969 6.25 -0.14625
17.969 7.0313 -0.064266
17.969 7.8125 0.031461
17.969 8.5938 0.15923
17.969 9.375 0.13925
17.969 10.156 0.0655
17.969 10.938 0.015637
17.969 11.719 0.020001
17.969 12.5 -0.016616
17.969 13.281 0.12998
17.969 14.063 0.090921
17.969 14.844 -0.027206
17.969 15.625 -0.082131
17.969 16.406 -0.065285
17.969 17.188 -0.050128
17.969 17.969 -0.015731
17.969 18.75 0.034386
17.969 19.531 0.029102
17.969 20.313 0.015195
17.969 21.094 -0.034586
17.969 21.875 -0.08975
17.969 22.656 -0.081228
17.969 23.438 -0.022879
17.969 24.219 0.035354
17.969 25 0.085579
18.75 -24.219 0.013159
18.75 -23.438 -0.074183
18.75 -22.656 -0.10028
18.75 -21.875 -0.11541
18.75 -21.094 -0.01626
18.75 -20.313 0.067047
18.75 -19.531 0.1859
18.75 -18.75 0.12028
18.75 -17.969 0.07438
18.75 -17.188 0.0020631
18.75 -16.406 -0.027925
18.75 -15.625 -0.059062
18.75 -14.844 -0.092554
18.75 -14.063 -0.038664
18.75 -13.281 -0.043526
18.75 -12.5 -0.034403
18.75 -11.719 -0.075988
18.75 -10.938 0.013164
18.75 -10.156 0.10728
18.75 -9.375 0.17568
18.75 -8.5938 0.07285
18.75 -7.8125 0.060109
18.75 -7.0313 -0.015614
18.75 -6.25 -0.058234
18.75 -5.4688 -0.17965
18.75 -4.6875 -0.15221
18.75 -3.9063 0.088959
18.75 -3.125 0.17786
18.75 -2.3438 0.15619
18.75 -1.5625 0.050687
18.75 -0.78125 -0.033054
18.75 0 -0.14855
18.75 0.78125 -0.11296
18.75 1.5625 0.0098741
18.75 2.3438 0.075379
18.75 3.125 0.08176
18.75 3.9063 0.047524
18.75 4.6875 -0.11303
18.75 5.4688 -0.14761
18.75 6.25 -0.067696
18.75 7.0313 0.0058249
18.75 7.8125 0.022503
18.75 8.5938 0.14412
18.75 9.375 0.098819
18.75 10.156 0.042173
18.75 10.938 0.04973
18.75 11.719 0.047599
18.75 12.5 0.044098
18.75 13.281 0.16457
18.75 14.063 0.092819
18.75 14.844 0.0067133
18.75 15.625 -0.085506
18.75 16.406 -0.071083
18.75 17.188 -0.07375
18.75 17.969 -0.029274
18.75 18.75 0.044338
18.75 19.531 0.0026887
18.75 20.313 -0.026321
18.75 21.094 -0.082045
18.75 21.875 -0.049851
18.75 22.656 -0.040278
18.75 23.438 0.020311
18.75 24.219 0.08214
18.75 25 0.044909
19.531 -24.219 -0.014496
19.531 -23.438 -0.06668
19.531 -22.656 -0.1363
19.531 -21.875 -0.11242
19.531 -21.094 -0.052893
19.531 -20.313 0.067861
19.531 -19.531 0.17281
19.531 -18.75 0.084544
19.531 -17.969 0.040937
19.531 -17.188 -0.01838
19.531 -16.406 -0.013978
19.531 -15.625 0.014798
19.531 -14.844 -0.054334
19.531 -14.063 -0.056434
19.531 -13.281 -0.063404
19.531 -12.5 -0.08322
19.531 -11.719 -0.040292
19.531 -10.938 0.068656
19.531 -10.156 0.12717
19.531 -9.375 0.19768
19.531 -8.5938 0.13086
19.531 -7.8125 -0.0011555
19.531 -7.0313 -0.03628
19.531 -6.25 -0.017314
19.531 -5.4688 -0.15912
19.531 -4.6875 -0.14813
19.531 -3.9063 0.079261
19.531 -3.125 0.18837
19.531 -2.3438 0.10616
19.531 -1.5625 -0.012803
19.531 -0.78125 -0.050201
19.531 0 -0.14756
19.531 0.78125 -0.064207
19.531 1.5625 0.042398
19.531 2.3438 0.094218
19.531 3.125 0.064507
19.531 3.9063 -0.020822
19.531 4.6875 -0.091049
19.531 5.4688 -0.094022
19.531 6.25 -0.02385
19.531 7.0313 0.012971
19.531 7.8125 0.042139
19.531 8.5938 0.066186
19.531 9.375 0.028737
19.531 10.156 0.023328
19.531 10.938 0.016031
19.531 11.719 0.083148
19.531 12.5 0.094506
19.531 13.281 0.16143
19.531 14.063 0.08325
19.531 14.844 0.031069
19.531 15.625 -0.050369
19.531 16.406 -0.070252
19.531 17.188 -0.060099
19.531 17.969 0.020876
19.531 18.75 0.031967
19.531 19.531 -0.048545
19.531 20.313 -0.089589
19.531 21.094 -0.077059
19.531 21.875 0.031518
19.531 22.656 0.024847
19.531 23.438 0.054562
19.531 24.219 0.098819
19.531 25 -0.00066772
20.313 -24.219 -0.0035332
20.313 -23.438 -0.12194
20.313 -22.656 -0.11868
20.313 -21.875 -0.095249
20.313 -21.094 -0.075519
20.313 -20.313 0.072944
20.313 -19.531 0.12365
20.313 -18.75 0.07453
20.313 -17.969 -0.0020624
20.313 -17.188 -0.027265
20.313 -16.406 -0.016691
20.313 -15.625 0.017574
20.313 -14.844 -0.038225
20.313 -14.063 -0.027731
20.313 -13.281 -0.073802
20.313 -12.5 -0.11497
20.313 -11.719 0.0038661
20.313 -10.938 0.13483
20.313 -10.156 0.11213
20.313 -9.375 0.15236
20.313 -8.5938 0.12456
20.313 -7.8125 0.012289
20.313 -7.0313 -0.064604
20.313 -6.25 -0.012388
20.313 -5.4688 -0.082729
20.313 -4.6875 -0.053934
20.313 -3.9063 0.06578
20.313 -3.125 0.10153
20.313 -2.3438 0.033655
20.313 -1.5625 -0.024596
20.313 -0.78125 -0.067092
20.313 0 -0.10211
20.313 0.78125 -0.023646
20.313 1.5625 0.072293
20.313 2.3438 0.082499
20.313 3.125 0.029793
20.313 3.9063 -0.044958
20.313 4.6875 -0.017478
20.313 5.4688 -0.066114
20.313 6.25 -0.0065625
20.313 7.0313 0.014528
20.313 7.8125 0.066905
20.313 8.5938 0.096711
20.313 9.375 -0.010568
20.313 10.156 -0.039497
20.313 10.938 -0.010661
20.313 11.719 0.053376
20.313 12.5 0.083853
20.313 13.281 0.10386
20.313 14.063 0.036829
20.313 14.844 -0.0098911
20.313 15.625 -0.046641
20.313 16.406 -0.06881
20.313 17.188 -0.036235
20.313 17.969 0.077191
20.313 18.75 0.040031
20.313 19.531 -0.097448
20.313 20.313 -0.10048
20.313 21.094 -0.05979
20.313 21.875 0.035042
20.313 22.656 0.095917
20.313 23.438 0.10103
20.313 24.219 0.077889
20.313 25 -0.00082397
21.094 -24.219 0.033328
21.094 -23.438 -0.046993
21.094 -22.656 -0.03966
21.094 -21.875 -0.054696
21.094 -21.094 -0.044258
21.094 -20.313 0.0339
21.094 -19.531 0.047347
21.094 -18.75 0.074731
21.094 -17.969 0.066912
21.094 -17.188 -0.0017704
21.094 -16.406 -0.018132
21.094 -15.625 -0.013721
21.094 -14.844 0.013104
21.094 -14.063 0.00041718
21.094 -13.281 -0.044005
21.094 -12.5 -0.10793
21.094 -11.719 0.020011
21.094 -10.938 0.082101
21.094 -10.156 0.092417
21.094 -9.375 0.10125
21.094 -8.5938 0.07609
21.094 -7.8125 0.03041
21.094 -7.0313 -0.05715
21.094 -6.25 0.015269
21.094 -5.4688 -0.011187
21.094 -4.6875 0.0063416
21.094 -3.9063 0.024482
21.094 -3.125 0.029333
21.094 -2.3438 0.030169
21.094 -1.5625 -0.051166
21.094 -0.78125 -0.087638
21.094 0 -0.07543
21.094 0.78125 -0.012089
21.094 1.5625 0.12433
21.094 2.3438 0.092016
21.094 3.125 -0.014778
21.094 3.9063 -0.054576
21.094 4.6875 0.020486
21.094 5.4688 -0.054003
21.094 6.25 -0.047265
21.094 7.0313 0.018559
21.094 7.8125 0.098988
21.094 8.5938 0.12858
21.094 9.375 0.031076
21.094 10.156 -0.031509
21.094 10.938 -0.073056
21.094 11.719 -0.03658
21.094 12.5 0.092441
21.094 13.281 0.12316
21.094 14.063 0.070671
21.094 14.844 -0.055555
21.094 15.625 -0.086587
21.094 16.406 -0.01505
21.094 17.188 0.029586
21.094 17.969 0.10083
21.094 18.75 0.031973
21.094 19.531 -0.1105
21.094 20.313 -0.095309
21.094 21.094 -0.029988
21.094 21.875 0.059232
21.094 22.656 0.11368
21.094 23.438 0.097265
21.094 24.219 0.072299
21.094 25 0.062715
21.875 -24.219 0.019674
21.875 -23.438 -0.0049635
21.875 -22.656 0.040145
21.875 -21.875 0.026724
21.875 -21.094 -0.014296
21.875 -20.313 -0.029441
21.875 -19.531 -0.054348
21.875 -18.75 0.043978
21.875 -17.969 0.079493
21.875 -17.188 0.015376
21.875 -16.406 -0.0261
21.875 -15.625 -0.045003
21.875 -14.844 0.016852
21.875 -14.063 0.019797
21.875 -13.281 -0.033427
21.875 -12.5 -0.10134
21.875 -11.719 -0.0081664
21.875 -10.938 0.020282
21.875 -10.156 0.066702
21.875 -9.375 0.077788
21.875 -8.5938 0.062857
21.875 -7.8125 0.012798
21.875 -7.0313 -0.0007376
21.875 -6.25 0.066411
21.875 -5.4688 0.042525
21.875 -4.6875 0.028588
21.875 -3.9063 -0.050923
21.875 -3.125 -0.033678
21.875 -2.3438 0.028395
21.875 -1.5625 -0.065631
21.875 -0.78125 -0.099447
21.875 0 -0.090153
21.875 0.78125 0.052974
21.875 1.5625 0.14846
21.875 2.3438 0.14769
21.875 3.125 0.045812
21.875 3.9063 -0.074399
21.875 4.6875 -0.042881
21.875 5.4688 -0.072039
21.875 6.25 -0.066158
21.875 7.0313 0.0044647
21.875 7.8125 0.076075
21.875 8.5938 0.13054
21.875 9.375 0.026391
21.875 10.156 -0.059601
21.875 10.938 -0.094483
21.875 11.719 -0.062419
21.875 12.5 0.059757
21.875 13.281 0.10046
21.875 14.063 0.038368
21.875 14.844 -0.068793
21.875 15.625 -0.11305
21.875 16.406 0.029919
21.875 17.188 0.078922
21.875 17.969 0.095089
21.875 18.75 0.034597
21.875 19.531 -0.06994
21.875 20.313 -0.083515
21.875 21.094 0.011683
21.875 21.875 0.091193
21.875 22.656 0.098526
21.875 23.438 0.076695
21.875 24.219 0.10838
21.875 25 0.11818
22.656 -24.219 0.011378
22.656 -23.438 -0.0047393
22.656 -22.656 0.086168
22.656 -21.875 0.057034
22.656 -21.094 -0.015958
22.656 -20.313 -0.097615
22.656 -19.531 -0.059189
22.656 -18.75 0.039609
22.656 -17.969 0.10789
22.656 -17.188 0.06139
22.656 -16.406 -0.059149
22.656 -15.625 -0.097126
22.656 -14.844 -0.019873
22.656 -14.063 -0.0049159
22.656 -13.281 -0.00026694
22.656 -12.5 -0.090823
22.656 -11.719 -0.037064
22.656 -10.938 0.032813
22.656 -10.156 0.040062
22.656 -9.375 0.034306
22.656 -8.5938 0.027197
22.656 -7.8125 0.020155
22.656 -7.0313 0.049059
22.656 -6.25 0.068323
22.656 -5.4688 0.092064
22.656 -4.6875 0.052391
22.656 -3.9063 -0.082202
22.656 -3.125 -0.03174
22.656 -2.3438 0.015148
22.656 -1.5625 -0.033225
22.656 -0.78125 -0.10234
22.656 0 -0.089937
22.656 0.78125 0.037865
22.656 1.5625 0.1633
22.656 2.3438 0.17772
22.656 3.125 0.11301
22.656 3.9063 -0.05276
22.656 4.6875 -0.034397
22.656 5.4688 -0.1215
22.656 6.25 -0.085576
22.656 7.0313 0.043057
22.656 7.8125 0.077295
22.656 8.5938 0.10833
22.656 9.375 -0.033174
22.656 10.156 -0.077051
22.656 10.938 -0.10948
22.656 11.719 -0.096147
22.656 12.5 0.032812
22.656 13.281 0.10583
22.656 14.063 -0.018372
22.656 14.844 -0.11416
22.656 15.625 -0.073675
22.656 16.406 0.031554
22.656 17.188 0.052784
22.656 17.969 0.059618
22.656 18.75 0.02982
22.656 19.531 -0.053168
22.656 20.313 -0.085558
22.656 21.094 0.026506
22.656 21.875 0.10391
22.656 22.656 0.076581
22.656 23.438 0.10073
22.656 24.219 0.075488
22.656 25 0.086254
23.438 -24.219 0.036356
23.438 -23.438 0.0095155
23.438 -22.656 0.061558
23.438 -21.875 0.033323
23.438 -21.094 -0.026058
23.438 -20.313 -0.088174
23.438 -19.531 -0.046307
23.438 -18.75 0.036892
23.438 -17.969 0.090041
23.438 -17.188 0.079016
23.438 -16.406 -0.0024948
23.438 -15.625 -0.090833
23.438 -14.844 -0.089666
23.438 -14.063 -0.09706
23.438 -13.281 0.021864
23.438 -12.5 -0.014483
23.438 -11.719 -0.071948
23.438 -10.938 0.019094
23.438 -10.156 0.036695
23.438 -9.375 -0.044924
23.438 -8.5938 -0.036684
23.438 -7.8125 0.01395
23.438 -7.0313 0.075422
23.438 -6.25 0.028838
23.438 -5.4688 0.083686
23.438 -4.6875 0.065046
23.438 -3.9063 0.026807
23.438 -3.125 0.0042401
23.438 -2.3438 -0.014575
23.438 -1.5625 -0.017336
23.438 -0.78125 -0.070743
23.438 0 -0.035981
23.438 0.78125 0.017345
23.438 1.5625 0.13366
23.438 2.3438 0.16199
23.438 3.125 0.10386
23.438 3.9063 -0.015174
23.438 4.6875 -0.033721
23.438 5.4688 -0.17116
23.438 6.25 -0.073899
23.438 7.0313 0.040491
23.438 7.8125 0.12085
23.438 8.5938 0.10307
23.438 9.375 -0.040782
23.438 10.156 -0.089371
23.438 10.938 -0.13819
23.438 11.719 -0.067039
23.438 12.5 0.06786
23.438 13.281 0.094271
23.438 14.063 -0.074398
23.438 14.844 -0.10685
23.438 15.625 -0.086006
23.438 16.406 0.043335
23.438 17.188 0.10364
23.438 17.969 0.060215
23.438 18.75 0.01217
23.438 19.531 -0.079328
23.438 20.313 -0.041717
23.438 21.094 0.013879
23.438 21.875 0.11175
23.438 22.656 0.13542
23.438 23.438 0.071294
23.438 24.219 0.010148
23.438 25 0.037241
24.219 -24.219 0.094518
24.219 -23.438 0.068829
24.219 -22.656 0.034499
24.219 -21.875 -0.015274
24.219 -21.094 -0.055892
24.219 -20.313 -0.07652
24.219 -19.531 -0.015089
24.219 -18.75 0.10034
24.219 -17.969 0.087231
24.219 -17.188 0.071341
24.219 -16.406 0.015058
24.219 -15.625 -0.079828
24.219 -14.844 -0.071511
24.219 -14.063 -0.053446
24.219 -13.281 0.019251
24.219 -12.5 -0.024407
24.219 -11.719 -0.079176
24.219 -10.938 -0.030658
24.219 -10.156 -0.032862
24.219 -9.375 -0.080208
24.219 -8.5938 0.0077548
24.219 -7.8125 -0.00030998
24.219 -7.0313 0.0059643
24.219 -6.25 -0.044882
24.219 -5.4688 0.045461
24.219 -4.6875 0.10134
24.219 -3.9063 0.09418
24.219 -3.125 0.078325
24.219 -2.3438 0.019299
24.219 -1.5625 -0.077816
24.219 -0.78125 -0.032932
24.219 0 -0.013458
24.219 0.78125 0.02029
24.219 1.5625 0.060206
24.219 2.3438 0.1157
24.219 3.125 0.073827
24.219 3.9063 0.018996
24.219 4.6875 -0.027547
24.219 5.4688 -0.12736
24.219 6.25 -0.06443
24.219 7.0313 0.02884
24.219 7.8125 0.084197
24.219 8.5938 0.064588
24.219 9.375 -0.050119
24.219 10.156 -0.12485
24.219 10.938 -0.14375
24.219 11.719 -0.010958
24.219 12.5 0.094684
24.219 13.281 0.046834
24.219 14.063 -0.043659
24.219 14.844 -0.073321
24.219 15.625 -0.023632
24.219 16.406 0.087507
24.219 17.188 0.12521
24.219 17.969 0.080502
24.219 18.75 -0.0062221
24.219 19.531 -0.1212
24.219 20.313 -0.11126
24.219 21.094 0.0078142
24.219 21.875 0.1417
24.219 22.656 0.1341
24.219 23.438 0.035663
24.219 24.219 0.014969
24.219 25 0.060522
25 -24.219 0.086428
25 -23.438 0.045637
25 -22.656 -0.014565
25 -21.875 -0.070858
25 -21.094 -0.078513
25 -20.313 -0.10471
25 -19.531 0.027624
25 -18.75 0.081971
25 -17.969 0.10432
25 -17.188 0.043397
25 -16.406 -0.024862
25 -15.625 -0.081977
25 -14.844 -0.031342
25 -14.063 -0.015377
25 -13.281 0.030489
25 -12.5 -0.0061331
25 -11.719 -0.08724
25 -10.938 -0.054087
25 -10.156 -0.078183
25 -9.375 -0.056921
25 -8.5938 0.0011227
25 -7.8125 -0.031265
25 -7.0313 -0.043664
25 -6.25 -0.082023
25 -5.4688 0.0092877
25 -4.6875 0.084105
25 -3.9063 0.11279
25 -3.125 0.12594
25 -2.3438 0.03963
25 -1.5625 -0.069878
25 -0.78125 -0.038218
25 0 -0.011019
25 0.78125 0.013701
25 1.5625 0.036105
25 2.3438 0.086527
25 3.125 0.062608
25 3.9063 -0.041556
25 4.6875 -0.048072
25 5.4688 -0.067249
25 6.25 -0.088867
25 7.0313 0.047109
25 7.8125 0.091742
25 8.5938 0.0091676
25 9.375 -0.093214
25 10.156 -0.11116
25 10.938 -0.096977
25 11.719 -0.016825
25 12.5 0.061446
25 13.281 0.048279
25 14.063 -0.015504
25 14.844 0.010107
25 15.625 0.071389
25 16.406 0.093719
25 17.188 0.10011
25 17.969 0.077048
25 18.75 -0.01271
25 19.531 -0.17702
25 20.313 -0.15075
25 21.094 0.0026784
25 21.875 0.10149
25 22.656 0.061967
25 23.438 -0.020661
25 24.219 0.016539
25 25 0.034027
