-24.219 -24.219 -0.009796
-24.219 -23.438 -0.01288
-24.219 -22.656 0.013901
-24.219 -21.875 -0.020215
-24.219 -21.094 -0.043691
-24.219 -20.313 -0.053005
-24.219 -19.531 0.047995
-24.219 -18.75 0.099698
-24.219 -17.969 -0.025934
-24.219 -17.188 -0.10943
-24.219 -16.406 -0.013723
-24.219 -15.625 -0.01407
-24.219 -14.844 0.036323
-24.219 -14.063 0.024827
-24.219 -13.281 0.029983
-24.219 -12.5 -0.0283
-24.219 -11.719 0.012529
-24.219 -10.938 -0.0088941
-24.219 -10.156 -0.004136
-24.219 -9.375 -0.033445
-24.219 -8.5938 0.027963
-24.219 -7.8125 0.066985
-24.219 -7.0313 0.059043
-24.219 -6.25 -0.032102
-24.219 -5.4688 -0.083612
-24.219 -4.6875 -0.079153
-24.219 -3.9063 -0.012615
-24.219 -3.125 0.026458
-24.219 -2.3438 0.018862
-24.219 -1.5625 -0.049856
-24.219 -0.78125 0.021282
-24.219 0 0.040867
-24.219 0.78125 -0.021906
-24.219 1.5625 -0.094818
-24.219 2.3438 -0.041519
-24.219 3.125 0.02621
-24.219 3.9063 0.066346
-24.219 4.6875 0.001288
-24.219 5.4688 0.0070516
-24.219 6.25 -0.023548
-24.219 7.0313 -0.064579
-24.219 7.8125 -0.046429
-24.219 8.5938 0.011027
-24.219 9.375 0.02747
-24.219 10.156 0.029455
-24.219 10.938 -0.018072
-24.219 11.719 -0.011238
-24.219 12.5 -0.011359
-24.219 13.281 -0.03597
-24.219 14.063 -0.042834
-24.219 14.844 0.021256
-24.219 15.625 -0.024426
-24.219 16.406 -0.033456
-24.219 17.188 -0.014985
-24.219 17.969 0.02358
-24.219 18.75 0.025752
-24.219 19.531 -0.013653
-24.219 20.313 -0.049997
-24.219 21.094 -0.056898
-24.219 21.875 -0.07295
-24.219 22.656 0.026934
-24.219 23.438 0.018202
-24.219 24.219 0.021221
-24.219 25 -0.0073033
-23.438 -24.219 -0.016367
-23.438 -23.438 -0.0083712
-23.438 -22.656 0.021777
-23.438 -21.875 0.00421
-23.438 -21.094 -0.040894
-23.438 -20.313 -0.035248
-23.438 -19.531 0.0315
-23.438 -18.75 0.037709
-23.438 -17.969 -0.037757
-23.438 -17.188 -0.047156
-23.438 -16.406 0.01393
-23.438 -15.625 0.03849
-23.438 -14.844 0.042342
-23.438 -14.063 0.037779
-23.438 -13.281 0.020819
-23.438 -12.5 -0.060261
-23.438 -11.719 -0.015754
-23.438 -10.938 0.010951
-23.438 -10.156 -0.026018
-23.438 -9.375 0.011658
-23.438 -8.5938 0.017855
-23.438 -7.8125 0.053663
-23.438 -7.0313 0.044819
-23.438 -6.25 -0.02218
-23.438 -5.4688 -0.057411
-23.438 -4.6875 -0.060964
-23.438 -3.9063 -0.011834
-23.438 -3.125 -0.011166
-23.438 -2.3438 0.011122
-23.438 -1.5625 0.004248
-23.438 -0.78125 0.059903
-23.438 0 0.033442
-23.438 0.78125 -0.042103
-23.438 1.5625 -0.10765
-23.438 2.3438 -0.037701
-23.438 3.125 0.033093
-23.438 3.9063 0.10843
-23.438 4.6875 0.032223
-23.438 5.4688 0.0043577
-23.438 6.25 -0.007393
-23.438 7.0313 -0.019899
-23.438 7.8125 -0.052126
-23.438 8.5938 -0.0048354
-23.438 9.375 0.038369
-23.438 10.156 0.028823
-23.438 10.938 -0.041198
-23.438 11.719 -0.010856
-23.438 12.5 0.023181
-23.438 13.281 -0.013999
-23.438 14.063 -0.048923
-23.438 14.844 0.01728
-23.438 15.625 0.016123
-23.438 16.406 -0.0527
-23.438 17.188 -0.012328
-23.438 17.969 0.057573
-23.438 18.75 0.054726
-23.438 19.531 -0.037046
-23.438 20.313 -0.050886
-23.438 21.094 -0.038501
-23.438 21.875 -0.026835
-23.438 22.656 0.035678
-23.438 23.438 0.0073141
-23.438 24.219 0.016538
-23.438 25 0.0074613
-22.656 -24.219 -0.022241
-22.656 -23.438 0.031662
-22.656 -22.656 0.034108
-22.656 -21.875 0.020523
-22.656 -21.094 -0.037015
-22.656 -20.313 -0.009791
-22.656 -19.531 0.0064866
-22.656 -18.75 -0.0026509
-22.656 -17.969 -0.038874
-22.656 -17.188 0.010904
-22.656 -16.406 0.022474
-22.656 -15.625 0.04311
-22.656 -14.844 0.025624
-22.656 -14.063 0.025351
-22.656 -13.281 -0.0013158
-22.656 -12.5 -0.040482
-22.656 -11.719 -0.055042
-22.656 -10.938 -0.012534
-22.656 -10.156 -0.025082
-22.656 -9.375 0.044667
-22.656 -8.5938 0.042396
-22.656 -7.8125 0.030177
-22.656 -7.0313 0.0026819
-22.656 -6.25 0.0016716
-22.656 -5.4688 -0.037036
-22.656 -4.6875 -0.025952
-22.656 -3.9063 -0.018984
-22.656 -3.125 -0.0055082
-22.656 -2.3438 0.019188
-22.656 -1.5625 0.044432
-22.656 -0.78125 0.046071
-22.656 0 0.01559
-22.656 0.78125 -0.069982
-22.656 1.5625 -0.099917
-22.656 2.3438 -0.016472
-22.656 3.125 0.049558
-22.656 3.9063 0.088221
-22.656 4.6875 0.068917
-22.656 5.4688 0.047765
-22.656 6.25 0.020664
-22.656 7.0313 -0.040221
-22.656 7.8125 -0.039996
-22.656 8.5938 0.0035359
-22.656 9.375 -0.0092693
-22.656 10.156 0.057444
-22.656 10.938 -0.015394
-22.656 11.719 -0.019514
-22.656 12.5 0.037443
-22.656 13.281 -0.014076
-22.656 14.063 -0.022415
-22.656 14.844 -0.0022341
-22.656 15.625 0.01082
-22.656 16.406 0.011027
-22.656 17.188 0.0078436
-22.656 17.969 0.042494
-22.656 18.75 0.010924
-22.656 19.531 -0.042881
-22.656 20.313 -0.0024331
-22.656 21.094 -0.055289
-22.656 21.875 -0.0050581
-22.656 22.656 0.052695
-22.656 23.438 -0.0071569
-22.656 24.219 0.020022
-22.656 25 0.0054361
-21.875 -24.219 -0.013923
-21.875 -23.438 0.041254
-21.875 -22.656 0.032593
-21.875 -21.875 -0.0061954
-21.875 -21.094 -0.039251
-21.875 -20.313 0.00033874
-21.875 -19.531 0.016815
-21.875 -18.75 -0.028107
-21.875 -17.969 -0.049926
-21.875 -17.188 0.033827
-21.875 -16.406 0.061682
-21.875 -15.625 0.049876
-21.875 -14.844 0.01273
-21.875 -14.063 -0.034723
-21.875 -13.281 0.022208
-21.875 -12.5 0.018049
-21.875 -11.719 -0.065167
-21.875 -10.938 -0.055045
-21.875 -10.156 -0.0053454
-21.875 -9.375 0.06091
-21.875 -8.5938 0.059858
-21.875 -7.8125 -0.0070635
-21.875 -7.0313 -0.021417
-21.875 -6.25 0.0076823
-21.875 -5.4688 -0.019383
-21.875 -4.6875 -0.014056
-21.875 -3.9063 -0.0016064
-21.875 -3.125 0.022075
-21.875 -2.3438 0.046027
-21.875 -1.5625 0.056055
-21.875 -0.78125 0.011755
-21.875 0 -0.01247
-21.875 0.78125 -0.055488
-21.875 1.5625 -0.086838
-21.875 2.3438 -0.0096077
-21.875 3.125 0.064055
-21.875 3.9063 0.040069
-21.875 4.6875 0.053882
-21.875 5.4688 0.034726
-21.875 6.25 0.0041518
-21.875 7.0313 -0.04684
-21.875 7.8125 -0.016581
-21.875 8.5938 -0.013306
-21.875 9.375 -0.006132
-21.875 10.156 0.049494
-21.875 10.938 -0.015122
-21.875 11.719 0.0068795
-21.875 12.5 0.013483
-21.875 13.281 -0.044296
-21.875 14.063 -0.021142
-21.875 14.844 0.007135
-21.875 15.625 0.00427
-21.875 16.406 0.055213
-21.875 17.188 0.019944
-21.875 17.969 0.0081486
-21.875 18.75 -0.0094861
-21.875 19.531 -0.038672
-21.875 20.313 0.02447
-21.875 21.094 -0.018285
-21.875 21.875 -0.0033591
-21.875 22.656 0.0044253
-21.875 23.438 -0.00066861
-21.875 24.219 0.048063
-21.875 25 0.023301
-21.094 -24.219 -0.0062009
-21.094 -23.438 0.016829
-21.094 -22.656 0.030433
-21.094 -21.875 -0.020111
-21.094 -21.094 -0.032776
-21.094 -20.313 -0.033242
-21.094 -19.531 0.0018421
-21.094 -18.75 -0.009416
-21.094 -17.969 -0.023033
-21.094 -17.188 0.029091
-21.094 -16.406 0.024277
-21.094 -15.625 0.038211
-21.094 -14.844 -0.020143
-21.094 -14.063 -0.045175
-21.094 -13.281 0.018876
-21.094 -12.5 0.049004
-21.094 -11.719 -0.022892
-21.094 -10.938 -0.046651
-21.094 -10.156 0.0091239
-21.094 -9.375 0.091844
-21.094 -8.5938 0.062356
-21.094 -7.8125 -0.032097
-21.094 -7.0313 -0.043572
-21.094 -6.25 -0.015604
-21.094 -5.4688 -0.039385
-21.094 -4.6875 -0.022423
-21.094 -3.9063 0.0038199
-21.094 -3.125 0.039673
-21.094 -2.3438 0.061358
-21.094 -1.5625 0.053507
-21.094 -0.78125 -0.02017
-21.094 0 -0.022199
-21.094 0.78125 -0.01284
-21.094 1.5625 -0.031028
-21.094 2.3438 -0.039739
-21.094 3.125 0.028442
-21.094 3.9063 0.038254
-21.094 4.6875 0.044989
-21.094 5.4688 0.0046435
-21.094 6.25 0.0098745
-21.094 7.0313 -0.083379
-21.094 7.8125 -0.010003
-21.094 8.5938 -0.00081924
-21.094 9.375 0.016138
-21.094 10.156 -0.0063378
-21.094 10.938 0.013662
-21.094 11.719 0.010486
-21.094 12.5 0.042748
-21.094 13.281 -0.06379
-21.094 14.063 -0.040442
-21.094 14.844 0.005445
-21.094 15.625 -0.012827
-21.094 16.406 -0.0019718
-21.094 17.188 -0.0009063
-21.094 17.969 0.0062948
-21.094 18.75 -0.016405
-21.094 19.531 0.01246
-21.094 20.313 0.061513
-21.094 21.094 -0.014214
-21.094 21.875 0.0056096
-21.094 22.656 -0.024327
-21.094 23.438 0.008465
-21.094 24.219 0.023824
-21.094 25 0.040518
-20.313 -24.219 -0.013664
-20.313 -23.438 -0.030213
-20.313 -22.656 0.0026667
-20.313 -21.875 -0.00022952
-20.313 -21.094 0.0085379
-20.313 -20.313 -0.062232
-20.313 -19.531 0.011298
-20.313 -18.75 -0.014066
-20.313 -17.969 -0.030689
-20.313 -17.188 0.0036398
-20.313 -16.406 0.0050339
-20.313 -15.625 -0.010511
-20.313 -14.844 -0.015377
-20.313 -14.063 -0.03722
-20.313 -13.281 0.022716
-20.313 -12.5 0.02474
-20.313 -11.719 -0.0070374
-20.313 -10.938 -0.053713
-20.313 -10.156 0.036615
-20.313 -9.375 0.043211
-20.313 -8.5938 0.014457
-20.313 -7.8125 -0.046767
-20.313 -7.0313 -0.029484
-20.313 -6.25 -0.022748
-20.313 -5.4688 -0.044904
-20.313 -4.6875 -0.052579
-20.313 -3.9063 -0.014389
-20.313 -3.125 0.01974
-20.313 -2.3438 0.10223
-20.313 -1.5625 0.011528
-20.313 -0.78125 -0.062677
-20.313 0 -0.031785
-20.313 0.78125 0.005946
-20.313 1.5625 -0.0040848
-20.313 2.3438 -0.059963
-20.313 3.125 -0.037934
-20.313 3.9063 0.068028
-20.313 4.6875 0.05035
-20.313 5.4688 -2.7097e-05
-20.313 6.25 -0.016944
-20.313 7.0313 -0.039534
-20.313 7.8125 -0.026944
-20.313 8.5938 0.013882
-20.313 9.375 -0.024655
-20.313 10.156 -0.021238
-20.313 10.938 0.041811
-20.313 11.719 0.044299
-20.313 12.5 -0.02701
-20.313 13.281 -0.061778
-20.313 14.063 -0.036505
-20.313 14.844 0.014245
-20.313 15.625 -0.025838
-20.313 16.406 -0.00079126
-20.313 17.188 -0.052655
-20.313 17.969 0.0027196
-20.313 18.75 -0.028702
-20.313 19.531 0.04689
-20.313 20.313 0.066436
-20.313 21.094 0.015773
-20.313 21.875 -0.022611
-20.313 22.656 -0.015708
-20.313 23.438 0.015032
-20.313 24.219 -0.005432
-20.313 25 -0.021631
-19.531 -24.219 -0.039608
-19.531 -23.438 -0.032028
-19.531 -22.656 -0.017793
-19.531 -21.875 0.0387
-19.531 -21.094 0.047109
-19.531 -20.313 -0.016238
-19.531 -19.531 -0.013988
-19.531 -18.75 -0.016929
-19.531 -17.969 -0.0098981
-19.531 -17.188 -0.00011979
-19.531 -16.406 0.022337
-19.531 -15.625 0.0047351
-19.531 -14.844 0.020288
-19.531 -14.063 -0.019649
-19.531 -13.281 -0.024215
-19.531 -12.5 -0.045846
-19.531 -11.719 -0.0021291
-19.531 -10.938 -0.0092826
-19.531 -10.156 0.041235
-19.531 -9.375 0.062142
-19.531 -8.5938 -0.017693
-19.531 -7.8125 -0.053966
-19.531 -7.0313 0.0051016
-19.531 -6.25 0.0032154
-19.531 -5.4688 -0.039309
-19.531 -4.6875 -0.080305
-19.531 -3.9063 -0.042825
-19.531 -3.125 0.064461
-19.531 -2.3438 0.10336
-19.531 -1.5625 -0.0090382
-19.531 -0.78125 -0.076485
-19.531 0 -0.022875
-19.531 0.78125 0.0081496
-19.531 1.5625 -0.017633
-19.531 2.3438 -0.050154
-19.531 3.125 -0.025924
-19.531 3.9063 0.068183
-19.531 4.6875 0.03975
-19.531 5.4688 0.025545
-19.531 6.25 -0.04112
-19.531 7.0313 -0.02249
-19.531 7.8125 0.029675
-19.531 8.5938 0.027002
-19.531 9.375 -0.078818
-19.531 10.156 -0.048871
-19.531 10.938 0.068158
-19.531 11.719 0.069977
-19.531 12.5 -0.066921
-19.531 13.281 -0.042758
-19.531 14.063 -0.013627
-19.531 14.844 0.032604
-19.531 15.625 0.035715
-19.531 16.406 -0.028474
-19.531 17.188 -0.056522
-19.531 17.969 -0.023067
-19.531 18.75 -0.004403
-19.531 19.531 0.066416
-19.531 20.313 0.045084
-19.531 21.094 -0.0039024
-19.531 21.875 0.028491
-19.531 22.656 0.026631
-19.531 23.438 0.031166
-19.531 24.219 -0.017084
-19.531 25 -0.05767
-18.75 -24.219 -0.08238
-18.75 -23.438 -0.025887
-18.75 -22.656 0.016155
-18.75 -21.875 0.061058
-18.75 -21.094 0.10929
-18.75 -20.313 -0.0010746
-18.75 -19.531 -0.015737
-18.75 -18.75 -0.028471
-18.75 -17.969 -0.011447
-18.75 -17.188 0.027172
-18.75 -16.406 0.026637
-18.75 -15.625 0.00023466
-18.75 -14.844 0.019354
-18.75 -14.063 -0.019114
-18.75 -13.281 -0.023575
-18.75 -12.5 -0.042284
-18.75 -11.719 3.506e-05
-18.75 -10.938 -0.027311
-18.75 -10.156 0.043616
-18.75 -9.375 0.058712
-18.75 -8.5938 -0.015325
-18.75 -7.8125 -0.019651
-18.75 -7.0313 0.035766
-18.75 -6.25 0.024529
-18.75 -5.4688 -0.033518
-18.75 -4.6875 -0.056532
-18.75 -3.9063 -0.041405
-18.75 -3.125 0.073833
-18.75 -2.3438 0.078989
-18.75 -1.5625 -0.032588
-18.75 -0.78125 -0.03814
-18.75 0 -0.042951
-18.75 0.78125 0.0018442
-18.75 1.5625 -0.0007449
-18.75 2.3438 -0.01524
-18.75 3.125 -0.020681
-18.75 3.9063 0.046598
-18.75 4.6875 0.017807
-18.75 5.4688 -0.016366
-18.75 6.25 -0.010404
-18.75 7.0313 0.0062484
-18.75 7.8125 0.017153
-18.75 8.5938 0.040808
-18.75 9.375 -0.053788
-18.75 10.156 -0.040441
-18.75 10.938 0.046787
-18.75 11.719 0.047587
-18.75 12.5 -0.075946
-18.75 13.281 -0.08042
-18.75 14.063 -0.012834
-18.75 14.844 0.056283
-18.75 15.625 0.095295
-18.75 16.406 -0.013598
-18.75 17.188 -0.027591
-18.75 17.969 -0.0031702
-18.75 18.75 0.032951
-18.75 19.531 0.022
-18.75 20.313 0.0046379
-18.75 21.094 -0.044988
-18.75 21.875 0.021873
-18.75 22.656 0.058057
-18.75 23.438 0.018261
-18.75 24.219 0.0096951
-18.75 25 -0.084208
-17.969 -24.219 -0.055333
-17.969 -23.438 -0.038103
-17.969 -22.656 -0.0017637
-17.969 -21.875 0.10754
-17.969 -21.094 0.087127
-17.969 -20.313 0.00054886
-17.969 -19.531 -0.050399
-17.969 -18.75 -0.012384
-17.969 -17.969 0.011467
-17.969 -17.188 0.0604
-17.969 -16.406 0.022172
-17.969 -15.625 -0.023024
-17.969 -14.844 -0.0044968
-17.969 -14.063 -0.010673
-17.969 -13.281 -0.011136
-17.969 -12.5 0.0094058
-17.969 -11.719 0.013316
-17.969 -10.938 -0.034071
-17.969 -10.156 0.015866
-17.969 -9.375 0.049493
-17.969 -8.5938 -0.022212
-17.969 -7.8125 -0.021091
-17.969 -7.0313 0.053942
-17.969 -6.25 0.026897
-17.969 -5.4688 -0.024676
-17.969 -4.6875 -0.028297
-17.969 -3.9063 -0.0019366
-17.969 -3.125 0.048619
-17.969 -2.3438 0.053875
-17.969 -1.5625 -0.015849
-17.969 -0.78125 -0.037385
-17.969 0 -0.051737
-17.969 0.78125 0.064207
-17.969 1.5625 0.023245
-17.969 2.3438 -0.0064854
-17.969 3.125 0.016371
-17.969 3.9063 0.018641
-17.969 4.6875 0.0019737
-17.969 5.4688 -0.014565
-17.969 6.25 -0.036597
-17.969 7.0313 0.036898
-17.969 7.8125 -0.0060733
-17.969 8.5938 0.0324
-17.969 9.375 -0.032552
-17.969 10.156 -0.0061869
-17.969 10.938 0.043459
-17.969 11.719 0.027373
-17.969 12.5 -0.044273
-17.969 13.281 -0.080677
-17.969 14.063 0.0052529
-17.969 14.844 0.057569
-17.969 15.625 0.074327
-17.969 16.406 0.034629
-17.969 17.188 -0.018382
-17.969 17.969 0.027256
-17.969 18.75 0.064343
-17.969 19.531 -0.011663
-17.969 20.313 -0.021574
-17.969 21.094 -0.022494
-17.969 21.875 0.026367
-17.969 22.656 0.013656
-17.969 23.438 0.034169
-17.969 24.219 0.040299
-17.969 25 -0.08883
-17.188 -24.219 -0.0048849
-17.188 -23.438 -0.036897
-17.188 -22.656 -0.03454
-17.188 -21.875 0.07046
-17.188 -21.094 0.044142
-17.188 -20.313 0.020802
-17.188 -19.531 -0.023478
-17.188 -18.75 -0.00091799
-17.188 -17.969 0.020476
-17.188 -17.188 0.023937
-17.188 -16.406 0.0002307
-17.188 -15.625 -0.038231
-17.188 -14.844 -0.016604
-17.188 -14.063 0.0052817
-17.188 -13.281 0.010767
-17.188 -12.5 0.022607
-17.188 -11.719 -0.023054
-17.188 -10.938 -0.0064733
-17.188 -10.156 0.0079346
-17.188 -9.375 0.044418
-17.188 -8.5938 -0.033032
-17.188 -7.8125 -0.010616
-17.188 -7.0313 0.046487
-17.188 -6.25 0.034821
-17.188 -5.4688 -0.013354
-17.188 -4.6875 -0.0075777
-17.188 -3.9063 -0.011468
-17.188 -3.125 0.037642
-17.188 -2.3438 0.047081
-17.188 -1.5625 0.037396
-17.188 -0.78125 -0.045803
-17.188 0 -0.02779
-17.188 0.78125 0.01966
-17.188 1.5625 -0.022522
-17.188 2.3438 0.018351
-17.188 3.125 0.048835
-17.188 3.9063 0.026371
-17.188 4.6875 0.03224
-17.188 5.4688 -0.018717
-17.188 6.25 -0.049565
-17.188 7.0313 0.012897
-17.188 7.8125 0.0075818
-17.188 8.5938 -0.0055235
-17.188 9.375 0.0015398
-17.188 10.156 -0.019336
-17.188 10.938 0.048821
-17.188 11.719 0.017376
-17.188 12.5 -0.035794
-17.188 13.281 -0.014752
-17.188 14.063 0.028408
-17.188 14.844 0.045299
-17.188 15.625 0.075992
-17.188 16.406 -0.02053
-17.188 17.188 -0.055069
-17.188 17.969 0.048378
-17.188 18.75 0.068292
-17.188 19.531 -0.030799
-17.188 20.313 -0.027337
-17.188 21.094 -0.011447
-17.188 21.875 0.011845
-17.188 22.656 -0.014778
-17.188 23.438 0.063137
-17.188 24.219 0.016335
-17.188 25 -0.018469
-16.406 -24.219 -0.018476
-16.406 -23.438 -0.045809
-16.406 -22.656 -0.058697
-16.406 -21.875 -0.018676
-16.406 -21.094 0.036801
-16.406 -20.313 0.024302
-16.406 -19.531 0.0096657
-16.406 -18.75 0.02681
-16.406 -17.969 0.011202
-16.406 -17.188 -0.016286
-16.406 -16.406 -0.023689
-16.406 -15.625 -0.015676
-16.406 -14.844 -0.0048741
-16.406 -14.063 -0.032042
-16.406 -13.281 0.026816
-16.406 -12.5 0.0071712
-16.406 -11.719 -0.01875
-16.406 -10.938 -0.0059161
-16.406 -10.156 0.0040529
-16.406 -9.375 -0.0018209
-16.406 -8.5938 -0.014912
-16.406 -7.8125 -0.0021826
-16.406 -7.0313 0.043259
-16.406 -6.25 0.0053303
-16.406 -5.4688 -0.011312
-16.406 -4.6875 -0.038632
-16.406 -3.9063 -0.035225
-16.406 -3.125 -0.0065461
-16.406 -2.3438 0.059404
-16.406 -1.5625 0.052832
-16.406 -0.78125 -0.036322
-16.406 0 -0.00052704
-16.406 0.78125 -0.031815
-16.406 1.5625 -0.042032
-16.406 2.3438 -0.035721
-16.406 3.125 0.03267
-16.406 3.9063 0.048837
-16.406 4.6875 0.013026
-16.406 5.4688 -0.023846
-16.406 6.25 -0.033915
-16.406 7.0313 0.012154
-16.406 7.8125 -0.0016535
-16.406 8.5938 -0.0076047
-16.406 9.375 -0.0067808
-16.406 10.156 0.002323
-16.406 10.938 0.027075
-16.406 11.719 0.032022
-16.406 12.5 -0.025093
-16.406 13.281 -0.011015
-16.406 14.063 0.0059065
-16.406 14.844 0.030099
-16.406 15.625 0.071596
-16.406 16.406 -0.050457
-16.406 17.188 -0.077774
-16.406 17.969 0.01774
-16.406 18.75 0.029666
-16.406 19.531 -0.0091054
-16.406 20.313 -0.025435
-16.406 21.094 -0.029143
-16.406 21.875 0.01285
-16.406 22.656 -0.0072721
-16.406 23.438 0.031817
-16.406 24.219 0.022106
-16.406 25 0.038493
-15.625 -24.219 -0.01491
-15.625 -23.438 -0.037296
-15.625 -22.656 -0.062611
-15.625 -21.875 -0.064109
-15.625 -21.094 0.029188
-15.625 -20.313 0.010231
-15.625 -19.531 0.011333
-15.625 -18.75 0.02421
-15.625 -17.969 0.013049
-15.625 -17.188 0.012688
-15.625 -16.406 -0.011815
-15.625 -15.625 -0.038813
-15.625 -14.844 -0.025247
-15.625 -14.063 -0.0098222
-15.625 -13.281 0.031374
-15.625 -12.5 0.0046956
-15.625 -11.719 0.011275
-15.625 -10.938 0.0053038
-15.625 -10.156 -0.013971
-15.625 -9.375 -0.0028371
-15.625 -8.5938 0.02928
-15.625 -7.8125 -0.015765
-15.625 -7.0313 0.034261
-15.625 -6.25 0.012908
-15.625 -5.4688 -0.018011
-15.625 -4.6875 -0.045402
-15.625 -3.9063 -0.062882
-15.625 -3.125 0.0014145
-15.625 -2.3438 0.10186
-15.625 -1.5625 0.027722
-15.625 -0.78125 -0.0069725
-15.625 0 -0.027122
-15.625 0.78125 -0.050696
-15.625 1.5625 -0.060699
-15.625 2.3438 -0.026541
-15.625 3.125 -0.0070164
-15.625 3.9063 0.054367
-15.625 4.6875 0.0037144
-15.625 5.4688 -0.01133
-15.625 6.25 -0.012676
-15.625 7.0313 0.017651
-15.625 7.8125 0.03345
-15.625 8.5938 0.023849
-15.625 9.375 -0.0091236
-15.625 10.156 -0.007859
-15.625 10.938 0.020559
-15.625 11.719 0.0336
-15.625 12.5 -0.022737
-15.625 13.281 0.0021788
-15.625 14.063 0.0027548
-15.625 14.844 -0.0068154
-15.625 15.625 0.027035
-15.625 16.406 -0.03173
-15.625 17.188 -0.044154
-15.625 17.969 -0.021758
-15.625 18.75 -0.0020417
-15.625 19.531 -0.00092722
-15.625 20.313 -0.018973
-15.625 21.094 0.026129
-15.625 21.875 0.0079075
-15.625 22.656 -0.028175
-15.625 23.438 -0.02313
-15.625 24.219 0.036432
-15.625 25 0.043236
-14.844 -24.219 -0.0072849
-14.844 -23.438 -0.0082589
-14.844 -22.656 -0.04293
-14.844 -21.875 -0.032126
-14.844 -21.094 0.03813
-14.844 -20.313 -0.017353
-14.844 -19.531 -0.021101
-14.844 -18.75 0.023782
-14.844 -17.969 0.04088
-14.844 -17.188 0.016744
-14.844 -16.406 -0.011565
-14.844 -15.625 -0.03636
-14.844 -14.844 -0.074248
-14.844 -14.063 -0.023186
-14.844 -13.281 0.057418
-14.844 -12.5 0.016853
-14.844 -11.719 0.032464
-14.844 -10.938 -0.016334
-14.844 -10.156 -0.041196
-14.844 -9.375 0.028621
-14.844 -8.5938 0.04352
-14.844 -7.8125 -0.010996
-14.844 -7.0313 0.0034975
-14.844 -6.25 0.015435
-14.844 -5.4688 -0.0034891
-14.844 -4.6875 -0.057661
-14.844 -3.9063 -0.054632
-14.844 -3.125 0.005898
-14.844 -2.3438 0.10535
-14.844 -1.5625 0.017487
-14.844 -0.78125 -0.0029299
-14.844 0 -0.017999
-14.844 0.78125 -0.053003
-14.844 1.5625 -0.038642
-14.844 2.3438 -0.053392
-14.844 3.125 -0.036011
-14.844 3.9063 0.077032
-14.844 4.6875 0.027224
-14.844 5.4688 -0.0041867
-14.844 6.25 -0.037539
-14.844 7.0313 0.0037732
-14.844 7.8125 0.033053
-14.844 8.5938 0.079927
-14.844 9.375 -0.0096142
-14.844 10.156 -0.024332
-14.844 10.938 0.0098723
-14.844 11.719 0.025063
-14.844 12.5 0.003633
-14.844 13.281 0.0077611
-14.844 14.063 -0.018605
-14.844 14.844 -0.013111
-14.844 15.625 0.0032113
-14.844 16.406 -0.0055326
-14.844 17.188 -0.0050861
-14.844 17.969 -0.031275
-14.844 18.75 -0.010536
-14.844 19.531 0.011319
-14.844 20.313 0.012368
-14.844 21.094 0.017953
-14.844 21.875 -0.015673
-14.844 22.656 -0.025631
-14.844 23.438 -0.01085
-14.844 24.219 0.026253
-14.844 25 -0.0021468
-14.063 -24.219 -0.0080559
-14.063 -23.438 0.022195
-14.063 -22.656 0.0043001
-14.063 -21.875 0.005651
-14.063 -21.094 0.049558
-14.063 -20.313 -0.038899
-14.063 -19.531 -0.031201
-14.063 -18.75 0.003419
-14.063 -17.969 0.0042393
-14.063 -17.188 0.0012449
-14.063 -16.406 0.0050661
-14.063 -15.625 -0.012287
-14.063 -14.844 3.4793e-05
-14.063 -14.063 -0.022887
-14.063 -13.281 0.033666
-14.063 -12.5 -0.0052448
-14.063 -11.719 0.0021047
-14.063 -10.938 -0.024316
-14.063 -10.156 -0.0081039
-14.063 -9.375 -0.017028
-14.063 -8.5938 0.019801
-14.063 -7.8125 -0.01226
-14.063 -7.0313 0.0032787
-14.063 -6.25 0.015948
-14.063 -5.4688 0.011706
-14.063 -4.6875 -0.053779
-14.063 -3.9063 -0.072149
-14.063 -3.125 -0.0067114
-14.063 -2.3438 0.10172
-14.063 -1.5625 0.0092599
-14.063 -0.78125 -0.0095615
-14.063 0 -0.049064
-14.063 0.78125 -0.024695
-14.063 1.5625 -0.0048302
-14.063 2.3438 -0.032199
-14.063 3.125 -0.029081
-14.063 3.9063 0.078655
-14.063 4.6875 0.044458
-14.063 5.4688 -0.025424
-14.063 6.25 -0.052361
-14.063 7.0313 -0.0035727
-14.063 7.8125 0.034432
-14.063 8.5938 0.073246
-14.063 9.375 -0.034874
-14.063 10.156 -0.035651
-14.063 10.938 0.0010656
-14.063 11.719 0.010554
-14.063 12.5 0.01887
-14.063 13.281 0.013319
-14.063 14.063 -0.048029
-14.063 14.844 -0.03524
-14.063 15.625 0.010106
-14.063 16.406 0.038818
-14.063 17.188 -0.021728
-14.063 17.969 -0.032222
-14.063 18.75 -0.0386
-14.063 19.531 0.026753
-14.063 20.313 0.040116
-14.063 21.094 0.011874
-14.063 21.875 -0.047484
-14.063 22.656 -0.032597
-14.063 23.438 0.0084156
-14.063 24.219 0.032691
-14.063 25 -0.025977
-13.281 -24.219 0.0068653
-13.281 -23.438 0.024307
-13.281 -22.656 0.027368
-13.281 -21.875 0.011441
-13.281 -21.094 0.069516
-13.281 -20.313 0.012258
-13.281 -19.531 -0.046791
-13.281 -18.75 -0.030667
-13.281 -17.969 -0.07334
-13.281 -17.188 -0.015766
-13.281 -16.406 0.03695
-13.281 -15.625 0.01367
-13.281 -14.844 0.032377
-13.281 -14.063 0.010148
-13.281 -13.281 0.0096605
-13.281 -12.5 -0.02899
-13.281 -11.719 0.0052587
-13.281 -10.938 -0.029791
-13.281 -10.156 -0.019028
-13.281 -9.375 0.0048817
-13.281 -8.5938 0.0082949
-13.281 -7.8125 -0.049329
-13.281 -7.0313 -0.0099995
-13.281 -6.25 0.015021
-13.281 -5.4688 0.05904
-13.281 -4.6875 -0.032824
-13.281 -3.9063 -0.080454
-13.281 -3.125 -0.035578
-13.281 -2.3438 0.098818
-13.281 -1.5625 0.032879
-13.281 -0.78125 -0.0031239
-13.281 0 -0.0085092
-13.281 0.78125 -0.033523
-13.281 1.5625 0.010046
-13.281 2.3438 0.0038382
-13.281 3.125 -0.0076317
-13.281 3.9063 0.040193
-13.281 4.6875 0.065903
-13.281 5.4688 -0.013099
-13.281 6.25 -0.078141
-13.281 7.0313 -0.016434
-13.281 7.8125 0.043786
-13.281 8.5938 0.080536
-13.281 9.375 -0.061119
-13.281 10.156 -0.038442
-13.281 10.938 0.018351
-13.281 11.719 0.0036224
-13.281 12.5 -0.0030371
-13.281 13.281 0.025584
-13.281 14.063 0.019946
-13.281 14.844 -0.032295
-13.281 15.625 -0.005367
-13.281 16.406 -0.0057331
-13.281 17.188 -0.035263
-13.281 17.969 -0.0082636
-13.281 18.75 -0.016414
-13.281 19.531 -0.00036914
-13.281 20.313 0.061239
-13.281 21.094 0.0068598
-13.281 21.875 -0.004533
-13.281 22.656 -0.013269
-13.281 23.438 -0.0090778
-13.281 24.219 0.02336
-13.281 25 -0.025734
-12.5 -24.219 0.043114
-12.5 -23.438 -0.015516
-12.5 -22.656 -0.067876
-12.5 -21.875 0.013858
-12.5 -21.094 0.096653
-12.5 -20.313 0.048654
-12.5 -19.531 -0.021115
-12.5 -18.75 -0.07612
-12.5 -17.969 -0.076342
-12.5 -17.188 -0.0099392
-12.5 -16.406 0.021573
-12.5 -15.625 -0.00829
-12.5 -14.844 0.034354
-12.5 -14.063 0.045797
-12.5 -13.281 0.020036
-12.5 -12.5 0.0055725
-12.5 -11.719 0.0040793
-12.5 -10.938 -0.054363
-12.5 -10.156 -0.011599
-12.5 -9.375 0.006236
-12.5 -8.5938 -0.00061382
-12.5 -7.8125 -0.068671
-12.5 -7.0313 -0.017054
-12.5 -6.25 0.029783
-12.5 -5.4688 0.074816
-12.5 -4.6875 -0.018178
-12.5 -3.9063 -0.059541
-12.5 -3.125 -0.059064
-12.5 -2.3438 0.013908
-12.5 -1.5625 0.078727
-12.5 -0.78125 0.052441
-12.5 0 0.0096553
-12.5 0.78125 -0.066119
-12.5 1.5625 -0.028991
-12.5 2.3438 0.03299
-12.5 3.125 0.0089667
-12.5 3.9063 0.035693
-12.5 4.6875 0.075522
-12.5 5.4688 -0.035947
-12.5 6.25 -0.052583
-12.5 7.0313 -0.028616
-12.5 7.8125 0.022048
-12.5 8.5938 0.035448
-12.5 9.375 -0.01761
-12.5 10.156 -0.034531
-12.5 10.938 -0.014046
-12.5 11.719 0.03174
-12.5 12.5 -0.025368
-12.5 13.281 0.0014159
-12.5 14.063 0.076115
-12.5 14.844 0.016187
-12.5 15.625 -0.0012825
-12.5 16.406 -0.056284
-12.5 17.188 -0.048556
-12.5 17.969 0.021284
-12.5 18.75 0.034581
-12.5 19.531 -0.018948
-12.5 20.313 0.016308
-12.5 21.094 0.0053518
-12.5 21.875 -0.0023083
-12.5 22.656 -0.003727
-12.5 23.438 -0.011017
-12.5 24.219 0.022043
-12.5 25 -0.0033276
-11.719 -24.219 0.055212
-11.719 -23.438 -0.025847
-11.719 -22.656 -0.096267
-11.719 -21.875 -0.022169
-11.719 -21.094 0.068784
-11.719 -20.313 0.082153
-11.719 -19.531 -0.020114
-11.719 -18.75 -0.033073
-11.719 -17.969 -0.015161
-11.719 -17.188 -0.016342
-11.719 -16.406 -0.0085726
-11.719 -15.625 -0.023566
-11.719 -14.844 0.0095201
-11.719 -14.063 0.013731
-11.719 -13.281 0.041085
-11.719 -12.5 0.041106
-11.719 -11.719 0.013547
-11.719 -10.938 -0.035666
-11.719 -10.156 -0.025926
-11.719 -9.375 -0.0043312
-11.719 -8.5938 0.0053118
-11.719 -7.8125 -0.052022
-11.719 -7.0313 -0.019951
-11.719 -6.25 0.020847
-11.719 -5.4688 0.046617
-11.719 -4.6875 0.016977
-11.719 -3.9063 -0.01466
-11.719 -3.125 -0.03826
-11.719 -2.3438 -0.0043024
-11.719 -1.5625 0.089337
-11.719 -0.78125 0.053819
-11.719 0 -0.012656
-11.719 0.78125 -0.10018
-11.719 1.5625 -0.0051184
-11.719 2.3438 0.04433
-11.719 3.125 0.0054922
-11.719 3.9063 0.0873
-11.719 4.6875 0.071093
-11.719 5.4688 -0.05363
-11.719 6.25 -0.012867
-11.719 7.0313 -0.047931
-11.719 7.8125 -0.004193
-11.719 8.5938 -0.0097659
-11.719 9.375 -0.019196
-11.719 10.156 -0.023181
-11.719 10.938 0.024739
-11.719 11.719 0.016824
-11.719 12.5 -0.025576
-11.719 13.281 -0.0075812
-11.719 14.063 0.01042
-11.719 14.844 0.038375
-11.719 15.625 -0.011443
-11.719 16.406 -0.034865
-11.719 17.188 -0.019349
-11.719 17.969 0.039913
-11.719 18.75 0.029698
-11.719 19.531 -0.049721
-11.719 20.313 -0.018465
-11.719 21.094 0.027408
-11.719 21.875 -0.0031383
-11.719 22.656 -0.034724
-11.719 23.438 -0.0018597
-11.719 24.219 0.020118
-11.719 25 0.01845
-10.938 -24.219 0.043967
-10.938 -23.438 -0.0049106
-10.938 -22.656 -0.084822
-10.938 -21.875 -0.030041
-10.938 -21.094 0.023996
-10.938 -20.313 0.073247
-10.938 -19.531 -0.0023802
-10.938 -18.75 -0.0088143
-10.938 -17.969 -0.006113
-10.938 -17.188 -0.00209
-10.938 -16.406 -0.024107
-10.938 -15.625 0.013761
-10.938 -14.844 -0.035842
-10.938 -14.063 0.0073024
-10.938 -13.281 0.040938
-10.938 -12.5 0.043293
-10.938 -11.719 0.042189
-10.938 -10.938 -0.036997
-10.938 -10.156 -0.059651
-10.938 -9.375 -0.022086
-10.938 -8.5938 0.0066713
-10.938 -7.8125 -0.010685
-10.938 -7.0313 -0.016369
-10.938 -6.25 0.026692
-10.938 -5.4688 0.028497
-10.938 -4.6875 0.011097
-10.938 -3.9063 -0.035708
-10.938 -3.125 -0.021049
-10.938 -2.3438 0.035808
-10.938 -1.5625 0.071725
-10.938 -0.78125 0.029961
-10.938 0 -0.049084
-10.938 0.78125 -0.11976
-10.938 1.5625 0.024789
-10.938 2.3438 0.062711
-10.938 3.125 0.017714
-10.938 3.9063 0.064627
-10.938 4.6875 0.068108
-10.938 5.4688 -0.028909
-10.938 6.25 -0.026227
-10.938 7.0313 -0.040278
-10.938 7.8125 -0.025056
-10.938 8.5938 -0.051784
-10.938 9.375 0.013058
-10.938 10.156 0.016984
-10.938 10.938 0.033587
-10.938 11.719 0.00070385
-10.938 12.5 -0.030006
-10.938 13.281 -0.082504
-10.938 14.063 -0.029458
-10.938 14.844 0.063339
-10.938 15.625 0.023232
-10.938 16.406 -0.018956
-10.938 17.188 0.0073207
-10.938 17.969 0.043347
-10.938 18.75 0.014052
-10.938 19.531 -0.10541
-10.938 20.313 0.0060117
-10.938 21.094 0.035945
-10.938 21.875 -0.016442
-10.938 22.656 -0.062541
-10.938 23.438 0.006099
-10.938 24.219 0.0065201
-10.938 25 0.039509
-10.156 -24.219 0.036069
-10.156 -23.438 0.0076017
-10.156 -22.656 -0.044528
-10.156 -21.875 -0.027962
-10.156 -21.094 -0.0082173
-10.156 -20.313 0.023509
-10.156 -19.531 0.013028
-10.156 -18.75 -0.0028653
-10.156 -17.969 0.0095101
-10.156 -17.188 -0.0066232
-10.156 -16.406 0.0045396
-10.156 -15.625 0.016608
-10.156 -14.844 -0.034862
-10.156 -14.063 0.012329
-10.156 -13.281 0.038805
-10.156 -12.5 0.036098
-10.156 -11.719 0.016855
-10.156 -10.938 -0.021076
-10.156 -10.156 -0.057587
-10.156 -9.375 0.004811
-10.156 -8.5938 0.00038
-10.156 -7.8125 -0.0064131
-10.156 -7.0313 0.036446
-10.156 -6.25 0.036655
-10.156 -5.4688 0.015287
-10.156 -4.6875 0.0074692
-10.156 -3.9063 -0.06545
-10.156 -3.125 -0.010672
-10.156 -2.3438 0.098053
-10.156 -1.5625 0.052445
-10.156 -0.78125 -0.030441
-10.156 0 -0.044738
-10.156 0.78125 -0.090025
-10.156 1.5625 0.016206
-10.156 2.3438 0.03932
-10.156 3.125 0.027267
-10.156 3.9063 0.05585
-10.156 4.6875 0.019211
-10.156 5.4688 -0.023319
-10.156 6.25 0.016839
-10.156 7.0313 -0.023249
-10.156 7.8125 -0.038481
-10.156 8.5938 -0.015906
-10.156 9.375 0.012406
-10.156 10.156 0.052429
-10.156 10.938 0.0039193
-10.156 11.719 0.0021807
-10.156 12.5 -0.015091
-10.156 13.281 -0.080768
-10.156 14.063 -0.034544
-10.156 14.844 0.032132
-10.156 15.625 0.044845
-10.156 16.406 -0.008281
-10.156 17.188 0.0096149
-10.156 17.969 0.032868
-10.156 18.75 -0.042166
-10.156 19.531 -0.065937
-10.156 20.313 0.04491
-10.156 21.094 0.057384
-10.156 21.875 -0.043394
-10.156 22.656 -0.07937
-10.156 23.438 0.0068046
-10.156 24.219 0.0042828
-10.156 25 0.022542
-9.375 -24.219 0.036021
-9.375 -23.438 0.010258
-9.375 -22.656 -0.019585
-9.375 -21.875 -0.016714
-9.375 -21.094 -0.035882
-9.375 -20.313 -0.018942
-9.375 -19.531 0.0017765
-9.375 -18.75 0.022181
-9.375 -17.969 -0.026315
-9.375 -17.188 -0.016188
-9.375 -16.406 -0.014689
-9.375 -15.625 0.0078399
-9.375 -14.844 -0.037724
-9.375 -14.063 0.0019246
-9.375 -13.281 0.069346
-9.375 -12.5 0.039391
-9.375 -11.719 -0.0087964
-9.375 -10.938 -0.041702
-9.375 -10.156 -0.08217
-9.375 -9.375 0.012245
-9.375 -8.5938 0.016789
-9.375 -7.8125 0.016142
-9.375 -7.0313 0.02141
-9.375 -6.25 0.049776
-9.375 -5.4688 0.0065818
-9.375 -4.6875 0.0052575
-9.375 -3.9063 -0.10399
-9.375 -3.125 0.013946
-9.375 -2.3438 0.11052
-9.375 -1.5625 0.043519
-9.375 -0.78125 -0.029737
-9.375 0 -0.022654
-9.375 0.78125 -0.073853
-9.375 1.5625 -0.021941
-9.375 2.3438 -0.043515
-9.375 3.125 0.027327
-9.375 3.9063 0.043815
-9.375 4.6875 0.01058
-9.375 5.4688 -0.047304
-9.375 6.25 0.0057566
-9.375 7.0313 -9.5072e-08
-9.375 7.8125 -0.017972
-9.375 8.5938 -0.008401
-9.375 9.375 0.003257
-9.375 10.156 0.015664
-9.375 10.938 -0.016107
-9.375 11.719 -0.019894
-9.375 12.5 -0.011863
-9.375 13.281 -0.02037
-9.375 14.063 -0.021238
-9.375 14.844 0.041586
-9.375 15.625 0.015898
-9.375 16.406 -0.0074617
-9.375 17.188 0.019041
-9.375 17.969 -0.029947
-9.375 18.75 -0.052208
-9.375 19.531 -0.016323
-9.375 20.313 0.060983
-9.375 21.094 0.032011
-9.375 21.875 -0.031121
-9.375 22.656 -0.051828
-9.375 23.438 0.022953
-9.375 24.219 -0.013292
-9.375 25 0.019641
-8.5938 -24.219 0.023193
-8.5938 -23.438 -0.0068556
-8.5938 -22.656 -0.01597
-8.5938 -21.875 0.0080858
-8.5938 -21.094 0.0012757
-8.5938 -20.313 -0.076623
-8.5938 -19.531 -0.010944
-8.5938 -18.75 0.0024934
-8.5938 -17.969 -0.0044879
-8.5938 -17.188 -0.014507
-8.5938 -16.406 -0.0075331
-8.5938 -15.625 -0.042045
-8.5938 -14.844 -0.032217
-8.5938 -14.063 0.0075558
-8.5938 -13.281 0.062765
-8.5938 -12.5 0.0090553
-8.5938 -11.719 -0.015833
-8.5938 -10.938 -0.033745
-8.5938 -10.156 -0.084419
-8.5938 -9.375 -0.018912
-8.5938 -8.5938 0.060678
-8.5938 -7.8125 0.02365
-8.5938 -7.0313 0.025299
-8.5938 -6.25 0.0040557
-8.5938 -5.4688 0.009785
-8.5938 -4.6875 -0.021705
-8.5938 -3.9063 -0.084336
-8.5938 -3.125 0.035826
-8.5938 -2.3438 0.079071
-8.5938 -1.5625 0.018053
-8.5938 -0.78125 -0.0082119
-8.5938 0 -0.013685
-8.5938 0.78125 -0.03645
-8.5938 1.5625 -0.060886
-8.5938 2.3438 -0.034883
-8.5938 3.125 0.020977
-8.5938 3.9063 0.025045
-8.5938 4.6875 -0.003721
-8.5938 5.4688 -0.05305
-8.5938 6.25 -0.019047
-8.5938 7.0313 -0.0080177
-8.5938 7.8125 0.0066075
-8.5938 8.5938 -0.007951
-8.5938 9.375 -0.014529
-8.5938 10.156 0.030638
-8.5938 10.938 0.011525
-8.5938 11.719 -0.043529
-8.5938 12.5 -0.04138
-8.5938 13.281 -0.0034946
-8.5938 14.063 0.017968
-8.5938 14.844 0.048294
-8.5938 15.625 -0.019073
-8.5938 16.406 0.0093402
-8.5938 17.188 0.0069573
-8.5938 17.969 -0.035247
-8.5938 18.75 -0.047934
-8.5938 19.531 0.03212
-8.5938 20.313 0.05419
-8.5938 21.094 -0.036737
-8.5938 21.875 -0.016398
-8.5938 22.656 0.0051693
-8.5938 23.438 0.011247
-8.5938 24.219 -0.00051964
-8.5938 25 0.002711
-7.8125 -24.219 0.058097
-7.8125 -23.438 -0.014461
-7.8125 -22.656 -0.018193
-7.8125 -21.875 0.023123
-7.8125 -21.094 0.0061176
-7.8125 -20.313 -0.049258
-7.8125 -19.531 0.024002
-7.8125 -18.75 0.0070839
-7.8125 -17.969 0.0013458
-7.8125 -17.188 0.0035883
-7.8125 -16.406 -0.034379
-7.8125 -15.625 -0.05353
-7.8125 -14.844 -0.026712
-7.8125 -14.063 0.02782
-7.8125 -13.281 0.068779
-7.8125 -12.5 0.031244
-7.8125 -11.719 0.013594
-7.8125 -10.938 -0.017165
-7.8125 -10.156 -0.05343
-7.8125 -9.375 -0.049468
-7.8125 -8.5938 0.078878
-7.8125 -7.8125 0.015807
-7.8125 -7.0313 -0.042301
-7.8125 -6.25 0.004233
-7.8125 -5.4688 0.0097735
-7.8125 -4.6875 -0.05787
-7.8125 -3.9063 -0.0534
-7.8125 -3.125 0.022713
-7.8125 -2.3438 0.081351
-7.8125 -1.5625 -0.0015302
-7.8125 -0.78125 -0.013075
-7.8125 0 -0.0028284
-7.8125 0.78125 -0.01826
-7.8125 1.5625 -0.052604
-7.8125 2.3438 -0.010641
-7.8125 3.125 0.016187
-7.8125 3.9063 0.068544
-7.8125 4.6875 -0.012304
-7.8125 5.4688 -0.031263
-7.8125 6.25 -0.059858
-7.8125 7.0313 0.0045996
-7.8125 7.8125 0.011465
-7.8125 8.5938 0.02011
-7.8125 9.375 -0.013097
-7.8125 10.156 0.045891
-7.8125 10.938 0.010264
-7.8125 11.719 -0.068136
-7.8125 12.5 -0.070323
-7.8125 13.281 0.016167
-7.8125 14.063 0.039907
-7.8125 14.844 0.049302
-7.8125 15.625 -0.027497
-7.8125 16.406 0.028536
-7.8125 17.188 -0.015767
-7.8125 17.969 -0.026379
-7.8125 18.75 0.016454
-7.8125 19.531 0.022057
-7.8125 20.313 0.01695
-7.8125 21.094 -0.039789
-7.8125 21.875 -0.011446
-7.8125 22.656 0.013576
-7.8125 23.438 0.011348
-7.8125 24.219 -0.0065735
-7.8125 25 8.8182e-06
-7.0313 -24.219 0.042369
-7.0313 -23.438 -0.050835
-7.0313 -22.656 -0.067068
-7.0313 -21.875 0.039841
-7.0313 -21.094 0.040118
-7.0313 -20.313 0.0058046
-7.0313 -19.531 0.0075704
-7.0313 -18.75 0.073871
-7.0313 -17.969 -0.008719
-7.0313 -17.188 -0.022322
-7.0313 -16.406 -0.025278
-7.0313 -15.625 -0.023587
-7.0313 -14.844 -0.033858
-7.0313 -14.063 0.015167
-7.0313 -13.281 0.062723
-7.0313 -12.5 0.05278
-7.0313 -11.719 0.030427
-7.0313 -10.938 -0.0089783
-7.0313 -10.156 -0.053494
-7.0313 -9.375 -0.047598
-7.0313 -8.5938 0.044092
-7.0313 -7.8125 0.015343
-7.0313 -7.0313 -0.031146
-7.0313 -6.25 0.019573
-7.0313 -5.4688 -0.036889
-7.0313 -4.6875 -0.064038
-7.0313 -3.9063 -0.015765
-7.0313 -3.125 0.012396
-7.0313 -2.3438 0.0881
-7.0313 -1.5625 -0.022117
-7.0313 -0.78125 -0.046892
-7.0313 0 -8.7072e-06
-7.0313 0.78125 -0.032122
-7.0313 1.5625 -0.044878
-7.0313 2.3438 0.0029478
-7.0313 3.125 0.038023
-7.0313 3.9063 0.10291
-7.0313 4.6875 0.01142
-7.0313 5.4688 -0.025857
-7.0313 6.25 -0.060843
-7.0313 7.0313 -0.010563
-7.0313 7.8125 0.043766
-7.0313 8.5938 0.029298
-7.0313 9.375 0.0055102
-7.0313 10.156 0.043134
-7.0313 10.938 -0.012533
-7.0313 11.719 -0.10151
-7.0313 12.5 -0.070549
-7.0313 13.281 0.03229
-7.0313 14.063 0.084701
-7.0313 14.844 0.056012
-7.0313 15.625 -0.037014
-7.0313 16.406 -0.03274
-7.0313 17.188 -0.018154
-7.0313 17.969 0.012255
-7.0313 18.75 0.031572
-7.0313 19.531 -0.00411
-7.0313 20.313 0.034287
-7.0313 21.094 -0.0087188
-7.0313 21.875 -0.0037052
-7.0313 22.656 0.0023005
-7.0313 23.438 0.019068
-7.0313 24.219 -0.036201
-7.0313 25 0.0090721
-6.25 -24.219 0.01397
-6.25 -23.438 -0.065318
-6.25 -22.656 -0.075099
-6.25 -21.875 0.061429
-6.25 -21.094 0.0078644
-6.25 -20.313 0.017992
-6.25 -19.531 0.00077331
-6.25 -18.75 0.054699
-6.25 -17.969 -0.013427
-6.25 -17.188 0.016636
-6.25 -16.406 -0.0032912
-6.25 -15.625 -0.026224
-6.25 -14.844 -0.0023957
-6.25 -14.063 0.065384
-6.25 -13.281 0.02791
-6.25 -12.5 0.065304
-6.25 -11.719 0.023878
-6.25 -10.938 0.013642
-6.25 -10.156 -0.033753
-6.25 -9.375 -0.061228
-6.25 -8.5938 0.019282
-6.25 -7.8125 0.041545
-6.25 -7.0313 -0.014061
-6.25 -6.25 -0.00033609
-6.25 -5.4688 -0.025539
-6.25 -4.6875 0.0061114
-6.25 -3.9063 -0.043375
-6.25 -3.125 0.049353
-6.25 -2.3438 0.092623
-6.25 -1.5625 -0.020792
-6.25 -0.78125 -0.064137
-6.25 0 -0.033146
-6.25 0.78125 -0.049987
-6.25 1.5625 -0.01269
-6.25 2.3438 0.00047132
-6.25 3.125 0.087452
-6.25 3.9063 0.10091
-6.25 4.6875 0.014032
-6.25 5.4688 -0.051797
-6.25 6.25 -0.0081988
-6.25 7.0313 -0.003242
-6.25 7.8125 0.040391
-6.25 8.5938 0.0095253
-6.25 9.375 0.010135
-6.25 10.156 0.042613
-6.25 10.938 -0.016693
-6.25 11.719 -0.10662
-6.25 12.5 -0.049143
-6.25 13.281 0.039883
-6.25 14.063 0.11401
-6.25 14.844 0.087011
-6.25 15.625 0.0040847
-6.25 16.406 -0.061197
-6.25 17.188 -0.010861
-6.25 17.969 0.035035
-6.25 18.75 0.003482
-6.25 19.531 -0.02707
-6.25 20.313 0.065632
-6.25 21.094 0.045703
-6.25 21.875 -0.0039074
-6.25 22.656 0.0096873
-6.25 23.438 0.019922
-6.25 24.219 -0.034226
-6.25 25 0.00028956
-5.4688 -24.219 0.0051879
-5.4688 -23.438 -0.079629
-5.4688 -22.656 -0.020068
-5.4688 -21.875 0.024363
-5.4688 -21.094 0.023387
-5.4688 -20.313 0.025076
-5.4688 -19.531 -0.0044881
-5.4688 -18.75 -0.00048004
-5.4688 -17.969 -0.023339
-5.4688 -17.188 0.0034876
-5.4688 -16.406 0.025684
-5.4688 -15.625 -0.0084231
-5.4688 -14.844 0.016851
-5.4688 -14.063 0.062224
-5.4688 -13.281 0.039533
-5.4688 -12.5 -0.0081629
-5.4688 -11.719 0.022755
-5.4688 -10.938 0.013959
-5.4688 -10.156 -0.024726
-5.4688 -9.375 -0.055755
-5.4688 -8.5938 0.071142
-5.4688 -7.8125 0.028835
-5.4688 -7.0313 -0.011073
-5.4688 -6.25 0.0027904
-5.4688 -5.4688 0.00083837
-5.4688 -4.6875 -0.019888
-5.4688 -3.9063 0.0095218
-5.4688 -3.125 0.056616
-5.4688 -2.3438 0.077102
-5.4688 -1.5625 -0.039322
-5.4688 -0.78125 -0.094178
-5.4688 0 -0.022637
-5.4688 0.78125 0.030555
-5.4688 1.5625 -0.023625
-5.4688 2.3438 0.012966
-5.4688 3.125 0.059619
-5.4688 3.9063 0.090514
-5.4688 4.6875 -0.0045401
-5.4688 5.4688 -0.059612
-5.4688 6.25 -0.0047089
-5.4688 7.0313 0.038478
-5.4688 7.8125 -0.0076576
-5.4688 8.5938 0.01493
-5.4688 9.375 -0.024861
-5.4688 10.156 0.048869
-5.4688 10.938 -0.027335
-5.4688 11.719 -0.08812
-5.4688 12.5 -0.026499
-5.4688 13.281 0.074062
-5.4688 14.063 0.083287
-5.4688 14.844 0.076252
-5.4688 15.625 -0.011797
-5.4688 16.406 -0.053761
-5.4688 17.188 -0.0046431
-5.4688 17.969 0.04111
-5.4688 18.75 -0.023581
-5.4688 19.531 0.014121
-5.4688 20.313 0.045706
-5.4688 21.094 0.048622
-5.4688 21.875 -0.0026564
-5.4688 22.656 0.023745
-5.4688 23.438 0.032866
-5.4688 24.219 -0.021014
-5.4688 25 -0.011505
-4.6875 -24.219 0.0058039
-4.6875 -23.438 -0.022846
-4.6875 -22.656 0.01675
-4.6875 -21.875 -0.020232
-4.6875 -21.094 -0.017896
-4.6875 -20.313 0.03001
-4.6875 -19.531 -0.010108
-4.6875 -18.75 -0.033331
-4.6875 -17.969 -0.054902
-4.6875 -17.188 -0.0061893
-4.6875 -16.406 0.052072
-4.6875 -15.625 -0.013682
-4.6875 -14.844 0.0060354
-4.6875 -14.063 0.03785
-4.6875 -13.281 0.047778
-4.6875 -12.5 -0.044796
-4.6875 -11.719 -0.020188
-4.6875 -10.938 0.005849
-4.6875 -10.156 -0.062852
-4.6875 -9.375 0.0033862
-4.6875 -8.5938 0.07236
-4.6875 -7.8125 0.0094766
-4.6875 -7.0313 0.006436
-4.6875 -6.25 0.023186
-4.6875 -5.4688 0.0088331
-4.6875 -4.6875 0.0024727
-4.6875 -3.9063 0.017097
-4.6875 -3.125 0.085919
-4.6875 -2.3438 0.0592
-4.6875 -1.5625 -0.07562
-4.6875 -0.78125 -0.091333
-4.6875 0 0.020858
-4.6875 0.78125 0.016796
-4.6875 1.5625 -0.0021753
-4.6875 2.3438 0.015083
-4.6875 3.125 -0.022676
-4.6875 3.9063 0.037282
-4.6875 4.6875 0.015502
-4.6875 5.4688 -0.034749
-4.6875 6.25 0.0057597
-4.6875 7.0313 0.030029
-4.6875 7.8125 -0.01891
-4.6875 8.5938 -0.013008
-4.6875 9.375 -0.019509
-4.6875 10.156 0.03841
-4.6875 10.938 0.0032681
-4.6875 11.719 -0.082905
-4.6875 12.5 -0.031856
-4.6875 13.281 0.029829
-4.6875 14.063 0.055592
-4.6875 14.844 0.057825
-4.6875 15.625 -0.0056883
-4.6875 16.406 -0.037455
-4.6875 17.188 0.0024038
-4.6875 17.969 0.010208
-4.6875 18.75 -0.043964
-4.6875 19.531 0.015556
-4.6875 20.313 0.010786
-4.6875 21.094 0.021657
-4.6875 21.875 -0.048482
-4.6875 22.656 0.025478
-4.6875 23.438 0.071115
-4.6875 24.219 -0.016526
-4.6875 25 -0.019571
-3.9063 -24.219 -0.0015216
-3.9063 -23.438 0.032017
-3.9063 -22.656 0.043946
-3.9063 -21.875 0.00093471
-3.9063 -21.094 -0.061143
-3.9063 -20.313 0.0047848
-3.9063 -19.531 -0.016208
-3.9063 -18.75 0.020627
-3.9063 -17.969 -0.022174
-3.9063 -17.188 -0.023715
-3.9063 -16.406 -0.0017278
-3.9063 -15.625 -0.035463
-3.9063 -14.844 0.009912
-3.9063 -14.063 0.043032
-3.9063 -13.281 0.0070483
-3.9063 -12.5 -0.034054
-3.9063 -11.719 -0.056731
-3.9063 -10.938 -0.015519
-3.9063 -10.156 -0.080694
-3.9063 -9.375 0.036334
-3.9063 -8.5938 0.021252
-3.9063 -7.8125 0.0016201
-3.9063 -7.0313 -0.010493
-3.9063 -6.25 0.013823
-3.9063 -5.4688 0.0046261
-3.9063 -4.6875 0.0019687
-3.9063 -3.9063 0.0052034
-3.9063 -3.125 0.11057
-3.9063 -2.3438 0.014495
-3.9063 -1.5625 -0.067515
-3.9063 -0.78125 -0.062809
-3.9063 0 0.038721
-3.9063 0.78125 0.0060879
-3.9063 1.5625 0.036495
-3.9063 2.3438 -0.011298
-3.9063 3.125 -0.031034
-3.9063 3.9063 -0.026605
-3.9063 4.6875 -0.0007613
-3.9063 5.4688 0.02566
-3.9063 6.25 -0.0069418
-3.9063 7.0313 0.0048141
-3.9063 7.8125 0.010809
-3.9063 8.5938 -0.049935
-3.9063 9.375 0.013634
-3.9063 10.156 0.049708
-3.9063 10.938 0.027683
-3.9063 11.719 -0.061549
-3.9063 12.5 -0.026443
-3.9063 13.281 -0.023884
-3.9063 14.063 -0.0077135
-3.9063 14.844 0.018781
-3.9063 15.625 0.024016
-3.9063 16.406 -0.014405
-3.9063 17.188 -0.012611
-3.9063 17.969 -0.036396
-3.9063 18.75 -0.011568
-3.9063 19.531 -0.0012243
-3.9063 20.313 0.036375
-3.9063 21.094 -0.054259
-3.9063 21.875 -0.084046
-3.9063 22.656 0.049504
-3.9063 23.438 0.045242
-3.9063 24.219 -0.033963
-3.9063 25 0.0014049
-3.125 -24.219 0.035809
-3.125 -23.438 0.047447
-3.125 -22.656 0.0087241
-3.125 -21.875 0.017327
-3.125 -21.094 -0.037665
-3.125 -20.313 -0.00090106
-3.125 -19.531 0.051597
-3.125 -18.75 0.060037
-3.125 -17.969 0.011063
-3.125 -17.188 -0.020542
-3.125 -16.406 -0.045435
-3.125 -15.625 -0.034055
-3.125 -14.844 0.0074924
-3.125 -14.063 0.050103
-3.125 -13.281 0.039959
-3.125 -12.5 -0.0086732
-3.125 -11.719 -0.062639
-3.125 -10.938 -0.059506
-3.125 -10.156 -0.025545
-3.125 -9.375 0.020456
-3.125 -8.5938 0.0092044
-3.125 -7.8125 -0.028468
-3.125 -7.0313 -0.036457
-3.125 -6.25 -0.012067
-3.125 -5.4688 -0.010811
-3.125 -4.6875 -0.0073411
-3.125 -3.9063 0.020797
-3.125 -3.125 0.1022
-3.125 -2.3438 -0.0033009
-3.125 -1.5625 -0.061214
-3.125 -0.78125 -0.018046
-3.125 0 -0.0011747
-3.125 0.78125 -0.015015
-3.125 1.5625 0.053964
-3.125 2.3438 0.011679
-3.125 3.125 -0.021286
-3.125 3.9063 -0.017647
-3.125 4.6875 -0.015703
-3.125 5.4688 -0.0048212
-3.125 6.25 -0.0039346
-3.125 7.0313 0.008197
-3.125 7.8125 0.033094
-3.125 8.5938 -0.0083781
-3.125 9.375 0.00070946
-3.125 10.156 0.0073466
-3.125 10.938 0.00010099
-3.125 11.719 -0.0088232
-3.125 12.5 0.019616
-3.125 13.281 -0.007958
-3.125 14.063 -0.025663
-3.125 14.844 -0.018274
-3.125 15.625 0.017073
-3.125 16.406 -0.034454
-3.125 17.188 -0.021083
-3.125 17.969 -0.032127
-3.125 18.75 0.03301
-3.125 19.531 -0.0038399
-3.125 20.313 0.046632
-3.125 21.094 -0.036263
-3.125 21.875 -0.089202
-3.125 22.656 0.0059323
-3.125 23.438 -0.017515
-3.125 24.219 -0.051796
-3.125 25 0.0039411
-2.3438 -24.219 0.032551
-2.3438 -23.438 -0.015976
-2.3438 -22.656 -0.033984
-2.3438 -21.875 0.0036807
-2.3438 -21.094 0.013533
-2.3438 -20.313 0.050519
-2.3438 -19.531 0.053734
-2.3438 -18.75 0.057565
-2.3438 -17.969 0.053842
-2.3438 -17.188 -0.0080319
-2.3438 -16.406 -0.058044
-2.3438 -15.625 -0.029513
-2.3438 -14.844 0.043369
-2.3438 -14.063 0.017435
-2.3438 -13.281 0.038336
-2.3438 -12.5 0.029116
-2.3438 -11.719 -0.022483
-2.3438 -10.938 -0.038493
-2.3438 -10.156 0.0024827
-2.3438 -9.375 0.020796
-2.3438 -8.5938 -0.012571
-2.3438 -7.8125 -0.032028
-2.3438 -7.0313 -0.0096769
-2.3438 -6.25 -0.011936
-2.3438 -5.4688 -0.053449
-2.3438 -4.6875 -0.007699
-2.3438 -3.9063 0.019497
-2.3438 -3.125 0.080944
-2.3438 -2.3438 0.066569
-2.3438 -1.5625 -0.011577
-2.3438 -0.78125 -0.046881
-2.3438 0 -0.03921
-2.3438 0.78125 -0.01486
-2.3438 1.5625 0.042177
-2.3438 2.3438 -0.00037136
-2.3438 3.125 -0.015457
-2.3438 3.9063 0.042347
-2.3438 4.6875 0.012874
-2.3438 5.4688 -0.015349
-2.3438 6.25 -0.019622
-2.3438 7.0313 -0.019937
-2.3438 7.8125 0.020521
-2.3438 8.5938 -0.0068838
-2.3438 9.375 0.022903
-2.3438 10.156 0.010867
-2.3438 10.938 -0.02853
-2.3438 11.719 0.013761
-2.3438 12.5 0.031903
-2.3438 13.281 0.043654
-2.3438 14.063 -0.0065889
-2.3438 14.844 -0.01925
-2.3438 15.625 -0.011851
-2.3438 16.406 -0.040747
-2.3438 17.188 -0.013406
-2.3438 17.969 -0.026256
-2.3438 18.75 0.033812
-2.3438 19.531 0.0361
-2.3438 20.313 0.073979
-2.3438 21.094 0.020392
-2.3438 21.875 -0.095916
-2.3438 22.656 -0.050353
-2.3438 23.438 -0.013014
-2.3438 24.219 -0.010667
-2.3438 25 0.00013554
-1.5625 -24.219 0.024232
-1.5625 -23.438 -0.033514
-1.5625 -22.656 -0.054366
-1.5625 -21.875 -0.0095895
-1.5625 -21.094 0.031486
-1.5625 -20.313 0.038816
-1.5625 -19.531 0.032005
-1.5625 -18.75 0.025805
-1.5625 -17.969 0.051043
-1.5625 -17.188 -0.022203
-1.5625 -16.406 -0.023383
-1.5625 -15.625 -0.0048967
-1.5625 -14.844 0.032457
-1.5625 -14.063 0.010094
-1.5625 -13.281 0.0099666
-1.5625 -12.5 -0.00070252
-1.5625 -11.719 0.002298
-1.5625 -10.938 0.0069205
-1.5625 -10.156 0.025392
-1.5625 -9.375 0.0044581
-1.5625 -8.5938 -0.017388
-1.5625 -7.8125 0.00734
-1.5625 -7.0313 0.010474
-1.5625 -6.25 0.012973
-1.5625 -5.4688 -0.031412
-1.5625 -4.6875 -0.043283
-1.5625 -3.9063 -0.046127
-1.5625 -3.125 0.063765
-1.5625 -2.3438 0.10648
-1.5625 -1.5625 0.015144
-1.5625 -0.78125 -0.049821
-1.5625 0 -0.056795
-1.5625 0.78125 -0.038246
-1.5625 1.5625 0.0050535
-1.5625 2.3438 0.0056667
-1.5625 3.125 -0.025151
-1.5625 3.9063 0.069163
-1.5625 4.6875 0.050783
-1.5625 5.4688 0.019829
-1.5625 6.25 -0.05019
-1.5625 7.0313 -0.067658
-1.5625 7.8125 -0.0046374
-1.5625 8.5938 0.015147
-1.5625 9.375 0.033382
-1.5625 10.156 0.0086565
-1.5625 10.938 -0.027596
-1.5625 11.719 -0.010464
-1.5625 12.5 0.03161
-1.5625 13.281 0.060997
-1.5625 14.063 0.0093954
-1.5625 14.844 0.0057454
-1.5625 15.625 -0.027392
-1.5625 16.406 -0.024584
-1.5625 17.188 -0.017905
-1.5625 17.969 0.0023501
-1.5625 18.75 0.024006
-1.5625 19.531 0.0034188
-1.5625 20.313 0.091432
-1.5625 21.094 0.036551
-1.5625 21.875 -0.069721
-1.5625 22.656 -0.051532
-1.5625 23.438 0.016645
-1.5625 24.219 0.025081
-1.5625 25 0.029403
-0.78125 -24.219 0.018183
-0.78125 -23.438 0.025151
-0.78125 -22.656 -0.0385
-0.78125 -21.875 -0.047237
-0.78125 -21.094 -0.015887
-0.78125 -20.313 0.023923
-0.78125 -19.531 -0.010765
-0.78125 -18.75 0.021229
-0.78125 -17.969 0.01448
-0.78125 -17.188 -0.041051
-0.78125 -16.406 -0.02178
-0.78125 -15.625 0.020326
-0.78125 -14.844 0.012454
-0.78125 -14.063 -0.00094507
-0.78125 -13.281 -0.025054
-0.78125 -12.5 -0.033484
-0.78125 -11.719 -0.0034637
-0.78125 -10.938 0.026201
-0.78125 -10.156 0.01798
-0.78125 -9.375 -0.031081
-0.78125 -8.5938 -0.013665
-0.78125 -7.8125 0.0071135
-0.78125 -7.0313 0.060792
-0.78125 -6.25 0.042079
-0.78125 -5.4688 -0.033871
-0.78125 -4.6875 -0.047636
-0.78125 -3.9063 -0.081004
-0.78125 -3.125 0.035662
-0.78125 -2.3438 0.11078
-0.78125 -1.5625 0.020073
-0.78125 -0.78125 -0.079659
-0.78125 0 -0.039267
-0.78125 0.78125 -0.059535
-0.78125 1.5625 0.028141
-0.78125 2.3438 -0.037639
-0.78125 3.125 -0.018
-0.78125 3.9063 0.045818
-0.78125 4.6875 0.081509
-0.78125 5.4688 0.041334
-0.78125 6.25 -0.039782
-0.78125 7.0313 -0.065135
-0.78125 7.8125 -0.037352
-0.78125 8.5938 -0.0028621
-0.78125 9.375 -0.005846
-0.78125 10.156 0.018117
-0.78125 10.938 -0.0096399
-0.78125 11.719 -0.058092
-0.78125 12.5 0.012404
-0.78125 13.281 0.038379
-0.78125 14.063 0.029043
-0.78125 14.844 0.0043646
-0.78125 15.625 -0.0022587
-0.78125 16.406 -0.023067
-0.78125 17.188 -0.0057431
-0.78125 17.969 -0.042445
-0.78125 18.75 -0.0088906
-0.78125 19.531 0.0026125
-0.78125 20.313 0.071309
-0.78125 21.094 0.017551
-0.78125 21.875 -0.055583
-0.78125 22.656 -0.026798
-0.78125 23.438 0.022881
-0.78125 24.219 0.018591
-0.78125 25 0.03644
0 -24.219 0.024286
0 -23.438 0.042615
0 -22.656 -0.0133
0 -21.875 -0.10885
0 -21.094 -0.026026
0 -20.313 -0.009086
0 -19.531 0.014861
0 -18.75 0.0043745
0 -17.969 -0.01455
0 -17.188 -0.027539
0 -16.406 -0.0027158
0 -15.625 0.0068212
0 -14.844 0.017536
0 -14.063 0.0026286
0 -13.281 0.025116
0 -12.5 -0.049675
0 -11.719 -0.037295
0 -10.938 -0.017803
0 -10.156 0.014863
0 -9.375 -0.030771
0 -8.5938 -0.003064
0 -7.8125 -0.0097166
0 -7.0313 0.052323
0 -6.25 0.07075
0 -5.4688 0.0080103
0 -4.6875 -0.047199
0 -3.9063 -0.074135
0 -3.125 0.041786
0 -2.3438 0.097471
0 -1.5625 0.017883
0 -0.78125 -0.074535
0 0 -0.087047
0 0.78125 -0.023272
0 1.5625 0.015957
0 2.3438 -0.029263
0 3.125 -0.013855
0 3.9063 0.060314
0 4.6875 0.062806
0 5.4688 -0.006717
0 6.25 -0.0041162
0 7.0313 -0.014795
0 7.8125 -0.0030998
0 8.5938 -0.008035
0 9.375 -0.0027481
0 10.156 0.032471
0 10.938 0.0049732
0 11.719 -0.045198
0 12.5 -0.0049392
0 13.281 -0.0024842
0 14.063 0.0068761
0 14.844 0.0011407
0 15.625 0.013648
0 16.406 0.011494
0 17.188 -0.015071
0 17.969 -0.032726
0 18.75 -0.032374
0 19.531 0.007723
0 20.313 0.025292
0 21.094 0.010808
0 21.875 -0.058834
0 22.656 -0.011682
0 23.438 0.01331
0 24.219 0.016055
0 25 0.027039
0.78125 -24.219 0.075134
0.78125 -23.438 0.053792
0.78125 -22.656 -0.014705
0.78125 -21.875 -0.095296
0.78125 -21.094 -0.027146
0.78125 -20.313 -0.040933
0.78125 -19.531 0.034526
0.78125 -18.75 0.013896
0.78125 -17.969 -0.039785
0.78125 -17.188 -0.0011472
0.78125 -16.406 0.0011982
0.78125 -15.625 -0.016264
0.78125 -14.844 0.029499
0.78125 -14.063 0.0046707
0.78125 -13.281 0.028725
0.78125 -12.5 -0.042844
0.78125 -11.719 -0.038121
0.78125 -10.938 -0.047492
0.78125 -10.156 -0.0029079
0.78125 -9.375 -0.0032053
0.78125 -8.5938 0.010513
0.78125 -7.8125 0.017321
0.78125 -7.0313 0.039644
0.78125 -6.25 0.0047923
0.78125 -5.4688 -0.012364
0.78125 -4.6875 -0.018447
0.78125 -3.9063 -0.045752
0.78125 -3.125 0.035755
0.78125 -2.3438 0.099967
0.78125 -1.5625 0.045626
0.78125 -0.78125 -0.063202
0.78125 0 -0.094879
0.78125 0.78125 -0.014781
0.78125 1.5625 -0.036398
0.78125 2.3438 -0.037952
0.78125 3.125 0.029382
0.78125 3.9063 0.082084
0.78125 4.6875 0.010362
0.78125 5.4688 -0.0013269
0.78125 6.25 -0.028506
0.78125 7.0313 -0.031114
0.78125 7.8125 0.060668
0.78125 8.5938 -0.015647
0.78125 9.375 -0.018681
0.78125 10.156 0.02713
0.78125 10.938 0.026263
0.78125 11.719 -0.0282
0.78125 12.5 -0.012162
0.78125 13.281 -0.027776
0.78125 14.063 -0.028144
0.78125 14.844 0.011849
0.78125 15.625 0.014446
0.78125 16.406 0.052315
0.78125 17.188 0.0048706
0.78125 17.969 -0.032411
0.78125 18.75 -0.063711
0.78125 19.531 0.012208
0.78125 20.313 0.012121
0.78125 21.094 -0.011493
0.78125 21.875 -0.034521
0.78125 22.656 -0.024951
0.78125 23.438 0.0055315
0.78125 24.219 -0.02315
0.78125 25 0.031877
1.5625 -24.219 0.058355
1.5625 -23.438 0.081754
1.5625 -22.656 0.0022835
1.5625 -21.875 -0.05336
1.5625 -21.094 -0.028905
1.5625 -20.313 -0.040449
1.5625 -19.531 0.036777
1.5625 -18.75 -0.028743
1.5625 -17.969 -0.023968
1.5625 -17.188 0.037386
1.5625 -16.406 -0.047995
1.5625 -15.625 0.010422
1.5625 -14.844 0.04667
1.5625 -14.063 0.014461
1.5625 -13.281 0.012532
1.5625 -12.5 -0.026672
1.5625 -11.719 -0.041148
1.5625 -10.938 -0.055355
1.5625 -10.156 -0.0076812
1.5625 -9.375 -0.004701
1.5625 -8.5938 -0.0090244
1.5625 -7.8125 0.043736
1.5625 -7.0313 0.046945
1.5625 -6.25 -0.028607
1.5625 -5.4688 -0.050497
1.5625 -4.6875 -0.020506
1.5625 -3.9063 -0.023424
1.5625 -3.125 0.022847
1.5625 -2.3438 0.098987
1.5625 -1.5625 0.04754
1.5625 -0.78125 -0.040869
1.5625 0 -0.070006
1.5625 0.78125 -0.029685
1.5625 1.5625 -0.05168
1.5625 2.3438 -0.059639
1.5625 3.125 0.046824
1.5625 3.9063 0.11276
1.5625 4.6875 0.014216
1.5625 5.4688 -0.016854
1.5625 6.25 -0.040603
1.5625 7.0313 -0.03429
1.5625 7.8125 0.051869
1.5625 8.5938 0.0085788
1.5625 9.375 -0.017199
1.5625 10.156 -0.0086355
1.5625 10.938 0.026724
1.5625 11.719 -0.0055608
1.5625 12.5 -0.052438
1.5625 13.281 -0.038369
1.5625 14.063 -0.039888
1.5625 14.844 0.013237
1.5625 15.625 0.04387
1.5625 16.406 0.082061
1.5625 17.188 0.02032
1.5625 17.969 -0.055055
1.5625 18.75 -0.055195
1.5625 19.531 -0.006221
1.5625 20.313 -0.0099291
1.5625 21.094 0.04349
1.5625 21.875 0.015822
1.5625 22.656 -0.021129
1.5625 23.438 -0.041608
1.5625 24.219 -0.039043
1.5625 25 -0.0068142
2.3438 -24.219 0.024586
2.3438 -23.438 0.033959
2.3438 -22.656 0.0096904
2.3438 -21.875 0.00077128
2.3438 -21.094 -0.0075217
2.3438 -20.313 0.02383
2.3438 -19.531 0.0077292
2.3438 -18.75 -0.027811
2.3438 -17.969 -0.0047946
2.3438 -17.188 0.011013
2.3438 -16.406 -0.045971
2.3438 -15.625 0.041832
2.3438 -14.844 0.0068444
2.3438 -14.063 0.024841
2.3438 -13.281 0.027901
2.3438 -12.5 -0.013956
2.3438 -11.719 -0.082663
2.3438 -10.938 -0.0019712
2.3438 -10.156 -0.0090525
2.3438 -9.375 -0.036006
2.3438 -8.5938 0.015449
2.3438 -7.8125 0.047373
2.3438 -7.0313 0.041433
2.3438 -6.25 -0.033331
2.3438 -5.4688 -0.088961
2.3438 -4.6875 -0.064245
2.3438 -3.9063 -0.023381
2.3438 -3.125 0.029663
2.3438 -2.3438 0.089584
2.3438 -1.5625 0.083584
2.3438 -0.78125 -0.048445
2.3438 0 -0.043297
2.3438 0.78125 -0.044961
2.3438 1.5625 -0.0089
2.3438 2.3438 -0.090046
2.3438 3.125 0.092056
2.3438 3.9063 0.11197
2.3438 4.6875 0.018178
2.3438 5.4688 -0.037843
2.3438 6.25 -0.036773
2.3438 7.0313 -0.012865
2.3438 7.8125 0.047084
2.3438 8.5938 0.0037242
2.3438 9.375 -0.012448
2.3438 10.156 -0.032057
2.3438 10.938 -0.010357
2.3438 11.719 -0.0047507
2.3438 12.5 -0.038797
2.3438 13.281 -0.064778
2.3438 14.063 -0.035073
2.3438 14.844 0.028616
2.3438 15.625 0.034137
2.3438 16.406 0.095327
2.3438 17.188 0.0059135
2.3438 17.969 -0.054933
2.3438 18.75 -0.047849
2.3438 19.531 -0.03366
2.3438 20.313 -0.00051878
2.3438 21.094 0.065732
2.3438 21.875 0.041771
2.3438 22.656 -0.029999
2.3438 23.438 -0.026397
2.3438 24.219 -0.029679
2.3438 25 -0.018587
3.125 -24.219 -0.011746
3.125 -23.438 -0.008439
3.125 -22.656 0.026771
3.125 -21.875 0.047745
3.125 -21.094 0.035574
3.125 -20.313 0.017656
3.125 -19.531 0.02122
3.125 -18.75 0.010316
3.125 -17.969 -0.019601
3.125 -17.188 0.0084811
3.125 -16.406 -0.033037
3.125 -15.625 -0.0061011
3.125 -14.844 0.038337
3.125 -14.063 0.04702
3.125 -13.281 0.061698
3.125 -12.5 -0.010543
3.125 -11.719 -0.092385
3.125 -10.938 0.00017132
3.125 -10.156 0.015919
3.125 -9.375 -0.039608
3.125 -8.5938 0.036026
3.125 -7.8125 0.039197
3.125 -7.0313 0.044973
3.125 -6.25 -0.028048
3.125 -5.4688 -0.077102
3.125 -4.6875 -0.041946
3.125 -3.9063 -0.018502
3.125 -3.125 0.0107
3.125 -2.3438 0.069543
3.125 -1.5625 0.059484
3.125 -0.78125 -0.020022
3.125 0 -0.0092723
3.125 0.78125 -0.039868
3.125 1.5625 -0.050048
3.125 2.3438 -0.060531
3.125 3.125 0.086989
3.125 3.9063 0.12626
3.125 4.6875 0.018128
3.125 5.4688 -0.014249
3.125 6.25 -0.013725
3.125 7.0313 0.011412
3.125 7.8125 0.020009
3.125 8.5938 -0.036619
3.125 9.375 -0.011282
3.125 10.156 0.019634
3.125 10.938 -0.030859
3.125 11.719 -0.03114
3.125 12.5 -0.018057
3.125 13.281 -0.024875
3.125 14.063 -0.0059787
3.125 14.844 0.073176
3.125 15.625 0.016489
3.125 16.406 0.043688
3.125 17.188 -0.013223
3.125 17.969 -0.013087
3.125 18.75 -0.0070265
3.125 19.531 -0.043545
3.125 20.313 0.0062689
3.125 21.094 0.090009
3.125 21.875 -0.023063
3.125 22.656 0.014839
3.125 23.438 0.011809
3.125 24.219 -0.029303
3.125 25 0.00020302
3.9063 -24.219 -0.060663
3.9063 -23.438 0.0031195
3.9063 -22.656 0.028567
3.9063 -21.875 0.03163
3.9063 -21.094 0.019134
3.9063 -20.313 0.0046756
3.9063 -19.531 0.011423
3.9063 -18.75 0.0043801
3.9063 -17.969 -0.021662
3.9063 -17.188 -0.013698
3.9063 -16.406 -0.034596
3.9063 -15.625 -0.0093465
3.9063 -14.844 0.045845
3.9063 -14.063 0.027147
3.9063 -13.281 0.034137
3.9063 -12.5 0.007496
3.9063 -11.719 -0.04991
3.9063 -10.938 0.00736
3.9063 -10.156 -0.0069223
3.9063 -9.375 -0.016548
3.9063 -8.5938 0.0093794
3.9063 -7.8125 -0.011271
3.9063 -7.0313 0.064674
3.9063 -6.25 0.033034
3.9063 -5.4688 -0.027806
3.9063 -4.6875 -0.026271
3.9063 -3.9063 -0.026774
3.9063 -3.125 0.0039619
3.9063 -2.3438 0.087267
3.9063 -1.5625 0.008323
3.9063 -0.78125 -0.011129
3.9063 0 -0.0031391
3.9063 0.78125 -0.038862
3.9063 1.5625 -0.081382
3.9063 2.3438 -0.056578
3.9063 3.125 0.072111
3.9063 3.9063 0.0722
3.9063 4.6875 0.016846
3.9063 5.4688 -0.021484
3.9063 6.25 0.01711
3.9063 7.0313 -0.0069134
3.9063 7.8125 -0.0044865
3.9063 8.5938 0.017568
3.9063 9.375 -0.01476
3.9063 10.156 0.029366
3.9063 10.938 0.0040851
3.9063 11.719 -0.054945
3.9063 12.5 -0.041837
3.9063 13.281 0.0023653
3.9063 14.063 0.039085
3.9063 14.844 0.051851
3.9063 15.625 -0.009865
3.9063 16.406 -0.022406
3.9063 17.188 0.022066
3.9063 17.969 -0.018716
3.9063 18.75 0.030774
3.9063 19.531 -0.037463
3.9063 20.313 -0.0082089
3.9063 21.094 0.01485
3.9063 21.875 -0.021389
3.9063 22.656 0.049988
3.9063 23.438 0.041852
3.9063 24.219 0.0074889
3.9063 25 -0.013343
4.6875 -24.219 -0.045031
4.6875 -23.438 -0.010818
4.6875 -22.656 0.035226
4.6875 -21.875 0.0067304
4.6875 -21.094 -0.016008
4.6875 -20.313 -0.0030502
4.6875 -19.531 0.018274
4.6875 -18.75 0.0070769
4.6875 -17.969 -0.040074
4.6875 -17.188 -0.046618
4.6875 -16.406 -0.048231
4.6875 -15.625 -0.004593
4.6875 -14.844 0.01614
4.6875 -14.063 0.0125
4.6875 -13.281 0.05594
4.6875 -12.5 0.022017
4.6875 -11.719 -0.041816
4.6875 -10.938 -0.0063963
4.6875 -10.156 -0.04014
4.6875 -9.375 -0.053526
4.6875 -8.5938 -0.016668
4.6875 -7.8125 -0.021803
4.6875 -7.0313 0.039603
4.6875 -6.25 0.10392
4.6875 -5.4688 0.023736
4.6875 -4.6875 -0.034557
4.6875 -3.9063 -0.07551
4.6875 -3.125 0.040959
4.6875 -2.3438 0.11394
4.6875 -1.5625 0.016455
4.6875 -0.78125 -0.038386
4.6875 0 -0.028553
4.6875 0.78125 -0.081323
4.6875 1.5625 -0.014999
4.6875 2.3438 -0.03117
4.6875 3.125 0.013257
4.6875 3.9063 0.0030456
4.6875 4.6875 -0.0058733
4.6875 5.4688 -0.04362
4.6875 6.25 0.01615
4.6875 7.0313 -0.0086517
4.6875 7.8125 0.013972
4.6875 8.5938 -0.0095375
4.6875 9.375 -0.035495
4.6875 10.156 0.0062232
4.6875 10.938 0.033711
4.6875 11.719 -0.00092672
4.6875 12.5 -0.058618
4.6875 13.281 -0.022043
4.6875 14.063 0.07451
4.6875 14.844 0.051875
4.6875 15.625 -0.018233
4.6875 16.406 -0.055268
4.6875 17.188 0.0042286
4.6875 17.969 -0.0095831
4.6875 18.75 0.024945
4.6875 19.531 -0.023703
4.6875 20.313 -0.037114
4.6875 21.094 -0.018874
4.6875 21.875 0.019523
4.6875 22.656 0.023697
4.6875 23.438 0.050565
4.6875 24.219 0.017368
4.6875 25 -0.0028855
5.4688 -24.219 -0.027001
5.4688 -23.438 -0.031599
5.4688 -22.656 0.028333
5.4688 -21.875 0.033378
5.4688 -21.094 -0.058617
5.4688 -20.313 -0.0037338
5.4688 -19.531 0.021181
5.4688 -18.75 0.019934
5.4688 -17.969 -0.03268
5.4688 -17.188 -0.069039
5.4688 -16.406 -0.073589
5.4688 -15.625 -0.0053572
5.4688 -14.844 -0.0064062
5.4688 -14.063 0.014273
5.4688 -13.281 0.055568
5.4688 -12.5 0.010678
5.4688 -11.719 -0.047788
5.4688 -10.938 0.02587
5.4688 -10.156 -0.028573
5.4688 -9.375 -0.024727
5.4688 -8.5938 -0.043966
5.4688 -7.8125 -0.028238
5.4688 -7.0313 0.018347
5.4688 -6.25 0.066955
5.4688 -5.4688 -0.010355
5.4688 -4.6875 -0.055621
5.4688 -3.9063 -0.0087567
5.4688 -3.125 0.071702
5.4688 -2.3438 0.11907
5.4688 -1.5625 0.02367
5.4688 -0.78125 -0.087869
5.4688 0 -0.006148
5.4688 0.78125 -0.049612
5.4688 1.5625 0.0068924
5.4688 2.3438 -0.029963
5.4688 3.125 -0.022329
5.4688 3.9063 -4.9205e-05
5.4688 4.6875 -0.0097232
5.4688 5.4688 -0.019963
5.4688 6.25 -0.00011095
5.4688 7.0313 -0.025227
5.4688 7.8125 0.044693
5.4688 8.5938 -0.029163
5.4688 9.375 -0.046996
5.4688 10.156 0.037234
5.4688 10.938 0.079925
5.4688 11.719 -0.019915
5.4688 12.5 -0.042717
5.4688 13.281 -0.014711
5.4688 14.063 0.073308
5.4688 14.844 0.045639
5.4688 15.625 -0.020475
5.4688 16.406 -0.043393
5.4688 17.188 9.9851e-05
5.4688 17.969 -0.027362
5.4688 18.75 0.01318
5.4688 19.531 0.001537
5.4688 20.313 -0.044042
5.4688 21.094 -0.014548
5.4688 21.875 0.01631
5.4688 22.656 -0.00027486
5.4688 23.438 0.029112
5.4688 24.219 0.0068943
5.4688 25 0.023581
6.25 -24.219 -0.026457
6.25 -23.438 -0.0846
6.25 -22.656 0.029328
6.25 -21.875 0.074837
6.25 -21.094 -0.0070598
6.25 -20.313 -0.058169
6.25 -19.531 0.027683
6.25 -18.75 0.065337
6.25 -17.969 -0.011596
6.25 -17.188 -0.058018
6.25 -16.406 -0.040474
6.25 -15.625 -0.0067747
6.25 -14.844 0.0087847
6.25 -14.063 0.0064273
6.25 -13.281 0.025832
6.25 -12.5 -0.013585
6.25 -11.719 -0.062874
6.25 -10.938 0.022625
6.25 -10.156 0.038656
6.25 -9.375 0.013541
6.25 -8.5938 -0.028112
6.25 -7.8125 -0.0082772
6.25 -7.0313 -0.00045302
6.25 -6.25 0.013401
6.25 -5.4688 -0.035471
6.25 -4.6875 -0.077136
6.25 -3.9063 0.030003
6.25 -3.125 0.096231
6.25 -2.3438 0.11831
6.25 -1.5625 -0.01234
6.25 -0.78125 -0.056505
6.25 0 -0.026733
6.25 0.78125 -0.018246
6.25 1.5625 -0.022245
6.25 2.3438 0.0035454
6.25 3.125 -0.028165
6.25 3.9063 0.038169
6.25 4.6875 0.013485
6.25 5.4688 -0.037847
6.25 6.25 0.018807
6.25 7.0313 0.0095729
6.25 7.8125 0.01643
6.25 8.5938 -0.04545
6.25 9.375 -0.026885
6.25 10.156 0.10641
6.25 10.938 0.058347
6.25 11.719 -0.033329
6.25 12.5 -0.079953
6.25 13.281 0.022983
6.25 14.063 0.058482
6.25 14.844 0.062417
6.25 15.625 -0.002573
6.25 16.406 -0.0088861
6.25 17.188 -2.762e-06
6.25 17.969 -0.028539
6.25 18.75 0.029557
6.25 19.531 -0.0069968
6.25 20.313 -0.053366
6.25 21.094 0.026254
6.25 21.875 -0.0035537
6.25 22.656 0.0076421
6.25 23.438 -0.023712
6.25 24.219 0.041298
6.25 25 0.052486
7.0313 -24.219 -0.049439
7.0313 -23.438 -0.067649
7.0313 -22.656 0.049325
7.0313 -21.875 0.12126
7.0313 -21.094 -0.0029003
7.0313 -20.313 -0.062579
7.0313 -19.531 0.0019102
7.0313 -18.75 0.075815
7.0313 -17.969 0.054608
7.0313 -17.188 -0.048521
7.0313 -16.406 -0.02281
7.0313 -15.625 0.01222
7.0313 -14.844 0.0055522
7.0313 -14.063 0.035026
7.0313 -13.281 0.012712
7.0313 -12.5 -0.027979
7.0313 -11.719 -0.078276
7.0313 -10.938 -0.026664
7.0313 -10.156 0.058308
7.0313 -9.375 0.047776
7.0313 -8.5938 0.051023
7.0313 -7.8125 0.022296
7.0313 -7.0313 0.028968
7.0313 -6.25 -0.0097318
7.0313 -5.4688 -0.05224
7.0313 -4.6875 -0.074431
7.0313 -3.9063 0.026364
7.0313 -3.125 0.091993
7.0313 -2.3438 0.072484
7.0313 -1.5625 -0.025564
7.0313 -0.78125 -0.015781
7.0313 0 -0.052691
7.0313 0.78125 0.00016496
7.0313 1.5625 0.0045576
7.0313 2.3438 0.0082677
7.0313 3.125 0.0060128
7.0313 3.9063 0.066467
7.0313 4.6875 -0.012181
7.0313 5.4688 -0.052623
7.0313 6.25 0.029053
7.0313 7.0313 0.082415
7.0313 7.8125 0.011637
7.0313 8.5938 -0.070713
7.0313 9.375 -0.012686
7.0313 10.156 0.11018
7.0313 10.938 0.050229
7.0313 11.719 -0.024741
7.0313 12.5 -0.070478
7.0313 13.281 0.033539
7.0313 14.063 0.028414
7.0313 14.844 0.03041
7.0313 15.625 -0.0038061
7.0313 16.406 -0.0076252
7.0313 17.188 0.035622
7.0313 17.969 0.048571
7.0313 18.75 0.0027875
7.0313 19.531 -0.044608
7.0313 20.313 -0.035157
7.0313 21.094 0.041161
7.0313 21.875 0.021431
7.0313 22.656 0.017162
7.0313 23.438 -0.038105
7.0313 24.219 0.028015
7.0313 25 0.0032158
7.8125 -24.219 -0.068378
7.8125 -23.438 -0.020661
7.8125 -22.656 0.02489
7.8125 -21.875 0.084082
7.8125 -21.094 -0.030025
7.8125 -20.313 -0.080034
7.8125 -19.531 -0.013239
7.8125 -18.75 0.085199
7.8125 -17.969 0.064588
7.8125 -17.188 -0.036354
7.8125 -16.406 -0.074511
7.8125 -15.625 0.013939
7.8125 -14.844 -0.016163
7.8125 -14.063 0.080488
7.8125 -13.281 0.050281
7.8125 -12.5 -2.5151e-05
7.8125 -11.719 -0.080642
7.8125 -10.938 -0.019704
7.8125 -10.156 0.0068176
7.8125 -9.375 0.03495
7.8125 -8.5938 0.052498
7.8125 -7.8125 0.074635
7.8125 -7.0313 0.043508
7.8125 -6.25 -0.011658
7.8125 -5.4688 -0.079997
7.8125 -4.6875 -0.057592
7.8125 -3.9063 0.03594
7.8125 -3.125 0.081835
7.8125 -2.3438 0.028246
7.8125 -1.5625 -0.017942
7.8125 -0.78125 -0.013887
7.8125 0 -0.042085
7.8125 0.78125 -0.039793
7.8125 1.5625 0.019304
7.8125 2.3438 0.048002
7.8125 3.125 0.056027
7.8125 3.9063 0.043594
7.8125 4.6875 0.020679
7.8125 5.4688 -0.027994
7.8125 6.25 0.028945
7.8125 7.0313 0.026947
7.8125 7.8125 0.039192
7.8125 8.5938 -0.059446
7.8125 9.375 0.013236
7.8125 10.156 0.073851
7.8125 10.938 0.0204
7.8125 11.719 -0.020671
7.8125 12.5 -0.043433
7.8125 13.281 -0.013019
7.8125 14.063 0.028405
7.8125 14.844 0.010984
7.8125 15.625 -0.021324
7.8125 16.406 -0.036566
7.8125 17.188 0.099532
7.8125 17.969 0.053546
7.8125 18.75 0.0047223
7.8125 19.531 -0.069195
7.8125 20.313 0.0056834
7.8125 21.094 0.034559
7.8125 21.875 0.0093481
7.8125 22.656 0.0015792
7.8125 23.438 0.032899
7.8125 24.219 -0.0083873
7.8125 25 -0.039705
8.5938 -24.219 -0.0032783
8.5938 -23.438 -0.0027943
8.5938 -22.656 0.011916
8.5938 -21.875 0.024564
8.5938 -21.094 -0.0027535
8.5938 -20.313 -0.096935
8.5938 -19.531 -0.014832
8.5938 -18.75 0.067322
8.5938 -17.969 0.016709
8.5938 -17.188 -0.039621
8.5938 -16.406 -0.05602
8.5938 -15.625 -0.016566
8.5938 -14.844 -0.018412
8.5938 -14.063 0.086687
8.5938 -13.281 0.1162
8.5938 -12.5 0.021965
8.5938 -11.719 -0.041203
8.5938 -10.938 -0.061638
8.5938 -10.156 -0.02789
8.5938 -9.375 0.031527
8.5938 -8.5938 0.015243
8.5938 -7.8125 0.060691
8.5938 -7.0313 0.061954
8.5938 -6.25 -0.043787
8.5938 -5.4688 -0.057273
8.5938 -4.6875 -0.0154
8.5938 -3.9063 0.04047
8.5938 -3.125 0.01908
8.5938 -2.3438 -0.0038961
8.5938 -1.5625 -0.016093
8.5938 -0.78125 -0.0010693
8.5938 0 -0.038526
8.5938 0.78125 -0.033842
8.5938 1.5625 0.0042429
8.5938 2.3438 0.0098855
8.5938 3.125 0.062733
8.5938 3.9063 0.042561
8.5938 4.6875 0.027636
8.5938 5.4688 0.019476
8.5938 6.25 -0.017933
8.5938 7.0313 -0.030554
8.5938 7.8125 0.016016
8.5938 8.5938 0.0032424
8.5938 9.375 -0.023417
8.5938 10.156 0.049454
8.5938 10.938 0.01727
8.5938 11.719 -0.015817
8.5938 12.5 -0.038141
8.5938 13.281 -0.032914
8.5938 14.063 -0.0064812
8.5938 14.844 0.011789
8.5938 15.625 -0.034191
8.5938 16.406 -0.031206
8.5938 17.188 0.049502
8.5938 17.969 0.040864
8.5938 18.75 -0.026518
8.5938 19.531 -0.047104
8.5938 20.313 0.062737
8.5938 21.094 0.0083566
8.5938 21.875 -0.023983
8.5938 22.656 0.02533
8.5938 23.438 0.061888
8.5938 24.219 -0.02976
8.5938 25 -0.0868
9.375 -24.219 0.040418
9.375 -23.438 0.0037383
9.375 -22.656 0.036812
9.375 -21.875 0.025632
9.375 -21.094 0.025895
9.375 -20.313 -0.057233
9.375 -19.531 -0.011343
9.375 -18.75 0.038719
9.375 -17.969 -0.011945
9.375 -17.188 -0.033776
9.375 -16.406 -0.029786
9.375 -15.625 -0.038996
9.375 -14.844 -0.026434
9.375 -14.063 0.063127
9.375 -13.281 0.15813
9.375 -12.5 0.017144
9.375 -11.719 -0.0088922
9.375 -10.938 -0.049637
9.375 -10.156 -0.046841
9.375 -9.375 0.0013005
9.375 -8.5938 0.0057136
9.375 -7.8125 0.00095007
9.375 -7.0313 0.047386
9.375 -6.25 -0.016283
9.375 -5.4688 -0.045379
9.375 -4.6875 0.0062307
9.375 -3.9063 0.048262
9.375 -3.125 -0.017465
9.375 -2.3438 0.0043922
9.375 -1.5625 -0.014855
9.375 -0.78125 0.018755
9.375 0 -0.008929
9.375 0.78125 -0.030696
9.375 1.5625 -0.047113
9.375 2.3438 -0.032692
9.375 3.125 0.036463
9.375 3.9063 0.067136
9.375 4.6875 0.01927
9.375 5.4688 0.031017
9.375 6.25 -0.030175
9.375 7.0313 -0.054116
9.375 7.8125 -0.014346
9.375 8.5938 0.019188
9.375 9.375 -0.015897
9.375 10.156 0.025805
9.375 10.938 0.023451
9.375 11.719 0.010964
9.375 12.5 -0.028326
9.375 13.281 -0.047593
9.375 14.063 -0.023972
9.375 14.844 0.043828
9.375 15.625 -0.042998
9.375 16.406 -0.011423
9.375 17.188 -0.0022887
9.375 17.969 -0.0022497
9.375 18.75 -0.038751
9.375 19.531 -0.0037149
9.375 20.313 0.057642
9.375 21.094 -0.0063297
9.375 21.875 -0.056804
9.375 22.656 0.00055852
9.375 23.438 0.054707
9.375 24.219 -0.046634
9.375 25 -0.06134
10.156 -24.219 0.010193
10.156 -23.438 0.0008966
10.156 -22.656 0.0028028
10.156 -21.875 0.057088
10.156 -21.094 0.041175
10.156 -20.313 -0.067469
10.156 -19.531 -0.033438
10.156 -18.75 0.037894
10.156 -17.969 -0.014142
10.156 -17.188 -0.0109
10.156 -16.406 -0.0032885
10.156 -15.625 -0.027934
10.156 -14.844 -0.033733
10.156 -14.063 0.016611
10.156 -13.281 0.12253
10.156 -12.5 0.022032
10.156 -11.719 -0.029393
10.156 -10.938 -0.024379
10.156 -10.156 -0.029862
10.156 -9.375 -0.038367
10.156 -8.5938 -0.013554
10.156 -7.8125 -0.016782
10.156 -7.0313 -0.00021453
10.156 -6.25 -0.0083903
10.156 -5.4688 -0.02846
10.156 -4.6875 0.037098
10.156 -3.9063 0.0041666
10.156 -3.125 -0.017857
10.156 -2.3438 0.019476
10.156 -1.5625 0.02773
10.156 -0.78125 0.033375
10.156 0 0.017259
10.156 0.78125 -0.018261
10.156 1.5625 -0.062993
10.156 2.3438 -0.069741
10.156 3.125 -0.0087396
10.156 3.9063 0.0788
10.156 4.6875 0.033765
10.156 5.4688 0.0074423
10.156 6.25 -0.069691
10.156 7.0313 -0.079248
10.156 7.8125 -0.033304
10.156 8.5938 0.028875
10.156 9.375 0.012157
10.156 10.156 0.013886
10.156 10.938 -0.0072216
10.156 11.719 -0.010851
10.156 12.5 0.0067843
10.156 13.281 -0.058654
10.156 14.063 -0.028939
10.156 14.844 0.078132
10.156 15.625 -0.0273
10.156 16.406 -0.046098
10.156 17.188 0.0061962
10.156 17.969 -0.026318
10.156 18.75 -0.017368
10.156 19.531 0.019304
10.156 20.313 0.028578
10.156 21.094 -0.029356
10.156 21.875 -0.044473
10.156 22.656 -0.010975
10.156 23.438 0.0048754
10.156 24.219 -0.035723
10.156 25 -0.0069446
10.938 -24.219 0.01388
10.938 -23.438 -0.011102
10.938 -22.656 -0.0010374
10.938 -21.875 0.060433
10.938 -21.094 -0.0066946
10.938 -20.313 -0.033039
10.938 -19.531 -0.051447
10.938 -18.75 0.026378
10.938 -17.969 -0.0036545
10.938 -17.188 0.039725
10.938 -16.406 0.039576
10.938 -15.625 0.027842
10.938 -14.844 -0.014606
10.938 -14.063 -0.0052508
10.938 -13.281 0.00041177
10.938 -12.5 -0.0055758
10.938 -11.719 -0.04611
10.938 -10.938 -0.019665
10.938 -10.156 -0.00085329
10.938 -9.375 -0.013339
10.938 -8.5938 -0.036789
10.938 -7.8125 -0.0059851
10.938 -7.0313 -0.02129
10.938 -6.25 0.0031123
10.938 -5.4688 -0.028243
10.938 -4.6875 0.036786
10.938 -3.9063 -0.032157
10.938 -3.125 -0.023548
10.938 -2.3438 0.0075535
10.938 -1.5625 0.049592
10.938 -0.78125 0.067879
10.938 0 0.03814
10.938 0.78125 0.0052439
10.938 1.5625 -0.032528
10.938 2.3438 -0.084411
10.938 3.125 -0.049037
10.938 3.9063 0.068249
10.938 4.6875 0.058408
10.938 5.4688 -0.070138
10.938 6.25 -0.078429
10.938 7.0313 -0.059606
10.938 7.8125 0.0094868
10.938 8.5938 0.043701
10.938 9.375 0.034264
10.938 10.156 -0.002204
10.938 10.938 -0.031534
10.938 11.719 0.022596
10.938 12.5 -0.0068548
10.938 13.281 -0.080702
10.938 14.063 0.0036784
10.938 14.844 0.060114
10.938 15.625 0.020502
10.938 16.406 -0.048962
10.938 17.188 -0.0012294
10.938 17.969 -0.01951
10.938 18.75 0.020302
10.938 19.531 0.014611
10.938 20.313 0.029511
10.938 21.094 0.0083231
10.938 21.875 -0.030286
10.938 22.656 0.01247
10.938 23.438 0.013423
10.938 24.219 -0.051745
10.938 25 -0.0049153
11.719 -24.219 0.02587
11.719 -23.438 -0.046979
11.719 -22.656 0.010096
11.719 -21.875 0.041438
11.719 -21.094 -0.04964
11.719 -20.313 -0.032441
11.719 -19.531 -0.029525
11.719 -18.75 0.026986
11.719 -17.969 -0.022966
11.719 -17.188 0.054048
11.719 -16.406 0.044382
11.719 -15.625 0.050346
11.719 -14.844 0.016402
11.719 -14.063 -0.044092
11.719 -13.281 -0.046991
11.719 -12.5 -0.03143
11.719 -11.719 -0.030112
11.719 -10.938 0.014628
11.719 -10.156 -0.012098
11.719 -9.375 0.020138
11.719 -8.5938 0.0039595
11.719 -7.8125 -0.0038607
11.719 -7.0313 -0.011382
11.719 -6.25 -0.0042877
11.719 -5.4688 -0.027716
11.719 -4.6875 0.014113
11.719 -3.9063 -0.0076319
11.719 -3.125 -0.072
11.719 -2.3438 0.017996
11.719 -1.5625 0.06624
11.719 -0.78125 0.045501
11.719 0 0.066409
11.719 0.78125 0.026437
11.719 1.5625 -0.01939
11.719 2.3438 -0.056538
11.719 3.125 -0.067759
11.719 3.9063 0.048181
11.719 4.6875 0.048461
11.719 5.4688 -0.045353
11.719 6.25 -0.061253
11.719 7.0313 -0.053636
11.719 7.8125 0.025104
11.719 8.5938 0.077844
11.719 9.375 0.021813
11.719 10.156 0.013654
11.719 10.938 -0.040006
11.719 11.719 -0.0054206
11.719 12.5 -0.017651
11.719 13.281 -0.055773
11.719 14.063 0.027208
11.719 14.844 0.053682
11.719 15.625 0.016183
11.719 16.406 -0.011779
11.719 17.188 -0.016208
11.719 17.969 -0.029648
11.719 18.75 0.0090259
11.719 19.531 0.010582
11.719 20.313 0.052317
11.719 21.094 0.030822
11.719 21.875 -0.0047795
11.719 22.656 0.0054791
11.719 23.438 0.027491
11.719 24.219 -0.017197
11.719 25 0.0082535
12.5 -24.219 -0.0014228
12.5 -23.438 -0.041039
12.5 -22.656 -0.0059282
12.5 -21.875 0.056235
12.5 -21.094 -0.055575
12.5 -20.313 -0.034407
12.5 -19.531 -0.012898
12.5 -18.75 0.033089
12.5 -17.969 -0.034731
12.5 -17.188 0.020756
12.5 -16.406 0.032872
12.5 -15.625 0.046833
12.5 -14.844 -0.014259
12.5 -14.063 -0.059968
12.5 -13.281 -0.063585
12.5 -12.5 -0.01568
12.5 -11.719 -0.020931
12.5 -10.938 0.046198
12.5 -10.156 0.027846
12.5 -9.375 0.008573
12.5 -8.5938 -0.0055672
12.5 -7.8125 0.00094667
12.5 -7.0313 -0.027044
12.5 -6.25 0.0033997
12.5 -5.4688 0.0041915
12.5 -4.6875 0.00079164
12.5 -3.9063 -0.049759
12.5 -3.125 -0.029978
12.5 -2.3438 0.031799
12.5 -1.5625 0.041615
12.5 -0.78125 0.041151
12.5 0 0.020492
12.5 0.78125 0.013341
12.5 1.5625 0.0045546
12.5 2.3438 -0.078427
12.5 3.125 -0.047814
12.5 3.9063 0.060185
12.5 4.6875 0.067686
12.5 5.4688 -0.01897
12.5 6.25 -0.064297
12.5 7.0313 -0.051625
12.5 7.8125 0.065787
12.5 8.5938 0.045201
12.5 9.375 0.02552
12.5 10.156 0.015325
12.5 10.938 -0.038679
12.5 11.719 -0.053356
12.5 12.5 -0.055277
12.5 13.281 -0.041422
12.5 14.063 0.0062774
12.5 14.844 0.065234
12.5 15.625 0.068549
12.5 16.406 -0.00089809
12.5 17.188 -0.029611
12.5 17.969 -0.067417
12.5 18.75 -0.020891
12.5 19.531 0.010292
12.5 20.313 0.060127
12.5 21.094 0.013885
12.5 21.875 0.0036228
12.5 22.656 -0.036874
12.5 23.438 0.024544
12.5 24.219 0.050439
12.5 25 0.019698
13.281 -24.219 0.0077577
13.281 -23.438 -0.033005
13.281 -22.656 0.0040466
13.281 -21.875 0.059418
13.281 -21.094 -0.051397
13.281 -20.313 -0.032721
13.281 -19.531 0.014784
13.281 -18.75 0.052411
13.281 -17.969 0.0033216
13.281 -17.188 -0.012679
13.281 -16.406 0.00088812
13.281 -15.625 0.015313
13.281 -14.844 0.0061963
13.281 -14.063 -0.05516
13.281 -13.281 -0.036605
13.281 -12.5 -0.034297
13.281 -11.719 0.025344
13.281 -10.938 0.065324
13.281 -10.156 0.053314
13.281 -9.375 -0.028394
13.281 -8.5938 -0.010026
13.281 -7.8125 -0.018728
13.281 -7.0313 -0.01242
13.281 -6.25 0.021209
13.281 -5.4688 0.017167
13.281 -4.6875 0.0086871
13.281 -3.9063 -0.046637
13.281 -3.125 0.017161
13.281 -2.3438 0.019091
13.281 -1.5625 -0.0091192
13.281 -0.78125 0.040365
13.281 0 -0.0045087
13.281 0.78125 0.017706
13.281 1.5625 -0.016587
13.281 2.3438 -0.10536
13.281 3.125 -0.038538
13.281 3.9063 0.083877
13.281 4.6875 0.10082
13.281 5.4688 0.0012542
13.281 6.25 -0.075838
13.281 7.0313 -0.03559
13.281 7.8125 0.023693
13.281 8.5938 0.061031
13.281 9.375 0.027454
13.281 10.156 0.0021843
13.281 10.938 0.0096056
13.281 11.719 -0.057232
13.281 12.5 -0.076574
13.281 13.281 -0.019455
13.281 14.063 -0.0037187
13.281 14.844 0.10198
13.281 15.625 0.06512
13.281 16.406 -0.018076
13.281 17.188 -0.012445
13.281 17.969 -0.080613
13.281 18.75 -0.0094134
13.281 19.531 0.032389
13.281 20.313 0.01584
13.281 21.094 0.0020502
13.281 21.875 -0.019403
13.281 22.656 -0.066319
13.281 23.438 0.031875
13.281 24.219 0.046611
13.281 25 0.006107
14.063 -24.219 -0.0026257
14.063 -23.438 0.0058581
14.063 -22.656 -0.010573
14.063 -21.875 0.039152
14.063 -21.094 -0.027917
14.063 -20.313 -0.037966
14.063 -19.531 0.054856
14.063 -18.75 0.0484
14.063 -17.969 -0.011474
14.063 -17.188 -0.029878
14.063 -16.406 -0.011353
14.063 -15.625 0.01215
14.063 -14.844 -0.02274
14.063 -14.063 0.0030241
14.063 -13.281 0.020581
14.063 -12.5 -0.059818
14.063 -11.719 0.018334
14.063 -10.938 0.093783
14.063 -10.156 0.063413
14.063 -9.375 -0.031476
14.063 -8.5938 -0.037252
14.063 -7.8125 -0.056266
14.063 -7.0313 -0.0062349
14.063 -6.25 0.015719
14.063 -5.4688 0.05667
14.063 -4.6875 0.01567
14.063 -3.9063 -0.010082
14.063 -3.125 0.01412
14.063 -2.3438 -0.017289
14.063 -1.5625 -0.022886
14.063 -0.78125 0.054128
14.063 0 -0.018545
14.063 0.78125 -0.016109
14.063 1.5625 -0.031903
14.063 2.3438 -0.089714
14.063 3.125 -0.048059
14.063 3.9063 0.11634
14.063 4.6875 0.12615
14.063 5.4688 -0.031069
14.063 6.25 -0.071315
14.063 7.0313 -0.037456
14.063 7.8125 -0.014652
14.063 8.5938 0.024431
14.063 9.375 0.01229
14.063 10.156 0.0086091
14.063 10.938 0.051612
14.063 11.719 0.0070017
14.063 12.5 -0.078092
14.063 13.281 -0.061931
14.063 14.063 0.011674
14.063 14.844 0.10796
14.063 15.625 0.058428
14.063 16.406 -0.01521
14.063 17.188 -0.022758
14.063 17.969 -0.040653
14.063 18.75 0.034833
14.063 19.531 0.0045099
14.063 20.313 -0.016158
14.063 21.094 0.021382
14.063 21.875 -0.025267
14.063 22.656 -0.040605
14.063 23.438 0.013101
14.063 24.219 -0.003117
14.063 25 -0.034338
14.844 -24.219 0.024957
14.844 -23.438 -0.010793
14.844 -22.656 0.019863
14.844 -21.875 0.0054991
14.844 -21.094 -0.01211
14.844 -20.313 -0.022504
14.844 -19.531 0.029442
14.844 -18.75 0.062206
14.844 -17.969 0.011376
14.844 -17.188 -0.061426
14.844 -16.406 -0.022975
14.844 -15.625 0.039614
14.844 -14.844 0.0054975
14.844 -14.063 0.013632
14.844 -13.281 0.011037
14.844 -12.5 -0.071981
14.844 -11.719 -0.022251
14.844 -10.938 0.080722
14.844 -10.156 0.099408
14.844 -9.375 -0.0099851
14.844 -8.5938 -0.069882
14.844 -7.8125 -0.088372
14.844 -7.0313 0.038112
14.844 -6.25 0.018094
14.844 -5.4688 0.038857
14.844 -4.6875 0.017266
14.844 -3.9063 0.01679
14.844 -3.125 0.02199
14.844 -2.3438 -0.029103
14.844 -1.5625 -0.0068832
14.844 -0.78125 0.0074582
14.844 0 -0.0078095
14.844 0.78125 -0.029797
14.844 1.5625 -0.046926
14.844 2.3438 -0.026435
14.844 3.125 -0.045185
14.844 3.9063 0.12656
14.844 4.6875 0.1082
14.844 5.4688 -0.049662
14.844 6.25 -0.069995
14.844 7.0313 -0.074832
14.844 7.8125 -0.025707
14.844 8.5938 0.0091918
14.844 9.375 -0.005361
14.844 10.156 0.0073776
14.844 10.938 0.084764
14.844 11.719 0.060265
14.844 12.5 -0.0543
14.844 13.281 -0.06774
14.844 14.063 -0.017004
14.844 14.844 0.065556
14.844 15.625 0.043193
14.844 16.406 -0.013113
14.844 17.188 -0.033199
14.844 17.969 -0.027016
14.844 18.75 0.019673
14.844 19.531 0.047276
14.844 20.313 -0.0058698
14.844 21.094 0.021241
14.844 21.875 0.010006
14.844 22.656 0.011519
14.844 23.438 -0.0023162
14.844 24.219 -0.062893
14.844 25 -0.073135
15.625 -24.219 0.018126
15.625 -23.438 -0.0036012
15.625 -22.656 0.029104
15.625 -21.875 0.02575
15.625 -21.094 -0.018436
15.625 -20.313 -0.07164
15.625 -19.531 0.0051357
15.625 -18.75 0.036186
15.625 -17.969 0.055259
15.625 -17.188 -0.02733
15.625 -16.406 -0.027696
15.625 -15.625 -0.0021264
15.625 -14.844 0.020448
15.625 -14.063 -0.0068437
15.625 -13.281 0.0084457
15.625 -12.5 -0.061152
15.625 -11.719 -0.052245
15.625 -10.938 0.026278
15.625 -10.156 0.083096
15.625 -9.375 0.031434
15.625 -8.5938 -0.044213
15.625 -7.8125 -0.091228
15.625 -7.0313 0.022963
15.625 -6.25 0.018875
15.625 -5.4688 0.0068491
15.625 -4.6875 0.0089521
15.625 -3.9063 0.024267
15.625 -3.125 0.007426
15.625 -2.3438 0.044895
15.625 -1.5625 -0.029578
15.625 -0.78125 -0.040966
15.625 0 -0.011116
15.625 0.78125 -0.040679
15.625 1.5625 -0.035888
15.625 2.3438 0.013614
15.625 3.125 -0.028363
15.625 3.9063 0.11612
15.625 4.6875 0.066167
15.625 5.4688 -0.03027
15.625 6.25 -0.065492
15.625 7.0313 -0.061942
15.625 7.8125 -0.022989
15.625 8.5938 0.0035206
15.625 9.375 -0.015337
15.625 10.156 -0.018328
15.625 10.938 0.063271
15.625 11.719 0.091449
15.625 12.5 -0.031017
15.625 13.281 -0.045705
15.625 14.063 -0.042607
15.625 14.844 0.017553
15.625 15.625 -0.0096986
15.625 16.406 0.025803
15.625 17.188 -0.00092479
15.625 17.969 -0.031112
15.625 18.75 -0.035246
15.625 19.531 -0.0081103
15.625 20.313 0.0033853
15.625 21.094 0.021184
15.625 21.875 0.048658
15.625 22.656 0.037206
15.625 23.438 -0.040627
15.625 24.219 -0.05463
15.625 25 -0.033835
16.406 -24.219 0.041567
16.406 -23.438 -0.015106
16.406 -22.656 -0.0066171
16.406 -21.875 0.025399
16.406 -21.094 0.0084099
16.406 -20.313 -0.06299
16.406 -19.531 -0.044707
16.406 -18.75 0.023939
16.406 -17.969 0.07697
16.406 -17.188 0.050281
16.406 -16.406 -0.017251
16.406 -15.625 -0.041088
16.406 -14.844 -0.048239
16.406 -14.063 -0.028503
16.406 -13.281 0.014899
16.406 -12.5 -0.023283
16.406 -11.719 -0.032341
16.406 -10.938 -0.027391
16.406 -10.156 0.0099117
16.406 -9.375 0.056724
16.406 -8.5938 0.003851
16.406 -7.8125 -0.056673
16.406 -7.0313 -0.0013369
16.406 -6.25 0.0094676
16.406 -5.4688 -0.03695
16.406 -4.6875 -0.026074
16.406 -3.9063 0.038943
16.406 -3.125 0.04255
16.406 -2.3438 0.053966
16.406 -1.5625 -0.056478
16.406 -0.78125 -0.076846
16.406 0 -0.016683
16.406 0.78125 -0.0023846
16.406 1.5625 0.011216
16.406 2.3438 0.027295
16.406 3.125 0.0063652
16.406 3.9063 0.037739
16.406 4.6875 -4.2468e-05
16.406 5.4688 0.019034
16.406 6.25 -0.031513
16.406 7.0313 -0.032258
16.406 7.8125 -0.0012308
16.406 8.5938 0.045249
16.406 9.375 -0.027992
16.406 10.156 -0.025277
16.406 10.938 0.040878
16.406 11.719 0.078015
16.406 12.5 -0.0091163
16.406 13.281 -0.019026
16.406 14.063 -0.028795
16.406 14.844 0.014806
16.406 15.625 -0.011344
16.406 16.406 0.056472
16.406 17.188 -0.026272
16.406 17.969 -0.063125
16.406 18.75 -0.061428
16.406 19.531 -0.0363
16.406 20.313 0.032851
16.406 21.094 0.0011356
16.406 21.875 0.04731
16.406 22.656 0.029347
16.406 23.438 0.0057464
16.406 24.219 -0.014448
16.406 25 0.008479
17.188 -24.219 0.048644
17.188 -23.438 -0.033499
17.188 -22.656 -0.016577
17.188 -21.875 0.029764
17.188 -21.094 0.0041114
17.188 -20.313 -0.04803
17.188 -19.531 -0.042351
17.188 -18.75 0.0015779
17.188 -17.969 0.062047
17.188 -17.188 0.098897
17.188 -16.406 0.019972
17.188 -15.625 -0.046768
17.188 -14.844 -0.084804
17.188 -14.063 -0.030508
17.188 -13.281 0.059146
17.188 -12.5 0.029625
17.188 -11.719 -0.024401
17.188 -10.938 -0.098007
17.188 -10.156 -0.038014
17.188 -9.375 0.05849
17.188 -8.5938 0.050083
17.188 -7.8125 0.00081612
17.188 -7.0313 -0.0017121
17.188 -6.25 -0.037401
17.188 -5.4688 -0.061198
17.188 -4.6875 -0.050071
17.188 -3.9063 0.036247
17.188 -3.125 0.077952
17.188 -2.3438 0.072157
17.188 -1.5625 -0.10389
17.188 -0.78125 -0.1082
17.188 0 -0.025633
17.188 0.78125 -0.00017007
17.188 1.5625 0.030328
17.188 2.3438 0.024916
17.188 3.125 -0.018008
17.188 3.9063 0.025731
17.188 4.6875 -0.010493
17.188 5.4688 0.018141
17.188 6.25 -0.010157
17.188 7.0313 -0.014773
17.188 7.8125 -0.00084979
17.188 8.5938 0.03668
17.188 9.375 -0.0085683
17.188 10.156 -0.030649
17.188 10.938 -0.0019727
17.188 11.719 0.034328
17.188 12.5 0.030356
17.188 13.281 -0.0031341
17.188 14.063 0.0023552
17.188 14.844 0.051287
17.188 15.625 -0.0026803
17.188 16.406 0.014548
17.188 17.188 -0.0084356
17.188 17.969 -0.11949
17.188 18.75 -0.086706
17.188 19.531 0.019271
17.188 20.313 0.038269
17.188 21.094 0.020816
17.188 21.875 -0.028283
17.188 22.656 -0.0098407
17.188 23.438 0.021247
17.188 24.219 0.010765
17.188 25 0.02639
17.969 -24.219 0.014499
17.969 -23.438 -0.036428
17.969 -22.656 -0.015939
17.969 -21.875 0.035915
17.969 -21.094 -0.014809
17.969 -20.313 -0.0038796
17.969 -19.531 -0.041677
17.969 -18.75 -0.005327
17.969 -17.969 0.078329
17.969 -17.188 0.10459
17.969 -16.406 -0.0097839
17.969 -15.625 -0.074625
17.969 -14.844 -0.05512
17.969 -14.063 0.0046469
17.969 -13.281 0.091686
17.969 -12.5 0.060411
17.969 -11.719 -0.019721
17.969 -10.938 -0.10286
17.969 -10.156 -0.045265
17.969 -9.375 0.076786
17.969 -8.5938 0.051982
17.969 -7.8125 -0.0060195
17.969 -7.0313 0.013947
17.969 -6.25 -0.038887
17.969 -5.4688 -0.05669
17.969 -4.6875 -0.047726
17.969 -3.9063 0.036342
17.969 -3.125 0.081967
17.969 -2.3438 0.058042
17.969 -1.5625 -0.090976
17.969 -0.78125 -0.10187
17.969 0 -0.033564
17.969 0.78125 0.0084475
17.969 1.5625 0.065284
17.969 2.3438 -0.02259
17.969 3.125 -0.046416
17.969 3.9063 0.021383
17.969 4.6875 0.0017488
17.969 5.4688 -0.0016528
17.969 6.25 0.0042208
17.969 7.0313 0.014542
17.969 7.8125 -0.016195
17.969 8.5938 -0.00071854
17.969 9.375 0.043908
17.969 10.156 0.0036511
17.969 10.938 -0.026673
17.969 11.719 -0.041471
17.969 12.5 0.037598
17.969 13.281 0.011056
17.969 14.063 0.032445
17.969 14.844 0.030973
17.969 15.625 -0.016594
17.969 16.406 -0.0045986
17.969 17.188 0.0040918
17.969 17.969 -0.094017
17.969 18.75 -0.068736
17.969 19.531 0.048302
17.969 20.313 0.065752
17.969 21.094 0.020649
17.969 21.875 -0.038839
17.969 22.656 -0.054591
17.969 23.438 -0.016138
17.969 24.219 0.0049289
17.969 25 0.033267
18.75 -24.219 -0.033981
18.75 -23.438 -0.028208
18.75 -22.656 0.0030553
18.75 -21.875 0.034966
18.75 -21.094 -0.0015523
18.75 -20.313 0.003164
18.75 -19.531 -0.0054879
18.75 -18.75 -0.020977
18.75 -17.969 0.056875
18.75 -17.188 0.081443
18.75 -16.406 -0.046022
18.75 -15.625 -0.053586
18.75 -14.844 -0.037237
18.75 -14.063 0.021967
18.75 -13.281 0.030087
18.75 -12.5 0.091415
18.75 -11.719 0.055668
18.75 -10.938 -0.061942
18.75 -10.156 -0.050831
18.75 -9.375 0.066437
18.75 -8.5938 0.098535
18.75 -7.8125 -0.0081627
18.75 -7.0313 -0.039989
18.75 -6.25 -0.025843
18.75 -5.4688 -0.018016
18.75 -4.6875 -0.0078161
18.75 -3.9063 0.026282
18.75 -3.125 0.098255
18.75 -2.3438 0.021319
18.75 -1.5625 -0.013471
18.75 -0.78125 -0.02239
18.75 0 -0.021605
18.75 0.78125 0.0033615
18.75 1.5625 0.050559
18.75 2.3438 -0.023631
18.75 3.125 -0.064209
18.75 3.9063 0.018085
18.75 4.6875 0.051221
18.75 5.4688 -0.0077344
18.75 6.25 -0.022609
18.75 7.0313 0.011952
18.75 7.8125 0.043748
18.75 8.5938 0.027446
18.75 9.375 0.052677
18.75 10.156 0.050981
18.75 10.938 -0.016563
18.75 11.719 -0.068398
18.75 12.5 -0.0046818
18.75 13.281 0.025597
18.75 14.063 0.042618
18.75 14.844 -0.013256
18.75 15.625 -0.0017841
18.75 16.406 -0.0015999
18.75 17.188 0.041305
18.75 17.969 -0.029023
18.75 18.75 -0.03326
18.75 19.531 0.052977
18.75 20.313 0.049531
18.75 21.094 0.0037186
18.75 21.875 -0.015906
18.75 22.656 -0.037621
18.75 23.438 -0.0079733
18.75 24.219 -0.0094844
18.75 25 0.026089
19.531 -24.219 -0.058731
19.531 -23.438 0.00017146
19.531 -22.656 0.041731
19.531 -21.875 0.043384
19.531 -21.094 0.017828
19.531 -20.313 -0.017634
19.531 -19.531 -0.041041
19.531 -18.75 -0.014861
19.531 -17.969 0.041145
19.531 -17.188 0.05056
19.531 -16.406 -0.045721
19.531 -15.625 -0.048462
19.531 -14.844 -0.070956
19.531 -14.063 -0.019026
19.531 -13.281 0.013615
19.531 -12.5 0.10853
19.531 -11.719 0.098223
19.531 -10.938 -0.048263
19.531 -10.156 -0.04544
19.531 -9.375 0.045064
19.531 -8.5938 0.12077
19.531 -7.8125 -0.014211
19.531 -7.0313 -0.076911
19.531 -6.25 -0.028059
19.531 -5.4688 0.033136
19.531 -4.6875 -0.016822
19.531 -3.9063 0.036008
19.531 -3.125 0.044753
19.531 -2.3438 0.04048
19.531 -1.5625 0.026181
19.531 -0.78125 0.030219
19.531 0 -0.0072861
19.531 0.78125 -0.0021743
19.531 1.5625 0.023813
19.531 2.3438 -0.023507
19.531 3.125 -0.065801
19.531 3.9063 0.030783
19.531 4.6875 0.084601
19.531 5.4688 -0.016562
19.531 6.25 -0.06235
19.531 7.0313 0.00078586
19.531 7.8125 0.030236
19.531 8.5938 0.051688
19.531 9.375 0.053086
19.531 10.156 0.056697
19.531 10.938 -0.034252
19.531 11.719 -0.067543
19.531 12.5 -0.011657
19.531 13.281 0.0087958
19.531 14.063 0.019973
19.531 14.844 -0.017607
19.531 15.625 -0.024331
19.531 16.406 0.032136
19.531 17.188 0.030913
19.531 17.969 0.0023528
19.531 18.75 -0.027713
19.531 19.531 0.056293
19.531 20.313 0.019478
19.531 21.094 0.0070028
19.531 21.875 -0.020647
19.531 22.656 0.039374
19.531 23.438 0.024457
19.531 24.219 -0.033589
19.531 25 -0.034927
20.313 -24.219 -0.018496
20.313 -23.438 -0.013511
20.313 -22.656 0.082014
20.313 -21.875 0.061098
20.313 -21.094 0.0275
20.313 -20.313 -0.057146
20.313 -19.531 -0.019161
20.313 -18.75 0.0048198
20.313 -17.969 0.011227
20.313 -17.188 -0.0078982
20.313 -16.406 -0.032593
20.313 -15.625 -0.044567
20.313 -14.844 -0.11394
20.313 -14.063 -0.034767
20.313 -13.281 0.038988
20.313 -12.5 0.069027
20.313 -11.719 0.064089
20.313 -10.938 -0.032916
20.313 -10.156 -0.0090328
20.313 -9.375 0.0077143
20.313 -8.5938 0.075847
20.313 -7.8125 0.010653
20.313 -7.0313 -0.084334
20.313 -6.25 -0.038295
20.313 -5.4688 0.019855
20.313 -4.6875 -0.0076669
20.313 -3.9063 -0.021753
20.313 -3.125 0.01191
20.313 -2.3438 0.035665
20.313 -1.5625 0.048287
20.313 -0.78125 0.044424
20.313 0 0.021403
20.313 0.78125 -0.020365
20.313 1.5625 -0.019846
20.313 2.3438 0.034416
20.313 3.125 -0.03579
20.313 3.9063 -0.015168
20.313 4.6875 0.047858
20.313 5.4688 -0.041481
20.313 6.25 -0.02336
20.313 7.0313 -0.035739
20.313 7.8125 0.0012505
20.313 8.5938 0.031597
20.313 9.375 0.055232
20.313 10.156 0.054825
20.313 10.938 -0.044004
20.313 11.719 -0.058662
20.313 12.5 -0.057697
20.313 13.281 -0.041809
20.313 14.063 0.012044
20.313 14.844 0.03484
20.313 15.625 -0.017456
20.313 16.406 0.027613
20.313 17.188 0.016468
20.313 17.969 0.0040094
20.313 18.75 -0.0019594
20.313 19.531 0.029915
20.313 20.313 -0.029025
20.313 21.094 -0.0050807
20.313 21.875 0.0005362
20.313 22.656 0.073648
20.313 23.438 0.06392
20.313 24.219 -0.029655
20.313 25 -0.048072
21.094 -24.219 0.0050019
21.094 -23.438 -0.015658
21.094 -22.656 0.052026
21.094 -21.875 0.049717
21.094 -21.094 0.024782
21.094 -20.313 -0.022139
21.094 -19.531 0.012856
21.094 -18.75 -0.0035851
21.094 -17.969 0.015652
21.094 -17.188 -0.00097228
21.094 -16.406 -0.023422
21.094 -15.625 -0.014797
21.094 -14.844 -0.072603
21.094 -14.063 0.0017058
21.094 -13.281 0.022839
21.094 -12.5 0.0059311
21.094 -11.719 0.01029
21.094 -10.938 -0.03831
21.094 -10.156 -0.012786
21.094 -9.375 0.024274
21.094 -8.5938 0.040443
21.094 -7.8125 -0.0071587
21.094 -7.0313 -0.061694
21.094 -6.25 -0.012786
21.094 -5.4688 -0.031822
21.094 -4.6875 -0.046747
21.094 -3.9063 -0.010187
21.094 -3.125 0.017369
21.094 -2.3438 0.021191
21.094 -1.5625 0.013851
21.094 -0.78125 0.04711
21.094 0 -0.021557
21.094 0.78125 -0.027157
21.094 1.5625 0.01765
21.094 2.3438 0.049602
21.094 3.125 -0.024428
21.094 3.9063 0.015556
21.094 4.6875 -0.0048783
21.094 5.4688 -0.02657
21.094 6.25 -0.0012438
21.094 7.0313 -0.05784
21.094 7.8125 -0.063604
21.094 8.5938 -0.00048127
21.094 9.375 0.024692
21.094 10.156 0.059077
21.094 10.938 -0.017514
21.094 11.719 -0.055557
21.094 12.5 -0.072831
21.094 13.281 -0.016966
21.094 14.063 0.0088414
21.094 14.844 0.049227
21.094 15.625 0.0045011
21.094 16.406 0.0070552
21.094 17.188 0.032236
21.094 17.969 -0.026903
21.094 18.75 -0.022006
21.094 19.531 0.025823
21.094 20.313 -0.0020782
21.094 21.094 -0.055034
21.094 21.875 -0.026209
21.094 22.656 0.069289
21.094 23.438 0.063022
21.094 24.219 -0.0056046
21.094 25 -0.062908
21.875 -24.219 -0.03541
21.875 -23.438 0.0019421
21.875 -22.656 0.027907
21.875 -21.875 0.028786
21.875 -21.094 -0.010005
21.875 -20.313 -0.013163
21.875 -19.531 0.021733
21.875 -18.75 -0.022124
21.875 -17.969 -0.011434
21.875 -17.188 0.0010978
21.875 -16.406 -0.018913
21.875 -15.625 0.007456
21.875 -14.844 -0.0044445
21.875 -14.063 0.01252
21.875 -13.281 0.027054
21.875 -12.5 -0.01097
21.875 -11.719 -0.034452
21.875 -10.938 -0.073538
21.875 -10.156 0.013479
21.875 -9.375 0.024379
21.875 -8.5938 0.034734
21.875 -7.8125 0.0024893
21.875 -7.0313 -0.037614
21.875 -6.25 -0.012602
21.875 -5.4688 -0.054307
21.875 -4.6875 -0.049195
21.875 -3.9063 -0.0040707
21.875 -3.125 -0.0061486
21.875 -2.3438 0.05992
21.875 -1.5625 0.0081982
21.875 -0.78125 0.020384
21.875 0 -0.033854
21.875 0.78125 -0.081454
21.875 1.5625 -0.0025246
21.875 2.3438 0.079725
21.875 3.125 0.029069
21.875 3.9063 0.033758
21.875 4.6875 -0.062655
21.875 5.4688 -0.018902
21.875 6.25 -0.0050167
21.875 7.0313 -0.014721
21.875 7.8125 -0.087546
21.875 8.5938 -0.026502
21.875 9.375 0.030024
21.875 10.156 0.064924
21.875 10.938 -0.038305
21.875 11.719 -0.036754
21.875 12.5 -0.030806
21.875 13.281 -0.02863
21.875 14.063 -0.019081
21.875 14.844 0.044346
21.875 15.625 -0.0017976
21.875 16.406 -0.015348
21.875 17.188 0.0088577
21.875 17.969 -0.0015318
21.875 18.75 -0.018033
21.875 19.531 0.025063
21.875 20.313 -0.0094291
21.875 21.094 -0.072322
21.875 21.875 -0.06265
21.875 22.656 0.058372
21.875 23.438 0.049669
21.875 24.219 -0.01194
21.875 25 -0.056139
22.656 -24.219 -0.061403
22.656 -23.438 0.012403
22.656 -22.656 -0.0086819
22.656 -21.875 0.049284
22.656 -21.094 0.0040147
22.656 -20.313 -0.036386
22.656 -19.531 -0.019741
22.656 -18.75 0.00075845
22.656 -17.969 0.0096406
22.656 -17.188 -0.008616
22.656 -16.406 -0.015803
22.656 -15.625 0.046739
22.656 -14.844 0.009215
22.656 -14.063 -0.0055434
22.656 -13.281 0.016867
22.656 -12.5 0.026349
22.656 -11.719 -0.05581
22.656 -10.938 -0.062097
22.656 -10.156 0.0038197
22.656 -9.375 0.048912
22.656 -8.5938 0.012203
22.656 -7.8125 0.019747
22.656 -7.0313 0.018104
22.656 -6.25 0.015357
22.656 -5.4688 -0.055416
22.656 -4.6875 0.0087065
22.656 -3.9063 -0.010687
22.656 -3.125 0.0060978
22.656 -2.3438 0.068171
22.656 -1.5625 0.049265
22.656 -0.78125 -0.0070274
22.656 0 -0.061289
22.656 0.78125 -0.078572
22.656 1.5625 -0.0020075
22.656 2.3438 0.015598
22.656 3.125 0.063395
22.656 3.9063 0.065842
22.656 4.6875 -0.0075394
22.656 5.4688 -0.042818
22.656 6.25 0.0003056
22.656 7.0313 -0.0084067
22.656 7.8125 0.019658
22.656 8.5938 0.0027597
22.656 9.375 0.017575
22.656 10.156 0.010036
22.656 10.938 0.00050295
22.656 11.719 0.016815
22.656 12.5 0.055556
22.656 13.281 0.00084473
22.656 14.063 -0.020483
22.656 14.844 -0.0058007
22.656 15.625 -0.00099931
22.656 16.406 -0.01092
22.656 17.188 -0.025016
22.656 17.969 0.003925
22.656 18.75 0.027517
22.656 19.531 0.030045
22.656 20.313 0.012472
22.656 21.094 -0.068629
22.656 21.875 -0.036663
22.656 22.656 0.037507
22.656 23.438 0.063643
22.656 24.219 -0.01779
22.656 25 -0.046015
23.438 -24.219 -0.040632
23.438 -23.438 0.030271
23.438 -22.656 -0.0025505
23.438 -21.875 0.04253
23.438 -21.094 -0.027225
23.438 -20.313 -0.05914
23.438 -19.531 0.0014743
23.438 -18.75 0.037606
23.438 -17.969 0.029611
23.438 -17.188 -0.019165
23.438 -16.406 -0.023365
23.438 -15.625 0.011298
23.438 -14.844 0.0043106
23.438 -14.063 -0.023923
23.438 -13.281 0.039644
23.438 -12.5 0.060627
23.438 -11.719 -0.031841
23.438 -10.938 -0.054876
23.438 -10.156 -0.024573
23.438 -9.375 -0.0067968
23.438 -8.5938 0.016321
23.438 -7.8125 0.027256
23.438 -7.0313 0.013837
23.438 -6.25 0.016515
23.438 -5.4688 -0.016965
23.438 -4.6875 0.0096151
23.438 -3.9063 0.0088559
23.438 -3.125 0.048304
23.438 -2.3438 0.039704
23.438 -1.5625 -0.01142
23.438 -0.78125 0.022975
23.438 0 -0.070645
23.438 0.78125 -0.055548
23.438 1.5625 -0.036353
23.438 2.3438 -0.028433
23.438 3.125 0.057487
23.438 3.9063 0.077978
23.438 4.6875 0.026656
23.438 5.4688 -0.032484
23.438 6.25 -0.015775
23.438 7.0313 -0.018067
23.438 7.8125 0.052591
23.438 8.5938 -0.0058911
23.438 9.375 -0.010999
23.438 10.156 8.0881e-05
23.438 10.938 -0.027936
23.438 11.719 0.046382
23.438 12.5 0.10155
23.438 13.281 0.034295
23.438 14.063 -0.01509
23.438 14.844 -0.0051409
23.438 15.625 -0.0035011
23.438 16.406 0.041931
23.438 17.188 -0.043332
23.438 17.969 -0.020972
23.438 18.75 0.034391
23.438 19.531 0.032068
23.438 20.313 0.0058467
23.438 21.094 -0.031207
23.438 21.875 0.0034414
23.438 22.656 0.030396
23.438 23.438 0.069717
23.438 24.219 0.00033827
23.438 25 -0.056115
24.219 -24.219 -0.025297
24.219 -23.438 0.055189
24.219 -22.656 0.0082917
24.219 -21.875 0.0055016
24.219 -21.094 -0.029388
24.219 -20.313 -0.043468
24.219 -19.531 0.055348
24.219 -18.75 0.079784
24.219 -17.969 0.016707
24.219 -17.188 -0.035285
24.219 -16.406 -0.034981
24.219 -15.625 -0.02819
24.219 -14.844 -0.023165
24.219 -14.063 -0.046723
24.219 -13.281 0.033651
24.219 -12.5 0.064153
24.219 -11.719 0.014972
24.219 -10.938 -0.012299
24.219 -10.156 -0.064348
24.219 -9.375 -0.027627
24.219 -8.5938 0.028527
24.219 -7.8125 0.031653
24.219 -7.0313 0.030664
24.219 -6.25 0.0081105
24.219 -5.4688 -0.056975
24.219 -4.6875 0.0033438
24.219 -3.9063 0.041402
24.219 -3.125 0.093251
24.219 -2.3438 0.031528
24.219 -1.5625 -0.049349
24.219 -0.78125 -0.023445
24.219 0 0.0019283
24.219 0.78125 -0.047879
24.219 1.5625 -0.063455
24.219 2.3438 -0.024638
24.219 3.125 0.072344
24.219 3.9063 0.062556
24.219 4.6875 0.041585
24.219 5.4688 -0.0059998
24.219 6.25 -0.030554
24.219 7.0313 -0.024141
24.219 7.8125 0.014869
24.219 8.5938 -0.015337
24.219 9.375 -0.012454
24.219 10.156 -0.025974
24.219 10.938 0.0025486
24.219 11.719 0.027657
24.219 12.5 0.078157
24.219 13.281 0.03454
24.219 14.063 -0.017343
24.219 14.844 -0.015297
24.219 15.625 -0.026824
24.219 16.406 0.042841
24.219 17.188 -0.011591
24.219 17.969 -0.028432
24.219 18.75 0.012943
24.219 19.531 0.02374
24.219 20.313 0.0020234
24.219 21.094 -0.038691
24.219 21.875 -0.0068698
24.219 22.656 0.049336
24.219 23.438 0.059055
24.219 24.219 0.0082008
24.219 25 -0.033271
25 -24.219 -0.0033275
25 -23.438 0.033186
25 -22.656 0.010436
25 -21.875 -0.014503
25 -21.094 -0.026968
25 -20.313 -0.052296
25 -19.531 0.042325
25 -18.75 0.10993
25 -17.969 7.5721e-05
25 -17.188 -0.077136
25 -16.406 -0.033313
25 -15.625 -0.0307
25 -14.844 0.00658
25 -14.063 0.0027903
25 -13.281 0.046074
25 -12.5 0.021725
25 -11.719 0.016516
25 -10.938 -0.020931
25 -10.156 -0.018435
25 -9.375 -0.040357
25 -8.5938 0.020474
25 -7.8125 0.077217
25 -7.0313 0.050698
25 -6.25 -0.0085383
25 -5.4688 -0.1003
25 -4.6875 -0.04752
25 -3.9063 0.026601
25 -3.125 0.10274
25 -2.3438 0.013903
25 -1.5625 -0.06878
25 -0.78125 0.0099235
25 0 0.022133
25 0.78125 -0.021023
25 1.5625 -0.098377
25 2.3438 -0.0092383
25 3.125 0.024851
25 3.9063 0.048677
25 4.6875 0.017627
25 5.4688 0.0040016
25 6.25 -0.039946
25 7.0313 -0.046385
25 7.8125 0.015369
25 8.5938 -0.0062869
25 9.375 -1.0505e-05
25 10.156 -0.0065346
25 10.938 0.01115
25 11.719 0.015048
25 12.5 0.035932
25 13.281 0.0075213
25 14.063 -0.03187
25 14.844 0.018548
25 15.625 -0.029587
25 16.406 0.0032817
25 17.188 -0.002614
25 17.969 -0.018504
25 18.75 -0.0033628
25 19.531 -0.0016303
25 20.313 0.0027492
25 21.094 -0.036843
25 21.875 -0.065505
25 22.656 0.051322
25 23.438 0.038133
25 24.219 0.0058544
25 25 -0.031543
