-24.219 -24.219 -0.16086
-24.219 -23.438 -0.13323
-24.219 -22.656 0.0075958
-24.219 -21.875 0.086166
-24.219 -21.094 0.013402
-24.219 -20.313 -0.1439
-24.219 -19.531 -0.15995
-24.219 -18.75 -0.13157
-24.219 -17.969 0.00061336
-24.219 -17.188 0.12422
-24.219 -16.406 0.16038
-24.219 -15.625 0.029452
-24.219 -14.844 -0.079138
-24.219 -14.063 -0.14162
-24.219 -13.281 -0.084811
-24.219 -12.5 -0.017095
-24.219 -11.719 0.014176
-24.219 -10.938 0.012664
-24.219 -10.156 0.048758
-24.219 -9.375 0.1277
-24.219 -8.5938 0.20121
-24.219 -7.8125 0.26484
-24.219 -7.0313 0.32234
-24.219 -6.25 0.28951
-24.219 -5.4688 0.13083
-24.219 -4.6875 -0.029794
-24.219 -3.9063 -0.14242
-24.219 -3.125 -0.12555
-24.219 -2.3438 -0.010307
-24.219 -1.5625 0.20733
-24.219 -0.78125 0.44174
-24.219 0 0.57559
-24.219 0.78125 0.52264
-24.219 1.5625 0.38776
-24.219 2.3438 0.17302
-24.219 3.125 -0.032928
-24.219 3.9063 -0.13175
-24.219 4.6875 -0.11411
-24.219 5.4688 -0.074862
-24.219 6.25 -0.06303
-24.219 7.0313 -0.012319
-24.219 7.8125 0.16436
-24.219 8.5938 0.29037
-24.219 9.375 0.33533
-24.219 10.156 0.35193
-24.219 10.938 0.21351
-24.219 11.719 0.0096933
-24.219 12.5 -0.21489
-24.219 13.281 -0.34875
-24.219 14.063 -0.19823
-24.219 14.844 -0.063117
-24.219 15.625 -0.037071
-24.219 16.406 0.059186
-24.219 17.188 0.1444
-24.219 17.969 0.27068
-24.219 18.75 0.31467
-24.219 19.531 0.12633
-24.219 20.313 -0.050272
-24.219 21.094 -0.20425
-24.219 21.875 -0.27708
-24.219 22.656 -0.26756
-24.219 23.438 -0.27646
-24.219 24.219 -0.27724
-24.219 25 -0.2051
-23.438 -24.219 -0.15857
-23.438 -23.438 -0.073174
-23.438 -22.656 0.018295
-23.438 -21.875 0.021006
-23.438 -21.094 -0.035175
-23.438 -20.313 -0.17328
-23.438 -19.531 -0.221
-23.438 -18.75 -0.1643
-23.438 -17.969 -0.039534
-23.438 -17.188 0.053741
-23.438 -16.406 0.1141
-23.438 -15.625 -0.010106
-23.438 -14.844 -0.11785
-23.438 -14.063 -0.13614
-23.438 -13.281 -0.085066
-23.438 -12.5 -0.045808
-23.438 -11.719 -0.029895
-23.438 -10.938 -0.0024584
-23.438 -10.156 0.028114
-23.438 -9.375 0.097557
-23.438 -8.5938 0.17351
-23.438 -7.8125 0.20527
-23.438 -7.0313 0.23112
-23.438 -6.25 0.21372
-23.438 -5.4688 0.05244
-23.438 -4.6875 -0.061351
-23.438 -3.9063 -0.1666
-23.438 -3.125 -0.14624
-23.438 -2.3438 -0.033965
-23.438 -1.5625 0.17698
-23.438 -0.78125 0.42028
-23.438 0 0.59751
-23.438 0.78125 0.52956
-23.438 1.5625 0.35365
-23.438 2.3438 0.15771
-23.438 3.125 -0.044149
-23.438 3.9063 -0.14621
-23.438 4.6875 -0.14752
-23.438 5.4688 -0.10368
-23.438 6.25 -0.038231
-23.438 7.0313 0.033498
-23.438 7.8125 0.17593
-23.438 8.5938 0.28689
-23.438 9.375 0.30271
-23.438 10.156 0.25576
-23.438 10.938 0.10298
-23.438 11.719 -0.10458
-23.438 12.5 -0.20061
-23.438 13.281 -0.26289
-23.438 14.063 -0.14336
-23.438 14.844 -0.048364
-23.438 15.625 -0.043631
-23.438 16.406 0.057736
-23.438 17.188 0.096932
-23.438 17.969 0.20213
-23.438 18.75 0.26492
-23.438 19.531 0.13586
-23.438 20.313 -0.047666
-23.438 21.094 -0.20774
-23.438 21.875 -0.25482
-23.438 22.656 -0.23393
-23.438 23.438 -0.25827
-23.438 24.219 -0.26199
-23.438 25 -0.2069
-22.656 -24.219 -0.11808
-22.656 -23.438 -0.046092
-22.656 -22.656 0.029883
-22.656 -21.875 -0.028447
-22.656 -21.094 -0.13195
-22.656 -20.313 -0.20854
-22.656 -19.531 -0.28149
-22.656 -18.75 -0.17242
-22.656 -17.969 -0.02161
-22.656 -17.188 0.00050364
-22.656 -16.406 0.01411
-22.656 -15.625 -0.11408
-22.656 -14.844 -0.18703
-22.656 -14.063 -0.17407
-22.656 -13.281 -0.087401
-22.656 -12.5 -0.053909
-22.656 -11.719 -0.061308
-22.656 -10.938 -0.021531
-22.656 -10.156 -0.021443
-22.656 -9.375 0.055461
-22.656 -8.5938 0.19033
-22.656 -7.8125 0.20236
-22.656 -7.0313 0.1444
-22.656 -6.25 0.079103
-22.656 -5.4688 -0.017998
-22.656 -4.6875 -0.11048
-22.656 -3.9063 -0.19712
-22.656 -3.125 -0.13978
-22.656 -2.3438 0.013192
-22.656 -1.5625 0.18358
-22.656 -0.78125 0.42257
-22.656 0 0.59313
-22.656 0.78125 0.51331
-22.656 1.5625 0.32177
-22.656 2.3438 0.068921
-22.656 3.125 -0.09658
-22.656 3.9063 -0.13893
-22.656 4.6875 -0.15507
-22.656 5.4688 -0.097779
-22.656 6.25 -0.011761
-22.656 7.0313 0.1137
-22.656 7.8125 0.246
-22.656 8.5938 0.2939
-22.656 9.375 0.21936
-22.656 10.156 0.12669
-22.656 10.938 0.0027169
-22.656 11.719 -0.17539
-22.656 12.5 -0.23492
-22.656 13.281 -0.1886
-22.656 14.063 -0.081781
-22.656 14.844 -0.051787
-22.656 15.625 -0.062726
-22.656 16.406 -0.029811
-22.656 17.188 0.046698
-22.656 17.969 0.22323
-22.656 18.75 0.28149
-22.656 19.531 0.159
-22.656 20.313 -0.058026
-22.656 21.094 -0.18081
-22.656 21.875 -0.25001
-22.656 22.656 -0.26325
-22.656 23.438 -0.25374
-22.656 24.219 -0.28234
-22.656 25 -0.19125
-21.875 -24.219 -0.098624
-21.875 -23.438 -0.081683
-21.875 -22.656 -0.001058
-21.875 -21.875 -0.080601
-21.875 -21.094 -0.22945
-21.875 -20.313 -0.25597
-21.875 -19.531 -0.23802
-21.875 -18.75 -0.146
-21.875 -17.969 -0.032873
-21.875 -17.188 -0.036385
-21.875 -16.406 -0.082746
-21.875 -15.625 -0.199
-21.875 -14.844 -0.26714
-21.875 -14.063 -0.20005
-21.875 -13.281 -0.10511
-21.875 -12.5 -0.040269
-21.875 -11.719 -0.024286
-21.875 -10.938 -0.056745
-21.875 -10.156 -0.042787
-21.875 -9.375 0.064582
-21.875 -8.5938 0.18492
-21.875 -7.8125 0.1624
-21.875 -7.0313 0.087296
-21.875 -6.25 0.012
-21.875 -5.4688 -0.091646
-21.875 -4.6875 -0.17784
-21.875 -3.9063 -0.19822
-21.875 -3.125 -0.09407
-21.875 -2.3438 0.043626
-21.875 -1.5625 0.21967
-21.875 -0.78125 0.42335
-21.875 0 0.5308
-21.875 0.78125 0.47691
-21.875 1.5625 0.26843
-21.875 2.3438 0.01517
-21.875 3.125 -0.11549
-21.875 3.9063 -0.15721
-21.875 4.6875 -0.13836
-21.875 5.4688 -0.083997
-21.875 6.25 -0.0082707
-21.875 7.0313 0.17303
-21.875 7.8125 0.29844
-21.875 8.5938 0.31718
-21.875 9.375 0.19223
-21.875 10.156 0.045652
-21.875 10.938 -0.05551
-21.875 11.719 -0.16246
-21.875 12.5 -0.24124
-21.875 13.281 -0.18601
-21.875 14.063 -0.10469
-21.875 14.844 -0.073149
-21.875 15.625 -0.10444
-21.875 16.406 -0.090346
-21.875 17.188 0.057524
-21.875 17.969 0.23079
-21.875 18.75 0.29405
-21.875 19.531 0.15273
-21.875 20.313 -0.05271
-21.875 21.094 -0.12532
-21.875 21.875 -0.18963
-21.875 22.656 -0.2806
-21.875 23.438 -0.27272
-21.875 24.219 -0.24966
-21.875 25 -0.15869
-21.094 -24.219 -0.01519
-21.094 -23.438 -0.030658
-21.094 -22.656 -0.033443
-21.094 -21.875 -0.13488
-21.094 -21.094 -0.27576
-21.094 -20.313 -0.30009
-21.094 -19.531 -0.16021
-21.094 -18.75 -0.094439
-21.094 -17.969 -0.070278
-21.094 -17.188 -0.033891
-21.094 -16.406 -0.1756
-21.094 -15.625 -0.29266
-21.094 -14.844 -0.36166
-21.094 -14.063 -0.23655
-21.094 -13.281 -0.1427
-21.094 -12.5 -0.10685
-21.094 -11.719 -0.070457
-21.094 -10.938 -0.072879
-21.094 -10.156 -0.058431
-21.094 -9.375 0.01486
-21.094 -8.5938 0.14833
-21.094 -7.8125 0.15614
-21.094 -7.0313 0.12944
-21.094 -6.25 0.0090311
-21.094 -5.4688 -0.1276
-21.094 -4.6875 -0.24498
-21.094 -3.9063 -0.2509
-21.094 -3.125 -0.12126
-21.094 -2.3438 0.028493
-21.094 -1.5625 0.23191
-21.094 -0.78125 0.4433
-21.094 0 0.53466
-21.094 0.78125 0.42817
-21.094 1.5625 0.19841
-21.094 2.3438 -0.024214
-21.094 3.125 -0.12147
-21.094 3.9063 -0.14915
-21.094 4.6875 -0.14615
-21.094 5.4688 -0.087438
-21.094 6.25 0.0098765
-21.094 7.0313 0.19038
-21.094 7.8125 0.28271
-21.094 8.5938 0.27614
-21.094 9.375 0.15482
-21.094 10.156 0.053005
-21.094 10.938 -0.03641
-21.094 11.719 -0.13736
-21.094 12.5 -0.26062
-21.094 13.281 -0.2637
-21.094 14.063 -0.15382
-21.094 14.844 -0.10832
-21.094 15.625 -0.1116
-21.094 16.406 -0.063187
-21.094 17.188 0.091758
-21.094 17.969 0.19736
-21.094 18.75 0.2529
-21.094 19.531 0.11028
-21.094 20.313 -0.050808
-21.094 21.094 -0.11007
-21.094 21.875 -0.162
-21.094 22.656 -0.27821
-21.094 23.438 -0.32585
-21.094 24.219 -0.19267
-21.094 25 -0.076402
-20.313 -24.219 0.070866
-20.313 -23.438 0.036741
-20.313 -22.656 -0.087133
-20.313 -21.875 -0.19832
-20.313 -21.094 -0.31806
-20.313 -20.313 -0.27124
-20.313 -19.531 -0.10053
-20.313 -18.75 -0.0091147
-20.313 -17.969 0.0050306
-20.313 -17.188 -0.039068
-20.313 -16.406 -0.24583
-20.313 -15.625 -0.37531
-20.313 -14.844 -0.37477
-20.313 -14.063 -0.23333
-20.313 -13.281 -0.19663
-20.313 -12.5 -0.1757
-20.313 -11.719 -0.14404
-20.313 -10.938 -0.12896
-20.313 -10.156 -0.14353
-20.313 -9.375 -0.056925
-20.313 -8.5938 0.13405
-20.313 -7.8125 0.16686
-20.313 -7.0313 0.12143
-20.313 -6.25 -0.031866
-20.313 -5.4688 -0.17724
-20.313 -4.6875 -0.26397
-20.313 -3.9063 -0.26333
-20.313 -3.125 -0.14579
-20.313 -2.3438 0.043034
-20.313 -1.5625 0.26407
-20.313 -0.78125 0.44128
-20.313 0 0.53193
-20.313 0.78125 0.38433
-20.313 1.5625 0.13475
-20.313 2.3438 -0.0066558
-20.313 3.125 -0.043709
-20.313 3.9063 -0.09769
-20.313 4.6875 -0.13418
-20.313 5.4688 -0.12505
-20.313 6.25 0.0069277
-20.313 7.0313 0.16623
-20.313 7.8125 0.28549
-20.313 8.5938 0.28357
-20.313 9.375 0.14861
-20.313 10.156 0.092178
-20.313 10.938 -0.0056998
-20.313 11.719 -0.15186
-20.313 12.5 -0.26792
-20.313 13.281 -0.21966
-20.313 14.063 -0.13453
-20.313 14.844 -0.099034
-20.313 15.625 -0.13389
-20.313 16.406 -0.057277
-20.313 17.188 0.11572
-20.313 17.969 0.19626
-20.313 18.75 0.19109
-20.313 19.531 0.084466
-20.313 20.313 -0.060117
-20.313 21.094 -0.13729
-20.313 21.875 -0.15361
-20.313 22.656 -0.27318
-20.313 23.438 -0.29519
-20.313 24.219 -0.13
-20.313 25 0.034525
-19.531 -24.219 0.11333
-19.531 -23.438 0.038671
-19.531 -22.656 -0.084214
-19.531 -21.875 -0.24827
-19.531 -21.094 -0.38738
-19.531 -20.313 -0.30106
-19.531 -19.531 -0.14601
-19.531 -18.75 -0.05431
-19.531 -17.969 -0.0015467
-19.531 -17.188 -0.099421
-19.531 -16.406 -0.21197
-19.531 -15.625 -0.331
-19.531 -14.844 -0.33729
-19.531 -14.063 -0.23283
-19.531 -13.281 -0.23099
-19.531 -12.5 -0.23441
-19.531 -11.719 -0.18742
-19.531 -10.938 -0.16824
-19.531 -10.156 -0.17342
-19.531 -9.375 -0.053537
-19.531 -8.5938 0.11032
-19.531 -7.8125 0.20737
-19.531 -7.0313 0.15778
-19.531 -6.25 -0.064852
-19.531 -5.4688 -0.2
-19.531 -4.6875 -0.22774
-19.531 -3.9063 -0.22476
-19.531 -3.125 -0.10572
-19.531 -2.3438 0.063536
-19.531 -1.5625 0.27385
-19.531 -0.78125 0.43075
-19.531 0 0.49724
-19.531 0.78125 0.34213
-19.531 1.5625 0.11731
-19.531 2.3438 0.03089
-19.531 3.125 -0.0010725
-19.531 3.9063 -0.050573
-19.531 4.6875 -0.08387
-19.531 5.4688 -0.13267
-19.531 6.25 -0.04518
-19.531 7.0313 0.14369
-19.531 7.8125 0.34145
-19.531 8.5938 0.26437
-19.531 9.375 0.18165
-19.531 10.156 0.10901
-19.531 10.938 0.0082124
-19.531 11.719 -0.14703
-19.531 12.5 -0.23259
-19.531 13.281 -0.15745
-19.531 14.063 -0.083404
-19.531 14.844 -0.092004
-19.531 15.625 -0.1021
-19.531 16.406 -0.013769
-19.531 17.188 0.13198
-19.531 17.969 0.13987
-19.531 18.75 0.064007
-19.531 19.531 -0.038036
-19.531 20.313 -0.098786
-19.531 21.094 -0.12986
-19.531 21.875 -0.18887
-19.531 22.656 -0.28662
-19.531 23.438 -0.26978
-19.531 24.219 -0.13438
-19.531 25 0.098758
-18.75 -24.219 0.10997
-18.75 -23.438 -0.010778
-18.75 -22.656 -0.16968
-18.75 -21.875 -0.26787
-18.75 -21.094 -0.32758
-18.75 -20.313 -0.2792
-18.75 -19.531 -0.17639
-18.75 -18.75 -0.089028
-18.75 -17.969 0.011096
-18.75 -17.188 -0.024633
-18.75 -16.406 -0.15532
-18.75 -15.625 -0.26276
-18.75 -14.844 -0.30485
-18.75 -14.063 -0.21211
-18.75 -13.281 -0.27839
-18.75 -12.5 -0.31233
-18.75 -11.719 -0.25743
-18.75 -10.938 -0.14902
-18.75 -10.156 -0.11118
-18.75 -9.375 0.0017544
-18.75 -8.5938 0.094022
-18.75 -7.8125 0.17209
-18.75 -7.0313 0.13613
-18.75 -6.25 -0.070446
-18.75 -5.4688 -0.17877
-18.75 -4.6875 -0.16888
-18.75 -3.9063 -0.15243
-18.75 -3.125 -0.074338
-18.75 -2.3438 0.043455
-18.75 -1.5625 0.20843
-18.75 -0.78125 0.34115
-18.75 0 0.35674
-18.75 0.78125 0.24313
-18.75 1.5625 0.062502
-18.75 2.3438 -0.0024227
-18.75 3.125 -0.075203
-18.75 3.9063 -0.11994
-18.75 4.6875 -0.097143
-18.75 5.4688 -0.11879
-18.75 6.25 -0.064761
-18.75 7.0313 0.12359
-18.75 7.8125 0.23216
-18.75 8.5938 0.17818
-18.75 9.375 0.17406
-18.75 10.156 0.12073
-18.75 10.938 0.009814
-18.75 11.719 -0.12838
-18.75 12.5 -0.1636
-18.75 13.281 -0.10429
-18.75 14.063 -0.029313
-18.75 14.844 -0.025606
-18.75 15.625 0.0022872
-18.75 16.406 0.071623
-18.75 17.188 0.12098
-18.75 17.969 0.090333
-18.75 18.75 -0.017865
-18.75 19.531 -0.11645
-18.75 20.313 -0.09174
-18.75 21.094 -0.11174
-18.75 21.875 -0.22287
-18.75 22.656 -0.28359
-18.75 23.438 -0.22535
-18.75 24.219 -0.068457
-18.75 25 0.094104
-17.969 -24.219 0.085295
-17.969 -23.438 -0.097532
-17.969 -22.656 -0.22028
-17.969 -21.875 -0.23491
-17.969 -21.094 -0.23317
-17.969 -20.313 -0.2651
-17.969 -19.531 -0.19138
-17.969 -18.75 -0.094039
-17.969 -17.969 0.02567
-17.969 -17.188 0.033097
-17.969 -16.406 -0.071693
-17.969 -15.625 -0.21409
-17.969 -14.844 -0.28144
-17.969 -14.063 -0.24092
-17.969 -13.281 -0.31852
-17.969 -12.5 -0.35489
-17.969 -11.719 -0.28296
-17.969 -10.938 -0.14614
-17.969 -10.156 -0.015338
-17.969 -9.375 0.079138
-17.969 -8.5938 0.058908
-17.969 -7.8125 0.06918
-17.969 -7.0313 0.030745
-17.969 -6.25 -0.067416
-17.969 -5.4688 -0.14108
-17.969 -4.6875 -0.13472
-17.969 -3.9063 -0.072127
-17.969 -3.125 -0.024194
-17.969 -2.3438 0.035559
-17.969 -1.5625 0.13159
-17.969 -0.78125 0.23511
-17.969 0 0.21375
-17.969 0.78125 0.18535
-17.969 1.5625 0.088828
-17.969 2.3438 -0.043312
-17.969 3.125 -0.11396
-17.969 3.9063 -0.16392
-17.969 4.6875 -0.16143
-17.969 5.4688 -0.12734
-17.969 6.25 -0.049483
-17.969 7.0313 0.12527
-17.969 7.8125 0.16897
-17.969 8.5938 0.14869
-17.969 9.375 0.18188
-17.969 10.156 0.16759
-17.969 10.938 0.050335
-17.969 11.719 -0.11411
-17.969 12.5 -0.12206
-17.969 13.281 -0.054658
-17.969 14.063 0.018245
-17.969 14.844 0.065079
-17.969 15.625 0.070256
-17.969 16.406 0.15241
-17.969 17.188 0.14638
-17.969 17.969 0.022914
-17.969 18.75 -0.056436
-17.969 19.531 -0.090854
-17.969 20.313 -0.084862
-17.969 21.094 -0.051607
-17.969 21.875 -0.17316
-17.969 22.656 -0.26479
-17.969 23.438 -0.13448
-17.969 24.219 0.020589
-17.969 25 0.12064
-17.188 -24.219 0.053024
-17.188 -23.438 -0.14464
-17.188 -22.656 -0.22868
-17.188 -21.875 -0.18608
-17.188 -21.094 -0.21805
-17.188 -20.313 -0.26532
-17.188 -19.531 -0.18659
-17.188 -18.75 -0.11276
-17.188 -17.969 -0.017855
-17.188 -17.188 0.05134
-17.188 -16.406 -0.0088363
-17.188 -15.625 -0.15217
-17.188 -14.844 -0.23104
-17.188 -14.063 -0.2871
-17.188 -13.281 -0.33869
-17.188 -12.5 -0.38015
-17.188 -11.719 -0.32402
-17.188 -10.938 -0.15526
-17.188 -10.156 0.0086578
-17.188 -9.375 0.126
-17.188 -8.5938 0.047421
-17.188 -7.8125 0.0034633
-17.188 -7.0313 0.0015327
-17.188 -6.25 -0.052271
-17.188 -5.4688 -0.10355
-17.188 -4.6875 -0.08616
-17.188 -3.9063 0.0015467
-17.188 -3.125 0.05834
-17.188 -2.3438 0.041547
-17.188 -1.5625 0.090704
-17.188 -0.78125 0.15645
-17.188 0 0.18703
-17.188 0.78125 0.21825
-17.188 1.5625 0.14896
-17.188 2.3438 -0.020824
-17.188 3.125 -0.098216
-17.188 3.9063 -0.12621
-17.188 4.6875 -0.14292
-17.188 5.4688 -0.12613
-17.188 6.25 -0.0243
-17.188 7.0313 0.10155
-17.188 7.8125 0.17473
-17.188 8.5938 0.1654
-17.188 9.375 0.20115
-17.188 10.156 0.16023
-17.188 10.938 0.10908
-17.188 11.719 -0.03997
-17.188 12.5 -0.038218
-17.188 13.281 -0.055801
-17.188 14.063 0.049562
-17.188 14.844 0.13952
-17.188 15.625 0.10659
-17.188 16.406 0.16165
-17.188 17.188 0.16081
-17.188 17.969 0.022112
-17.188 18.75 -0.063469
-17.188 19.531 -0.090418
-17.188 20.313 -0.082593
-17.188 21.094 -0.035601
-17.188 21.875 -0.059109
-17.188 22.656 -0.096834
-17.188 23.438 -0.00266
-17.188 24.219 0.07713
-17.188 25 0.13738
-16.406 -24.219 0.065548
-16.406 -23.438 -0.071007
-16.406 -22.656 -0.18895
-16.406 -21.875 -0.20454
-16.406 -21.094 -0.20358
-16.406 -20.313 -0.24639
-16.406 -19.531 -0.18192
-16.406 -18.75 -0.11109
-16.406 -17.969 -0.0085421
-16.406 -17.188 0.056911
-16.406 -16.406 0.0020671
-16.406 -15.625 -0.16669
-16.406 -14.844 -0.27402
-16.406 -14.063 -0.33517
-16.406 -13.281 -0.32461
-16.406 -12.5 -0.31812
-16.406 -11.719 -0.27598
-16.406 -10.938 -0.1199
-16.406 -10.156 0.039685
-16.406 -9.375 0.10155
-16.406 -8.5938 -0.0014759
-16.406 -7.8125 -0.051
-16.406 -7.0313 -0.047697
-16.406 -6.25 -0.046383
-16.406 -5.4688 -0.068522
-16.406 -4.6875 -0.02302
-16.406 -3.9063 -0.0085126
-16.406 -3.125 -0.026731
-16.406 -2.3438 0.0010961
-16.406 -1.5625 0.10812
-16.406 -0.78125 0.16707
-16.406 0 0.17602
-16.406 0.78125 0.26681
-16.406 1.5625 0.20413
-16.406 2.3438 0.053049
-16.406 3.125 -0.034738
-16.406 3.9063 -0.090762
-16.406 4.6875 -0.13099
-16.406 5.4688 -0.14536
-16.406 6.25 -0.04413
-16.406 7.0313 0.069002
-16.406 7.8125 0.13078
-16.406 8.5938 0.23316
-16.406 9.375 0.20876
-16.406 10.156 0.17596
-16.406 10.938 0.10602
-16.406 11.719 0.013984
-16.406 12.5 -0.05428
-16.406 13.281 -0.047483
-16.406 14.063 0.12026
-16.406 14.844 0.16596
-16.406 15.625 0.1456
-16.406 16.406 0.17642
-16.406 17.188 0.14118
-16.406 17.969 0.016572
-16.406 18.75 -0.092582
-16.406 19.531 -0.12819
-16.406 20.313 -0.061007
-16.406 21.094 -0.0074775
-16.406 21.875 0.011415
-16.406 22.656 0.052583
-16.406 23.438 0.10929
-16.406 24.219 0.15506
-16.406 25 0.14916
-15.625 -24.219 0.09219
-15.625 -23.438 -0.080879
-15.625 -22.656 -0.17979
-15.625 -21.875 -0.21979
-15.625 -21.094 -0.21079
-15.625 -20.313 -0.15241
-15.625 -19.531 -0.097886
-15.625 -18.75 -0.027248
-15.625 -17.969 0.062753
-15.625 -17.188 0.079737
-15.625 -16.406 0.026528
-15.625 -15.625 -0.15633
-15.625 -14.844 -0.3287
-15.625 -14.063 -0.39481
-15.625 -13.281 -0.37843
-15.625 -12.5 -0.32409
-15.625 -11.719 -0.20996
-15.625 -10.938 -0.0047242
-15.625 -10.156 0.11163
-15.625 -9.375 0.10283
-15.625 -8.5938 0.019252
-15.625 -7.8125 -0.097031
-15.625 -7.0313 -0.11342
-15.625 -6.25 -0.12294
-15.625 -5.4688 -0.041749
-15.625 -4.6875 -0.01021
-15.625 -3.9063 -0.041693
-15.625 -3.125 -0.10901
-15.625 -2.3438 -0.048373
-15.625 -1.5625 0.11411
-15.625 -0.78125 0.18379
-15.625 0 0.1704
-15.625 0.78125 0.21798
-15.625 1.5625 0.21099
-15.625 2.3438 0.12783
-15.625 3.125 0.015571
-15.625 3.9063 -0.036033
-15.625 4.6875 -0.1498
-15.625 5.4688 -0.16919
-15.625 6.25 -0.087182
-15.625 7.0313 0.016993
-15.625 7.8125 0.12554
-15.625 8.5938 0.25689
-15.625 9.375 0.23329
-15.625 10.156 0.14863
-15.625 10.938 0.088731
-15.625 11.719 0.021328
-15.625 12.5 -0.035199
-15.625 13.281 0.010802
-15.625 14.063 0.095
-15.625 14.844 0.17139
-15.625 15.625 0.14899
-15.625 16.406 0.15214
-15.625 17.188 0.13865
-15.625 17.969 0.020401
-15.625 18.75 -0.14132
-15.625 19.531 -0.13442
-15.625 20.313 -0.056705
-15.625 21.094 0.033114
-15.625 21.875 0.092856
-15.625 22.656 0.095797
-15.625 23.438 0.14143
-15.625 24.219 0.19467
-15.625 25 0.19449
-14.844 -24.219 0.11991
-14.844 -23.438 -0.049808
-14.844 -22.656 -0.15792
-14.844 -21.875 -0.19854
-14.844 -21.094 -0.17903
-14.844 -20.313 -0.06855
-14.844 -19.531 0.0050904
-14.844 -18.75 0.061878
-14.844 -17.969 0.18056
-14.844 -17.188 0.16851
-14.844 -16.406 0.037546
-14.844 -15.625 -0.18227
-14.844 -14.844 -0.35957
-14.844 -14.063 -0.40666
-14.844 -13.281 -0.39151
-14.844 -12.5 -0.32875
-14.844 -11.719 -0.12491
-14.844 -10.938 0.067647
-14.844 -10.156 0.17872
-14.844 -9.375 0.10253
-14.844 -8.5938 0.014419
-14.844 -7.8125 -0.055272
-14.844 -7.0313 -0.078874
-14.844 -6.25 -0.096059
-14.844 -5.4688 -0.055267
-14.844 -4.6875 -0.088554
-14.844 -3.9063 -0.084006
-14.844 -3.125 -0.1235
-14.844 -2.3438 -0.069598
-14.844 -1.5625 0.13139
-14.844 -0.78125 0.17641
-14.844 0 0.17511
-14.844 0.78125 0.19348
-14.844 1.5625 0.13862
-14.844 2.3438 0.099463
-14.844 3.125 0.053137
-14.844 3.9063 -0.058802
-14.844 4.6875 -0.1617
-14.844 5.4688 -0.17707
-14.844 6.25 -0.11131
-14.844 7.0313 -0.047687
-14.844 7.8125 0.1109
-14.844 8.5938 0.22443
-14.844 9.375 0.19228
-14.844 10.156 0.094624
-14.844 10.938 0.058336
-14.844 11.719 0.015718
-14.844 12.5 0.034038
-14.844 13.281 0.087817
-14.844 14.063 0.12879
-14.844 14.844 0.15521
-14.844 15.625 0.15012
-14.844 16.406 0.11354
-14.844 17.188 0.10666
-14.844 17.969 -0.028464
-14.844 18.75 -0.11417
-14.844 19.531 -0.11103
-14.844 20.313 0.004467
-14.844 21.094 0.11462
-14.844 21.875 0.1016
-14.844 22.656 0.12596
-14.844 23.438 0.15708
-14.844 24.219 0.237
-14.844 25 0.23753
-14.063 -24.219 0.12325
-14.063 -23.438 -0.00099248
-14.063 -22.656 -0.10626
-14.063 -21.875 -0.18109
-14.063 -21.094 -0.1156
-14.063 -20.313 0.026332
-14.063 -19.531 0.095151
-14.063 -18.75 0.19142
-14.063 -17.969 0.26332
-14.063 -17.188 0.2278
-14.063 -16.406 0.047355
-14.063 -15.625 -0.18478
-14.063 -14.844 -0.38117
-14.063 -14.063 -0.43105
-14.063 -13.281 -0.41333
-14.063 -12.5 -0.29038
-14.063 -11.719 -0.10539
-14.063 -10.938 0.044128
-14.063 -10.156 0.16424
-14.063 -9.375 0.12226
-14.063 -8.5938 0.053848
-14.063 -7.8125 0.023003
-14.063 -7.0313 0.0026121
-14.063 -6.25 -0.045301
-14.063 -5.4688 -0.10157
-14.063 -4.6875 -0.18443
-14.063 -3.9063 -0.18143
-14.063 -3.125 -0.17078
-14.063 -2.3438 -0.11102
-14.063 -1.5625 0.090456
-14.063 -0.78125 0.22209
-14.063 0 0.24581
-14.063 0.78125 0.2125
-14.063 1.5625 0.10654
-14.063 2.3438 0.051644
-14.063 3.125 0.0099941
-14.063 3.9063 -0.13004
-14.063 4.6875 -0.1907
-14.063 5.4688 -0.15255
-14.063 6.25 -0.15524
-14.063 7.0313 -0.083218
-14.063 7.8125 0.10036
-14.063 8.5938 0.20304
-14.063 9.375 0.16415
-14.063 10.156 0.096105
-14.063 10.938 0.005055
-14.063 11.719 -0.036861
-14.063 12.5 0.072054
-14.063 13.281 0.14868
-14.063 14.063 0.14045
-14.063 14.844 0.18633
-14.063 15.625 0.1562
-14.063 16.406 0.1313
-14.063 17.188 0.050173
-14.063 17.969 -0.030608
-14.063 18.75 -0.074414
-14.063 19.531 -0.024761
-14.063 20.313 0.086264
-14.063 21.094 0.13456
-14.063 21.875 0.13379
-14.063 22.656 0.13073
-14.063 23.438 0.13704
-14.063 24.219 0.2304
-14.063 25 0.24104
-13.281 -24.219 0.10957
-13.281 -23.438 -0.038861
-13.281 -22.656 -0.14599
-13.281 -21.875 -0.22432
-13.281 -21.094 -0.13151
-13.281 -20.313 0.089813
-13.281 -19.531 0.21494
-13.281 -18.75 0.33584
-13.281 -17.969 0.30855
-13.281 -17.188 0.2646
-13.281 -16.406 0.074612
-13.281 -15.625 -0.16061
-13.281 -14.844 -0.39775
-13.281 -14.063 -0.4436
-13.281 -13.281 -0.41029
-13.281 -12.5 -0.28574
-13.281 -11.719 -0.11693
-13.281 -10.938 -0.010587
-13.281 -10.156 0.093296
-13.281 -9.375 0.16812
-13.281 -8.5938 0.080888
-13.281 -7.8125 0.06432
-13.281 -7.0313 0.045807
-13.281 -6.25 -0.089589
-13.281 -5.4688 -0.21146
-13.281 -4.6875 -0.2561
-13.281 -3.9063 -0.22454
-13.281 -3.125 -0.20005
-13.281 -2.3438 -0.13141
-13.281 -1.5625 0.029245
-13.281 -0.78125 0.26281
-13.281 0 0.2757
-13.281 0.78125 0.17924
-13.281 1.5625 0.095911
-13.281 2.3438 0.051259
-13.281 3.125 -0.053344
-13.281 3.9063 -0.18787
-13.281 4.6875 -0.22507
-13.281 5.4688 -0.12912
-13.281 6.25 -0.10014
-13.281 7.0313 -0.013601
-13.281 7.8125 0.12145
-13.281 8.5938 0.19885
-13.281 9.375 0.17343
-13.281 10.156 0.09298
-13.281 10.938 -0.027234
-13.281 11.719 -0.06927
-13.281 12.5 0.05225
-13.281 13.281 0.12684
-13.281 14.063 0.17475
-13.281 14.844 0.21117
-13.281 15.625 0.17309
-13.281 16.406 0.15416
-13.281 17.188 0.058452
-13.281 17.969 -0.0070803
-13.281 18.75 -0.015283
-13.281 19.531 0.060015
-13.281 20.313 0.10646
-13.281 21.094 0.14262
-13.281 21.875 0.16738
-13.281 22.656 0.1936
-13.281 23.438 0.17555
-13.281 24.219 0.27304
-13.281 25 0.26833
-12.5 -24.219 0.086803
-12.5 -23.438 -0.057339
-12.5 -22.656 -0.16699
-12.5 -21.875 -0.21345
-12.5 -21.094 -0.064906
-12.5 -20.313 0.16254
-12.5 -19.531 0.34287
-12.5 -18.75 0.38736
-12.5 -17.969 0.30316
-12.5 -17.188 0.23755
-12.5 -16.406 0.053784
-12.5 -15.625 -0.17199
-12.5 -14.844 -0.40289
-12.5 -14.063 -0.41645
-12.5 -13.281 -0.33763
-12.5 -12.5 -0.29014
-12.5 -11.719 -0.13512
-12.5 -10.938 -0.035731
-12.5 -10.156 0.039901
-12.5 -9.375 0.21101
-12.5 -8.5938 0.11012
-12.5 -7.8125 0.090968
-12.5 -7.0313 -0.0012935
-12.5 -6.25 -0.18357
-12.5 -5.4688 -0.30084
-12.5 -4.6875 -0.31694
-12.5 -3.9063 -0.29856
-12.5 -3.125 -0.24597
-12.5 -2.3438 -0.11894
-12.5 -1.5625 0.035461
-12.5 -0.78125 0.21559
-12.5 0 0.22536
-12.5 0.78125 0.18505
-12.5 1.5625 0.068711
-12.5 2.3438 -0.010312
-12.5 3.125 -0.085492
-12.5 3.9063 -0.21695
-12.5 4.6875 -0.19515
-12.5 5.4688 -0.12764
-12.5 6.25 -0.044718
-12.5 7.0313 0.019627
-12.5 7.8125 0.15451
-12.5 8.5938 0.17701
-12.5 9.375 0.085483
-12.5 10.156 0.0083269
-12.5 10.938 -0.027991
-12.5 11.719 -0.05988
-12.5 12.5 0.017668
-12.5 13.281 0.10711
-12.5 14.063 0.20543
-12.5 14.844 0.21037
-12.5 15.625 0.1609
-12.5 16.406 0.1162
-12.5 17.188 0.056399
-12.5 17.969 -0.014486
-12.5 18.75 0.029636
-12.5 19.531 0.083091
-12.5 20.313 0.095198
-12.5 21.094 0.15653
-12.5 21.875 0.1781
-12.5 22.656 0.21269
-12.5 23.438 0.23724
-12.5 24.219 0.35129
-12.5 25 0.28507
-11.719 -24.219 -0.0023842
-11.719 -23.438 -0.082907
-11.719 -22.656 -0.17434
-11.719 -21.875 -0.14881
-11.719 -21.094 0.027478
-11.719 -20.313 0.26793
-11.719 -19.531 0.45286
-11.719 -18.75 0.44943
-11.719 -17.969 0.31603
-11.719 -17.188 0.14508
-11.719 -16.406 -0.032368
-11.719 -15.625 -0.20125
-11.719 -14.844 -0.37595
-11.719 -14.063 -0.36543
-11.719 -13.281 -0.29698
-11.719 -12.5 -0.21874
-11.719 -11.719 -0.16877
-11.719 -10.938 -0.08727
-11.719 -10.156 0.032733
-11.719 -9.375 0.19125
-11.719 -8.5938 0.1316
-11.719 -7.8125 0.050277
-11.719 -7.0313 -0.013405
-11.719 -6.25 -0.17586
-11.719 -5.4688 -0.32879
-11.719 -4.6875 -0.37825
-11.719 -3.9063 -0.32095
-11.719 -3.125 -0.23092
-11.719 -2.3438 -0.11016
-11.719 -1.5625 0.022432
-11.719 -0.78125 0.12807
-11.719 0 0.24433
-11.719 0.78125 0.20467
-11.719 1.5625 0.016822
-11.719 2.3438 -0.096855
-11.719 3.125 -0.13707
-11.719 3.9063 -0.24581
-11.719 4.6875 -0.21209
-11.719 5.4688 -0.10889
-11.719 6.25 0.031209
-11.719 7.0313 0.086079
-11.719 7.8125 0.13603
-11.719 8.5938 0.15731
-11.719 9.375 0.060498
-11.719 10.156 -0.031837
-11.719 10.938 -0.038866
-11.719 11.719 -0.051027
-11.719 12.5 0.011275
-11.719 13.281 0.087428
-11.719 14.063 0.1933
-11.719 14.844 0.19295
-11.719 15.625 0.13908
-11.719 16.406 0.072063
-11.719 17.188 0.012888
-11.719 17.969 -0.033371
-11.719 18.75 0.054916
-11.719 19.531 0.088797
-11.719 20.313 0.099708
-11.719 21.094 0.12586
-11.719 21.875 0.18435
-11.719 22.656 0.1902
-11.719 23.438 0.25104
-11.719 24.219 0.28751
-11.719 25 0.19046
-10.938 -24.219 -0.022835
-10.938 -23.438 -0.13054
-10.938 -22.656 -0.16874
-10.938 -21.875 -0.073488
-10.938 -21.094 0.05745
-10.938 -20.313 0.33472
-10.938 -19.531 0.48461
-10.938 -18.75 0.47031
-10.938 -17.969 0.31752
-10.938 -17.188 0.094903
-10.938 -16.406 -0.071843
-10.938 -15.625 -0.1751
-10.938 -14.844 -0.36019
-10.938 -14.063 -0.38722
-10.938 -13.281 -0.24972
-10.938 -12.5 -0.16911
-10.938 -11.719 -0.15066
-10.938 -10.938 -0.064895
-10.938 -10.156 0.03946
-10.938 -9.375 0.15681
-10.938 -8.5938 0.10227
-10.938 -7.8125 0.0083133
-10.938 -7.0313 -0.04976
-10.938 -6.25 -0.16559
-10.938 -5.4688 -0.36996
-10.938 -4.6875 -0.41212
-10.938 -3.9063 -0.32855
-10.938 -3.125 -0.21109
-10.938 -2.3438 -0.066939
-10.938 -1.5625 0.052587
-10.938 -0.78125 0.1423
-10.938 0 0.23131
-10.938 0.78125 0.19429
-10.938 1.5625 -0.039112
-10.938 2.3438 -0.19431
-10.938 3.125 -0.26611
-10.938 3.9063 -0.30533
-10.938 4.6875 -0.25321
-10.938 5.4688 -0.083953
-10.938 6.25 0.070126
-10.938 7.0313 0.09519
-10.938 7.8125 0.13941
-10.938 8.5938 0.14497
-10.938 9.375 0.037152
-10.938 10.156 -0.075124
-10.938 10.938 -0.087539
-10.938 11.719 -0.083077
-10.938 12.5 0.043186
-10.938 13.281 0.10721
-10.938 14.063 0.13851
-10.938 14.844 0.11844
-10.938 15.625 0.072331
-10.938 16.406 0.075128
-10.938 17.188 -0.0077304
-10.938 17.969 -0.10176
-10.938 18.75 -0.019802
-10.938 19.531 0.071435
-10.938 20.313 0.095555
-10.938 21.094 0.093799
-10.938 21.875 0.18444
-10.938 22.656 0.24088
-10.938 23.438 0.26787
-10.938 24.219 0.22832
-10.938 25 0.12805
-10.156 -24.219 0.016783
-10.156 -23.438 -0.095604
-10.156 -22.656 -0.13822
-10.156 -21.875 -0.055036
-10.156 -21.094 0.10411
-10.156 -20.313 0.34597
-10.156 -19.531 0.44196
-10.156 -18.75 0.41709
-10.156 -17.969 0.31272
-10.156 -17.188 0.094691
-10.156 -16.406 -0.060277
-10.156 -15.625 -0.18233
-10.156 -14.844 -0.31396
-10.156 -14.063 -0.34473
-10.156 -13.281 -0.25137
-10.156 -12.5 -0.16713
-10.156 -11.719 -0.1336
-10.156 -10.938 -0.0058552
-10.156 -10.156 0.084242
-10.156 -9.375 0.1572
-10.156 -8.5938 0.10943
-10.156 -7.8125 -0.049744
-10.156 -7.0313 -0.12001
-10.156 -6.25 -0.26094
-10.156 -5.4688 -0.3644
-10.156 -4.6875 -0.39659
-10.156 -3.9063 -0.29349
-10.156 -3.125 -0.12867
-10.156 -2.3438 0.0025139
-10.156 -1.5625 0.084193
-10.156 -0.78125 0.17531
-10.156 0 0.15313
-10.156 0.78125 0.13741
-10.156 1.5625 -0.125
-10.156 2.3438 -0.26695
-10.156 3.125 -0.29751
-10.156 3.9063 -0.29279
-10.156 4.6875 -0.26679
-10.156 5.4688 -0.10839
-10.156 6.25 0.029532
-10.156 7.0313 0.074384
-10.156 7.8125 0.10202
-10.156 8.5938 0.045488
-10.156 9.375 -0.034472
-10.156 10.156 -0.099128
-10.156 10.938 -0.1256
-10.156 11.719 -0.11971
-10.156 12.5 0.041142
-10.156 13.281 0.074728
-10.156 14.063 0.10833
-10.156 14.844 0.074324
-10.156 15.625 0.052571
-10.156 16.406 0.020039
-10.156 17.188 -0.057512
-10.156 17.969 -0.1401
-10.156 18.75 -0.094971
-10.156 19.531 0.04788
-10.156 20.313 0.060348
-10.156 21.094 0.02437
-10.156 21.875 0.16993
-10.156 22.656 0.24972
-10.156 23.438 0.27409
-10.156 24.219 0.20717
-10.156 25 0.10153
-9.375 -24.219 0.0074929
-9.375 -23.438 -0.087893
-9.375 -22.656 -0.068525
-9.375 -21.875 -0.019492
-9.375 -21.094 0.1218
-9.375 -20.313 0.31143
-9.375 -19.531 0.37393
-9.375 -18.75 0.37783
-9.375 -17.969 0.26374
-9.375 -17.188 0.042765
-9.375 -16.406 -0.11911
-9.375 -15.625 -0.22862
-9.375 -14.844 -0.31084
-9.375 -14.063 -0.35667
-9.375 -13.281 -0.32176
-9.375 -12.5 -0.2183
-9.375 -11.719 -0.12138
-9.375 -10.938 0.046194
-9.375 -10.156 0.17374
-9.375 -9.375 0.20964
-9.375 -8.5938 0.074047
-9.375 -7.8125 -0.073929
-9.375 -7.0313 -0.15521
-9.375 -6.25 -0.3066
-9.375 -5.4688 -0.32376
-9.375 -4.6875 -0.31398
-9.375 -3.9063 -0.23552
-9.375 -3.125 -0.063903
-9.375 -2.3438 0.030746
-9.375 -1.5625 0.094044
-9.375 -0.78125 0.12568
-9.375 0 0.063206
-9.375 0.78125 0.0081454
-9.375 1.5625 -0.18186
-9.375 2.3438 -0.27999
-9.375 3.125 -0.2921
-9.375 3.9063 -0.3029
-9.375 4.6875 -0.2474
-9.375 5.4688 -0.07793
-9.375 6.25 -0.023888
-9.375 7.0313 0.021245
-9.375 7.8125 0.057144
-9.375 8.5938 -0.040824
-9.375 9.375 -0.088595
-9.375 10.156 -0.087387
-9.375 10.938 -0.20483
-9.375 11.719 -0.16736
-9.375 12.5 -0.018065
-9.375 13.281 0.0072522
-9.375 14.063 0.09217
-9.375 14.844 0.084126
-9.375 15.625 0.048418
-9.375 16.406 0.0037899
-9.375 17.188 -0.087647
-9.375 17.969 -0.14272
-9.375 18.75 -0.11931
-9.375 19.531 -0.045974
-9.375 20.313 -0.0035667
-9.375 21.094 0.010164
-9.375 21.875 0.12492
-9.375 22.656 0.1812
-9.375 23.438 0.18802
-9.375 24.219 0.17209
-9.375 25 0.051368
-8.5938 -24.219 -0.002833
-8.5938 -23.438 -0.066443
-8.5938 -22.656 -0.010992
-8.5938 -21.875 0.022132
-8.5938 -21.094 0.14307
-8.5938 -20.313 0.27969
-8.5938 -19.531 0.32277
-8.5938 -18.75 0.32737
-8.5938 -17.969 0.23212
-8.5938 -17.188 0.00080243
-8.5938 -16.406 -0.11138
-8.5938 -15.625 -0.22172
-8.5938 -14.844 -0.31055
-8.5938 -14.063 -0.35768
-8.5938 -13.281 -0.3358
-8.5938 -12.5 -0.22179
-8.5938 -11.719 -0.12904
-8.5938 -10.938 0.019726
-8.5938 -10.156 0.15647
-8.5938 -9.375 0.15135
-8.5938 -8.5938 0.019472
-8.5938 -7.8125 -0.10287
-8.5938 -7.0313 -0.24348
-8.5938 -6.25 -0.31019
-8.5938 -5.4688 -0.33796
-8.5938 -4.6875 -0.31177
-8.5938 -3.9063 -0.16365
-8.5938 -3.125 -0.013637
-8.5938 -2.3438 0.02742
-8.5938 -1.5625 0.04803
-8.5938 -0.78125 0.037594
-8.5938 0 0.010783
-8.5938 0.78125 -0.11939
-8.5938 1.5625 -0.24967
-8.5938 2.3438 -0.29481
-8.5938 3.125 -0.35184
-8.5938 3.9063 -0.34972
-8.5938 4.6875 -0.25493
-8.5938 5.4688 -0.1244
-8.5938 6.25 -0.062057
-8.5938 7.0313 -0.018046
-8.5938 7.8125 -0.0043354
-8.5938 8.5938 -0.10555
-8.5938 9.375 -0.11938
-8.5938 10.156 -0.12818
-8.5938 10.938 -0.25557
-8.5938 11.719 -0.25251
-8.5938 12.5 -0.13297
-8.5938 13.281 -0.030768
-8.5938 14.063 0.06622
-8.5938 14.844 0.087524
-8.5938 15.625 0.068915
-8.5938 16.406 -0.012543
-8.5938 17.188 -0.1617
-8.5938 17.969 -0.18634
-8.5938 18.75 -0.14134
-8.5938 19.531 -0.098085
-8.5938 20.313 -0.049589
-8.5938 21.094 0.013879
-8.5938 21.875 0.032153
-8.5938 22.656 0.082306
-8.5938 23.438 0.10862
-8.5938 24.219 0.081894
-8.5938 25 0.033088
-7.8125 -24.219 -0.032688
-7.8125 -23.438 -0.018986
-7.8125 -22.656 0.014968
-7.8125 -21.875 0.072691
-7.8125 -21.094 0.13793
-7.8125 -20.313 0.23811
-7.8125 -19.531 0.28341
-7.8125 -18.75 0.26299
-7.8125 -17.969 0.12637
-7.8125 -17.188 -0.09479
-7.8125 -16.406 -0.1268
-7.8125 -15.625 -0.13878
-7.8125 -14.844 -0.22739
-7.8125 -14.063 -0.32753
-7.8125 -13.281 -0.3325
-7.8125 -12.5 -0.19846
-7.8125 -11.719 -0.11846
-7.8125 -10.938 -0.0069533
-7.8125 -10.156 0.048363
-7.8125 -9.375 0.049312
-7.8125 -8.5938 -0.021399
-7.8125 -7.8125 -0.16471
-7.8125 -7.0313 -0.31718
-7.8125 -6.25 -0.37403
-7.8125 -5.4688 -0.39688
-7.8125 -4.6875 -0.28538
-7.8125 -3.9063 -0.084415
-7.8125 -3.125 0.037493
-7.8125 -2.3438 0.023881
-7.8125 -1.5625 -0.0019737
-7.8125 -0.78125 -0.033815
-7.8125 0 -0.11558
-7.8125 0.78125 -0.22481
-7.8125 1.5625 -0.29383
-7.8125 2.3438 -0.34145
-7.8125 3.125 -0.36565
-7.8125 3.9063 -0.30728
-7.8125 4.6875 -0.21336
-7.8125 5.4688 -0.11556
-7.8125 6.25 -0.07661
-7.8125 7.0313 -0.047349
-7.8125 7.8125 -0.088665
-7.8125 8.5938 -0.13244
-7.8125 9.375 -0.13685
-7.8125 10.156 -0.18563
-7.8125 10.938 -0.26834
-7.8125 11.719 -0.33171
-7.8125 12.5 -0.24238
-7.8125 13.281 -0.088974
-7.8125 14.063 0.02295
-7.8125 14.844 0.071875
-7.8125 15.625 0.044028
-7.8125 16.406 -0.057339
-7.8125 17.188 -0.21034
-7.8125 17.969 -0.1675
-7.8125 18.75 -0.15129
-7.8125 19.531 -0.1208
-7.8125 20.313 -0.052601
-7.8125 21.094 -0.084224
-7.8125 21.875 -0.085134
-7.8125 22.656 -0.039017
-7.8125 23.438 0.066519
-7.8125 24.219 0.046703
-7.8125 25 -0.018537
-7.0313 -24.219 -0.034865
-7.0313 -23.438 0.011653
-7.0313 -22.656 0.075844
-7.0313 -21.875 0.11446
-7.0313 -21.094 0.14531
-7.0313 -20.313 0.23938
-7.0313 -19.531 0.3062
-7.0313 -18.75 0.23069
-7.0313 -17.969 0.040463
-7.0313 -17.188 -0.1331
-7.0313 -16.406 -0.12487
-7.0313 -15.625 -0.10432
-7.0313 -14.844 -0.18225
-7.0313 -14.063 -0.25478
-7.0313 -13.281 -0.26456
-7.0313 -12.5 -0.17579
-7.0313 -11.719 -0.089348
-7.0313 -10.938 -0.034039
-7.0313 -10.156 0.0085949
-7.0313 -9.375 0.002691
-7.0313 -8.5938 -0.032956
-7.0313 -7.8125 -0.18338
-7.0313 -7.0313 -0.32816
-7.0313 -6.25 -0.39281
-7.0313 -5.4688 -0.37198
-7.0313 -4.6875 -0.19033
-7.0313 -3.9063 -0.021994
-7.0313 -3.125 0.046364
-7.0313 -2.3438 0.002875
-7.0313 -1.5625 -0.025789
-7.0313 -0.78125 -0.10728
-7.0313 0 -0.26207
-7.0313 0.78125 -0.36994
-7.0313 1.5625 -0.32865
-7.0313 2.3438 -0.29558
-7.0313 3.125 -0.32406
-7.0313 3.9063 -0.24418
-7.0313 4.6875 -0.11913
-7.0313 5.4688 -0.048133
-7.0313 6.25 -0.065325
-7.0313 7.0313 -0.076936
-7.0313 7.8125 -0.1617
-7.0313 8.5938 -0.2089
-7.0313 9.375 -0.21599
-7.0313 10.156 -0.24218
-7.0313 10.938 -0.27291
-7.0313 11.719 -0.32042
-7.0313 12.5 -0.28879
-7.0313 13.281 -0.13905
-7.0313 14.063 0.032774
-7.0313 14.844 0.070139
-7.0313 15.625 -0.041763
-7.0313 16.406 -0.17982
-7.0313 17.188 -0.23931
-7.0313 17.969 -0.19202
-7.0313 18.75 -0.18406
-7.0313 19.531 -0.13413
-7.0313 20.313 -0.11471
-7.0313 21.094 -0.072454
-7.0313 21.875 -0.078721
-7.0313 22.656 -0.060738
-7.0313 23.438 0.0062969
-7.0313 24.219 -0.054261
-7.0313 25 -0.056494
-6.25 -24.219 -0.041478
-6.25 -23.438 0.048348
-6.25 -22.656 0.062027
-6.25 -21.875 0.078121
-6.25 -21.094 0.13745
-6.25 -20.313 0.23763
-6.25 -19.531 0.29321
-6.25 -18.75 0.20819
-6.25 -17.969 0.05638
-6.25 -17.188 -0.013262
-6.25 -16.406 -0.024766
-6.25 -15.625 -0.098202
-6.25 -14.844 -0.15998
-6.25 -14.063 -0.18145
-6.25 -13.281 -0.16132
-6.25 -12.5 -0.1583
-6.25 -11.719 -0.068082
-6.25 -10.938 -0.025373
-6.25 -10.156 -0.0039254
-6.25 -9.375 -0.060293
-6.25 -8.5938 -0.099373
-6.25 -7.8125 -0.21853
-6.25 -7.0313 -0.36554
-6.25 -6.25 -0.39225
-6.25 -5.4688 -0.31114
-6.25 -4.6875 -0.11426
-6.25 -3.9063 -0.0049866
-6.25 -3.125 0.080358
-6.25 -2.3438 0.051387
-6.25 -1.5625 -0.077269
-6.25 -0.78125 -0.21102
-6.25 0 -0.31623
-6.25 0.78125 -0.39667
-6.25 1.5625 -0.37052
-6.25 2.3438 -0.2688
-6.25 3.125 -0.28404
-6.25 3.9063 -0.14694
-6.25 4.6875 -0.0093169
-6.25 5.4688 -0.0092917
-6.25 6.25 -0.059237
-6.25 7.0313 -0.10636
-6.25 7.8125 -0.18313
-6.25 8.5938 -0.27141
-6.25 9.375 -0.27081
-6.25 10.156 -0.23666
-6.25 10.938 -0.24046
-6.25 11.719 -0.30863
-6.25 12.5 -0.27386
-6.25 13.281 -0.12141
-6.25 14.063 0.0063344
-6.25 14.844 0.021464
-6.25 15.625 -0.096937
-6.25 16.406 -0.18878
-6.25 17.188 -0.23661
-6.25 17.969 -0.20805
-6.25 18.75 -0.20478
-6.25 19.531 -0.1798
-6.25 20.313 -0.15841
-6.25 21.094 -0.037929
-6.25 21.875 -0.0014571
-6.25 22.656 -0.044182
-6.25 23.438 -0.058196
-6.25 24.219 -0.077216
-6.25 25 -0.059773
-5.4688 -24.219 -0.028257
-5.4688 -23.438 0.014843
-5.4688 -22.656 0.0253
-5.4688 -21.875 0.040819
-5.4688 -21.094 0.1096
-5.4688 -20.313 0.20637
-5.4688 -19.531 0.2477
-5.4688 -18.75 0.22104
-5.4688 -17.969 0.13469
-5.4688 -17.188 0.079554
-5.4688 -16.406 0.007314
-5.4688 -15.625 -0.089946
-5.4688 -14.844 -0.13053
-5.4688 -14.063 -0.089806
-5.4688 -13.281 -0.049295
-5.4688 -12.5 -0.10542
-5.4688 -11.719 -0.060735
-5.4688 -10.938 0.0047819
-5.4688 -10.156 0.0042113
-5.4688 -9.375 -0.065275
-5.4688 -8.5938 -0.13772
-5.4688 -7.8125 -0.26229
-5.4688 -7.0313 -0.38383
-5.4688 -6.25 -0.31931
-5.4688 -5.4688 -0.21711
-5.4688 -4.6875 -0.05527
-5.4688 -3.9063 0.086594
-5.4688 -3.125 0.11241
-5.4688 -2.3438 0.045113
-5.4688 -1.5625 -0.12793
-5.4688 -0.78125 -0.26173
-5.4688 0 -0.35498
-5.4688 0.78125 -0.37434
-5.4688 1.5625 -0.38154
-5.4688 2.3438 -0.30398
-5.4688 3.125 -0.20413
-5.4688 3.9063 -0.014498
-5.4688 4.6875 0.10855
-5.4688 5.4688 0.050337
-5.4688 6.25 -0.019659
-5.4688 7.0313 -0.10427
-5.4688 7.8125 -0.16956
-5.4688 8.5938 -0.22891
-5.4688 9.375 -0.2881
-5.4688 10.156 -0.2959
-5.4688 10.938 -0.2905
-5.4688 11.719 -0.26407
-5.4688 12.5 -0.22393
-5.4688 13.281 -0.1165
-5.4688 14.063 -0.02641
-5.4688 14.844 -0.04757
-5.4688 15.625 -0.11601
-5.4688 16.406 -0.19162
-5.4688 17.188 -0.25397
-5.4688 17.969 -0.27388
-5.4688 18.75 -0.26649
-5.4688 19.531 -0.23007
-5.4688 20.313 -0.19627
-5.4688 21.094 -0.046308
-5.4688 21.875 -0.0022796
-5.4688 22.656 -0.051682
-5.4688 23.438 -0.096638
-5.4688 24.219 -0.089218
-5.4688 25 -0.072471
-4.6875 -24.219 -0.061159
-4.6875 -23.438 -0.029532
-4.6875 -22.656 -0.0026116
-4.6875 -21.875 -0.019525
-4.6875 -21.094 0.072726
-4.6875 -20.313 0.1687
-4.6875 -19.531 0.19858
-4.6875 -18.75 0.16819
-4.6875 -17.969 0.14403
-4.6875 -17.188 0.080511
-4.6875 -16.406 0.033619
-4.6875 -15.625 -0.012564
-4.6875 -14.844 -0.042196
-4.6875 -14.063 -0.0058824
-4.6875 -13.281 0.05394
-4.6875 -12.5 -0.0018523
-4.6875 -11.719 -0.016162
-4.6875 -10.938 0.039909
-4.6875 -10.156 0.037032
-4.6875 -9.375 -0.023602
-4.6875 -8.5938 -0.1179
-4.6875 -7.8125 -0.25299
-4.6875 -7.0313 -0.31885
-4.6875 -6.25 -0.23508
-4.6875 -5.4688 -0.13149
-4.6875 -4.6875 0.019537
-4.6875 -3.9063 0.12694
-4.6875 -3.125 0.10678
-4.6875 -2.3438 -0.010779
-4.6875 -1.5625 -0.18582
-4.6875 -0.78125 -0.32595
-4.6875 0 -0.39117
-4.6875 0.78125 -0.37307
-4.6875 1.5625 -0.30004
-4.6875 2.3438 -0.27016
-4.6875 3.125 -0.16913
-4.6875 3.9063 0.026255
-4.6875 4.6875 0.11094
-4.6875 5.4688 0.05243
-4.6875 6.25 -0.014873
-4.6875 7.0313 -0.11707
-4.6875 7.8125 -0.19905
-4.6875 8.5938 -0.1972
-4.6875 9.375 -0.29373
-4.6875 10.156 -0.33602
-4.6875 10.938 -0.29538
-4.6875 11.719 -0.21241
-4.6875 12.5 -0.15724
-4.6875 13.281 -0.052497
-4.6875 14.063 0.01667
-4.6875 14.844 -0.019014
-4.6875 15.625 -0.094919
-4.6875 16.406 -0.23702
-4.6875 17.188 -0.25678
-4.6875 17.969 -0.25226
-4.6875 18.75 -0.23351
-4.6875 19.531 -0.21662
-4.6875 20.313 -0.17592
-4.6875 21.094 -0.092123
-4.6875 21.875 0.0012855
-4.6875 22.656 -0.02529
-4.6875 23.438 -0.067583
-4.6875 24.219 -0.12521
-4.6875 25 -0.11547
-3.9063 -24.219 -0.081424
-3.9063 -23.438 -0.11865
-3.9063 -22.656 -0.059433
-3.9063 -21.875 -0.084547
-3.9063 -21.094 -0.025526
-3.9063 -20.313 0.13695
-3.9063 -19.531 0.16799
-3.9063 -18.75 0.084254
-3.9063 -17.969 0.10225
-3.9063 -17.188 0.058523
-3.9063 -16.406 0.03079
-3.9063 -15.625 0.031572
-3.9063 -14.844 0.04483
-3.9063 -14.063 0.10366
-3.9063 -13.281 0.095857
-3.9063 -12.5 0.054514
-3.9063 -11.719 0.037568
-3.9063 -10.938 0.00025456
-3.9063 -10.156 -0.0016019
-3.9063 -9.375 -0.012867
-3.9063 -8.5938 -0.068656
-3.9063 -7.8125 -0.14758
-3.9063 -7.0313 -0.18508
-3.9063 -6.25 -0.14035
-3.9063 -5.4688 -0.077074
-3.9063 -4.6875 0.061827
-3.9063 -3.9063 0.12979
-3.9063 -3.125 0.088355
-3.9063 -2.3438 -0.066351
-3.9063 -1.5625 -0.20205
-3.9063 -0.78125 -0.345
-3.9063 0 -0.43304
-3.9063 0.78125 -0.31951
-3.9063 1.5625 -0.20631
-3.9063 2.3438 -0.22666
-3.9063 3.125 -0.11082
-3.9063 3.9063 0.081682
-3.9063 4.6875 0.11537
-3.9063 5.4688 0.051598
-3.9063 6.25 -0.0355
-3.9063 7.0313 -0.13943
-3.9063 7.8125 -0.23246
-3.9063 8.5938 -0.24352
-3.9063 9.375 -0.3028
-3.9063 10.156 -0.31753
-3.9063 10.938 -0.19214
-3.9063 11.719 -0.11417
-3.9063 12.5 -0.12112
-3.9063 13.281 -0.013814
-3.9063 14.063 0.009566
-3.9063 14.844 -0.025495
-3.9063 15.625 -0.13838
-3.9063 16.406 -0.2381
-3.9063 17.188 -0.29367
-3.9063 17.969 -0.30683
-3.9063 18.75 -0.19587
-3.9063 19.531 -0.15599
-3.9063 20.313 -0.13851
-3.9063 21.094 -0.10394
-3.9063 21.875 -0.030744
-3.9063 22.656 0.021904
-3.9063 23.438 0.00093988
-3.9063 24.219 -0.097563
-3.9063 25 -0.11663
-3.125 -24.219 -0.11601
-3.125 -23.438 -0.14281
-3.125 -22.656 -0.14593
-3.125 -21.875 -0.077975
-3.125 -21.094 0.019843
-3.125 -20.313 0.12449
-3.125 -19.531 0.13117
-3.125 -18.75 0.055292
-3.125 -17.969 0.094464
-3.125 -17.188 0.045774
-3.125 -16.406 0.015116
-3.125 -15.625 0.079502
-3.125 -14.844 0.12158
-3.125 -14.063 0.13511
-3.125 -13.281 0.15363
-3.125 -12.5 0.13459
-3.125 -11.719 0.083573
-3.125 -10.938 -0.032189
-3.125 -10.156 -0.056028
-3.125 -9.375 -0.0043233
-3.125 -8.5938 0.019125
-3.125 -7.8125 -0.014082
-3.125 -7.0313 -0.041392
-3.125 -6.25 -0.044055
-3.125 -5.4688 -0.026894
-3.125 -4.6875 0.055591
-3.125 -3.9063 0.12926
-3.125 -3.125 0.074998
-3.125 -2.3438 -0.078998
-3.125 -1.5625 -0.20056
-3.125 -0.78125 -0.33204
-3.125 0 -0.34013
-3.125 0.78125 -0.2726
-3.125 1.5625 -0.19888
-3.125 2.3438 -0.16565
-3.125 3.125 -0.096373
-3.125 3.9063 0.01482
-3.125 4.6875 0.043643
-3.125 5.4688 0.030115
-3.125 6.25 -0.026708
-3.125 7.0313 -0.099168
-3.125 7.8125 -0.23751
-3.125 8.5938 -0.32838
-3.125 9.375 -0.36564
-3.125 10.156 -0.30489
-3.125 10.938 -0.074274
-3.125 11.719 0.032656
-3.125 12.5 -0.018328
-3.125 13.281 0.069588
-3.125 14.063 0.025571
-3.125 14.844 -0.052321
-3.125 15.625 -0.16502
-3.125 16.406 -0.28088
-3.125 17.188 -0.35454
-3.125 17.969 -0.3552
-3.125 18.75 -0.22664
-3.125 19.531 -0.13614
-3.125 20.313 -0.1264
-3.125 21.094 -0.045469
-3.125 21.875 -0.033699
-3.125 22.656 0.029536
-3.125 23.438 0.0035267
-3.125 24.219 -0.065251
-3.125 25 -0.094941
-2.3438 -24.219 -0.10778
-2.3438 -23.438 -0.16803
-2.3438 -22.656 -0.15977
-2.3438 -21.875 -0.12599
-2.3438 -21.094 -0.056763
-2.3438 -20.313 0.025117
-2.3438 -19.531 0.068053
-2.3438 -18.75 0.10789
-2.3438 -17.969 0.10473
-2.3438 -17.188 -0.012737
-2.3438 -16.406 0.0061666
-2.3438 -15.625 0.090334
-2.3438 -14.844 0.13457
-2.3438 -14.063 0.14133
-2.3438 -13.281 0.16491
-2.3438 -12.5 0.15638
-2.3438 -11.719 0.04993
-2.3438 -10.938 -0.050572
-2.3438 -10.156 -0.062563
-2.3438 -9.375 0.0085704
-2.3438 -8.5938 0.037599
-2.3438 -7.8125 0.074239
-2.3438 -7.0313 0.075697
-2.3438 -6.25 0.051995
-2.3438 -5.4688 0.047377
-2.3438 -4.6875 0.035856
-2.3438 -3.9063 0.097736
-2.3438 -3.125 0.092118
-2.3438 -2.3438 -0.040989
-2.3438 -1.5625 -0.18509
-2.3438 -0.78125 -0.25939
-2.3438 0 -0.22132
-2.3438 0.78125 -0.16822
-2.3438 1.5625 -0.14422
-2.3438 2.3438 -0.1208
-2.3438 3.125 -0.12389
-2.3438 3.9063 -0.040834
-2.3438 4.6875 0.062572
-2.3438 5.4688 0.1092
-2.3438 6.25 0.023081
-2.3438 7.0313 -0.097581
-2.3438 7.8125 -0.23265
-2.3438 8.5938 -0.35244
-2.3438 9.375 -0.35625
-2.3438 10.156 -0.23068
-2.3438 10.938 -0.038978
-2.3438 11.719 0.038779
-2.3438 12.5 0.081653
-2.3438 13.281 0.14644
-2.3438 14.063 0.089414
-2.3438 14.844 -0.045076
-2.3438 15.625 -0.13451
-2.3438 16.406 -0.26112
-2.3438 17.188 -0.36651
-2.3438 17.969 -0.39637
-2.3438 18.75 -0.30666
-2.3438 19.531 -0.11709
-2.3438 20.313 -0.079582
-2.3438 21.094 -0.064603
-2.3438 21.875 -0.098635
-2.3438 22.656 0.0059741
-2.3438 23.438 0.010217
-2.3438 24.219 -0.046857
-2.3438 25 -0.074794
-1.5625 -24.219 -0.14347
-1.5625 -23.438 -0.21714
-1.5625 -22.656 -0.1858
-1.5625 -21.875 -0.14447
-1.5625 -21.094 -0.14036
-1.5625 -20.313 -0.083966
-1.5625 -19.531 0.056687
-1.5625 -18.75 0.13935
-1.5625 -17.969 0.095608
-1.5625 -17.188 -0.037551
-1.5625 -16.406 -0.023969
-1.5625 -15.625 0.060823
-1.5625 -14.844 0.10658
-1.5625 -14.063 0.16263
-1.5625 -13.281 0.18896
-1.5625 -12.5 0.12061
-1.5625 -11.719 -0.026001
-1.5625 -10.938 -0.099412
-1.5625 -10.156 -0.069356
-1.5625 -9.375 -0.0053359
-1.5625 -8.5938 0.02448
-1.5625 -7.8125 0.11057
-1.5625 -7.0313 0.15093
-1.5625 -6.25 0.16009
-1.5625 -5.4688 0.12988
-1.5625 -4.6875 0.087951
-1.5625 -3.9063 0.12253
-1.5625 -3.125 0.087196
-1.5625 -2.3438 -0.034288
-1.5625 -1.5625 -0.11068
-1.5625 -0.78125 -0.17703
-1.5625 0 -0.16258
-1.5625 0.78125 -0.13722
-1.5625 1.5625 -0.088507
-1.5625 2.3438 -0.056206
-1.5625 3.125 -0.089871
-1.5625 3.9063 -0.015389
-1.5625 4.6875 0.12198
-1.5625 5.4688 0.15864
-1.5625 6.25 0.057164
-1.5625 7.0313 -0.10065
-1.5625 7.8125 -0.24551
-1.5625 8.5938 -0.33335
-1.5625 9.375 -0.30195
-1.5625 10.156 -0.17883
-1.5625 10.938 -0.036792
-1.5625 11.719 0.038596
-1.5625 12.5 0.12814
-1.5625 13.281 0.19223
-1.5625 14.063 0.088951
-1.5625 14.844 -0.021963
-1.5625 15.625 -0.12008
-1.5625 16.406 -0.25779
-1.5625 17.188 -0.39478
-1.5625 17.969 -0.42095
-1.5625 18.75 -0.31175
-1.5625 19.531 -0.091958
-1.5625 20.313 -0.082743
-1.5625 21.094 -0.10335
-1.5625 21.875 -0.10463
-1.5625 22.656 0.0087302
-1.5625 23.438 0.063595
-1.5625 24.219 0.017335
-1.5625 25 -0.070631
-0.78125 -24.219 -0.20269
-0.78125 -23.438 -0.24881
-0.78125 -22.656 -0.20501
-0.78125 -21.875 -0.17291
-0.78125 -21.094 -0.17626
-0.78125 -20.313 -0.10349
-0.78125 -19.531 0.052621
-0.78125 -18.75 0.11204
-0.78125 -17.969 0.05631
-0.78125 -17.188 -0.027154
-0.78125 -16.406 -0.014407
-0.78125 -15.625 0.046965
-0.78125 -14.844 0.12505
-0.78125 -14.063 0.18736
-0.78125 -13.281 0.20377
-0.78125 -12.5 0.060658
-0.78125 -11.719 -0.089948
-0.78125 -10.938 -0.067683
-0.78125 -10.156 -0.05358
-0.78125 -9.375 -0.01119
-0.78125 -8.5938 0.038815
-0.78125 -7.8125 0.15652
-0.78125 -7.0313 0.19297
-0.78125 -6.25 0.21968
-0.78125 -5.4688 0.17141
-0.78125 -4.6875 0.1678
-0.78125 -3.9063 0.14251
-0.78125 -3.125 0.07983
-0.78125 -2.3438 -0.010536
-0.78125 -1.5625 -0.01187
-0.78125 -0.78125 -0.05537
-0.78125 0 -0.11725
-0.78125 0.78125 -0.11294
-0.78125 1.5625 -0.031945
-0.78125 2.3438 0.026254
-0.78125 3.125 0.0023236
-0.78125 3.9063 0.050322
-0.78125 4.6875 0.1041
-0.78125 5.4688 0.13011
-0.78125 6.25 0.053914
-0.78125 7.0313 -0.092054
-0.78125 7.8125 -0.29815
-0.78125 8.5938 -0.35839
-0.78125 9.375 -0.22328
-0.78125 10.156 -0.11367
-0.78125 10.938 0.016947
-0.78125 11.719 0.033086
-0.78125 12.5 0.1596
-0.78125 13.281 0.18607
-0.78125 14.063 0.061915
-0.78125 14.844 -0.075911
-0.78125 15.625 -0.12406
-0.78125 16.406 -0.24965
-0.78125 17.188 -0.3959
-0.78125 17.969 -0.43903
-0.78125 18.75 -0.32464
-0.78125 19.531 -0.16562
-0.78125 20.313 -0.15897
-0.78125 21.094 -0.14154
-0.78125 21.875 -0.079335
-0.78125 22.656 0.024433
-0.78125 23.438 0.094388
-0.78125 24.219 0.077247
-0.78125 25 -0.064491
0 -24.219 -0.23036
0 -23.438 -0.2763
0 -22.656 -0.21159
0 -21.875 -0.20611
0 -21.094 -0.14542
0 -20.313 -0.10665
0 -19.531 0.028255
0 -18.75 0.10128
0 -17.969 0.010859
0 -17.188 -0.032265
0 -16.406 -0.028421
0 -15.625 -0.020359
0 -14.844 0.070682
0 -14.063 0.13853
0 -13.281 0.14734
0 -12.5 0.041487
0 -11.719 -0.058768
0 -10.938 -0.048527
0 -10.156 -0.058401
0 -9.375 -0.06829
0 -8.5938 0.048913
0 -7.8125 0.17913
0 -7.0313 0.17695
0 -6.25 0.2213
0 -5.4688 0.19295
0 -4.6875 0.22533
0 -3.9063 0.19059
0 -3.125 0.10558
0 -2.3438 0.019207
0 -1.5625 0.017257
0 -0.78125 -0.0047761
0 0 -0.073755
0 0.78125 -0.071941
0 1.5625 0.046484
0 2.3438 0.099484
0 3.125 0.093569
0 3.9063 0.14891
0 4.6875 0.14185
0 5.4688 0.073549
0 6.25 0.01254
0 7.0313 -0.096697
0 7.8125 -0.27528
0 8.5938 -0.35184
0 9.375 -0.22537
0 10.156 -0.051242
0 10.938 0.051875
0 11.719 0.061581
0 12.5 0.13162
0 13.281 0.15525
0 14.063 0.063274
0 14.844 -0.059273
0 15.625 -0.10024
0 16.406 -0.17617
0 17.188 -0.35698
0 17.969 -0.49639
0 18.75 -0.37116
0 19.531 -0.22428
0 20.313 -0.20342
0 21.094 -0.16721
0 21.875 -0.083994
0 22.656 0.034796
0 23.438 0.10522
0 24.219 0.13759
0 25 -0.032139
0.78125 -24.219 -0.20614
0.78125 -23.438 -0.28482
0.78125 -22.656 -0.25701
0.78125 -21.875 -0.14973
0.78125 -21.094 -0.11963
0.78125 -20.313 -0.10207
0.78125 -19.531 0.018827
0.78125 -18.75 0.088755
0.78125 -17.969 -0.018557
0.78125 -17.188 -0.057686
0.78125 -16.406 -0.057029
0.78125 -15.625 -0.11375
0.78125 -14.844 -0.0095124
0.78125 -14.063 0.078555
0.78125 -13.281 0.070708
0.78125 -12.5 0.00076565
0.78125 -11.719 -0.063847
0.78125 -10.938 -0.071558
0.78125 -10.156 -0.094625
0.78125 -9.375 -0.11088
0.78125 -8.5938 0.015501
0.78125 -7.8125 0.16088
0.78125 -7.0313 0.16226
0.78125 -6.25 0.18354
0.78125 -5.4688 0.21679
0.78125 -4.6875 0.23031
0.78125 -3.9063 0.18125
0.78125 -3.125 0.1019
0.78125 -2.3438 0.066057
0.78125 -1.5625 0.01949
0.78125 -0.78125 -0.01722
0.78125 0 -0.049608
0.78125 0.78125 -0.038906
0.78125 1.5625 0.071217
0.78125 2.3438 0.20618
0.78125 3.125 0.15708
0.78125 3.9063 0.18068
0.78125 4.6875 0.19553
0.78125 5.4688 0.089501
0.78125 6.25 -0.058894
0.78125 7.0313 -0.15483
0.78125 7.8125 -0.26631
0.78125 8.5938 -0.30803
0.78125 9.375 -0.20279
0.78125 10.156 -0.019149
0.78125 10.938 0.07917
0.78125 11.719 0.1358
0.78125 12.5 0.17043
0.78125 13.281 0.19805
0.78125 14.063 0.12248
0.78125 14.844 -0.031121
0.78125 15.625 -0.09024
0.78125 16.406 -0.16422
0.78125 17.188 -0.30781
0.78125 17.969 -0.37325
0.78125 18.75 -0.32494
0.78125 19.531 -0.22042
0.78125 20.313 -0.1919
0.78125 21.094 -0.14723
0.78125 21.875 -0.069575
0.78125 22.656 0.026772
0.78125 23.438 0.13279
0.78125 24.219 0.12953
0.78125 25 -0.0048737
1.5625 -24.219 -0.22612
1.5625 -23.438 -0.29452
1.5625 -22.656 -0.24747
1.5625 -21.875 -0.098108
1.5625 -21.094 -0.081665
1.5625 -20.313 -0.010892
1.5625 -19.531 0.036241
1.5625 -18.75 0.028068
1.5625 -17.969 -0.0035066
1.5625 -17.188 -0.059161
1.5625 -16.406 -0.048162
1.5625 -15.625 -0.10971
1.5625 -14.844 -0.024926
1.5625 -14.063 0.055185
1.5625 -13.281 0.05091
1.5625 -12.5 -0.072363
1.5625 -11.719 -0.078616
1.5625 -10.938 -0.12094
1.5625 -10.156 -0.14143
1.5625 -9.375 -0.086737
1.5625 -8.5938 -0.0061822
1.5625 -7.8125 0.12885
1.5625 -7.0313 0.15053
1.5625 -6.25 0.16823
1.5625 -5.4688 0.21997
1.5625 -4.6875 0.1917
1.5625 -3.9063 0.1402
1.5625 -3.125 0.081458
1.5625 -2.3438 0.087763
1.5625 -1.5625 0.0096942
1.5625 -0.78125 -0.017736
1.5625 0 0.010079
1.5625 0.78125 0.019379
1.5625 1.5625 0.080223
1.5625 2.3438 0.20706
1.5625 3.125 0.24311
1.5625 3.9063 0.25628
1.5625 4.6875 0.21772
1.5625 5.4688 0.036731
1.5625 6.25 -0.08397
1.5625 7.0313 -0.23438
1.5625 7.8125 -0.23182
1.5625 8.5938 -0.19498
1.5625 9.375 -0.068334
1.5625 10.156 0.054541
1.5625 10.938 0.089967
1.5625 11.719 0.18307
1.5625 12.5 0.24391
1.5625 13.281 0.20678
1.5625 14.063 0.15366
1.5625 14.844 -0.0010748
1.5625 15.625 -0.10342
1.5625 16.406 -0.16718
1.5625 17.188 -0.27987
1.5625 17.969 -0.30231
1.5625 18.75 -0.23405
1.5625 19.531 -0.20369
1.5625 20.313 -0.14376
1.5625 21.094 -0.16398
1.5625 21.875 -0.11627
1.5625 22.656 0.016973
1.5625 23.438 0.13882
1.5625 24.219 0.10596
1.5625 25 -0.023454
2.3438 -24.219 -0.26642
2.3438 -23.438 -0.28795
2.3438 -22.656 -0.20474
2.3438 -21.875 -0.081701
2.3438 -21.094 -0.038582
2.3438 -20.313 0.031356
2.3438 -19.531 0.052398
2.3438 -18.75 0.016935
2.3438 -17.969 -0.017332
2.3438 -17.188 -0.025251
2.3438 -16.406 -0.0043888
2.3438 -15.625 -0.061727
2.3438 -14.844 -0.023723
2.3438 -14.063 0.021211
2.3438 -13.281 0.037636
2.3438 -12.5 -0.087665
2.3438 -11.719 -0.11616
2.3438 -10.938 -0.15206
2.3438 -10.156 -0.13663
2.3438 -9.375 -0.10621
2.3438 -8.5938 -0.043368
2.3438 -7.8125 0.1232
2.3438 -7.0313 0.17123
2.3438 -6.25 0.13695
2.3438 -5.4688 0.18321
2.3438 -4.6875 0.18751
2.3438 -3.9063 0.09815
2.3438 -3.125 0.015692
2.3438 -2.3438 0.035318
2.3438 -1.5625 0.027046
2.3438 -0.78125 0.043489
2.3438 0 0.076356
2.3438 0.78125 0.067715
2.3438 1.5625 0.057898
2.3438 2.3438 0.13642
2.3438 3.125 0.26845
2.3438 3.9063 0.28113
2.3438 4.6875 0.20524
2.3438 5.4688 0.012208
2.3438 6.25 -0.12108
2.3438 7.0313 -0.19549
2.3438 7.8125 -0.14031
2.3438 8.5938 -0.083263
2.3438 9.375 0.02609
2.3438 10.156 0.10818
2.3438 10.938 0.10362
2.3438 11.719 0.16296
2.3438 12.5 0.2294
2.3438 13.281 0.21722
2.3438 14.063 0.17023
2.3438 14.844 -0.0082516
2.3438 15.625 -0.081068
2.3438 16.406 -0.15364
2.3438 17.188 -0.29891
2.3438 17.969 -0.25085
2.3438 18.75 -0.17187
2.3438 19.531 -0.17869
2.3438 20.313 -0.11436
2.3438 21.094 -0.13796
2.3438 21.875 -0.067954
2.3438 22.656 0.05141
2.3438 23.438 0.15145
2.3438 24.219 0.088806
2.3438 25 -0.06191
3.125 -24.219 -0.24848
3.125 -23.438 -0.28269
3.125 -22.656 -0.15783
3.125 -21.875 -0.048032
3.125 -21.094 0.026908
3.125 -20.313 0.10579
3.125 -19.531 0.098248
3.125 -18.75 0.025146
3.125 -17.969 0.01472
3.125 -17.188 0.0060298
3.125 -16.406 -0.01429
3.125 -15.625 -0.050496
3.125 -14.844 -0.013365
3.125 -14.063 -0.011373
3.125 -13.281 -0.044376
3.125 -12.5 -0.095979
3.125 -11.719 -0.12409
3.125 -10.938 -0.10878
3.125 -10.156 -0.11205
3.125 -9.375 -0.12177
3.125 -8.5938 -0.033775
3.125 -7.8125 0.10987
3.125 -7.0313 0.16586
3.125 -6.25 0.14413
3.125 -5.4688 0.14876
3.125 -4.6875 0.16476
3.125 -3.9063 0.064453
3.125 -3.125 0.015904
3.125 -2.3438 0.043022
3.125 -1.5625 0.043699
3.125 -0.78125 0.1253
3.125 0 0.12667
3.125 0.78125 0.073931
3.125 1.5625 0.017587
3.125 2.3438 0.086525
3.125 3.125 0.23537
3.125 3.9063 0.29826
3.125 4.6875 0.23179
3.125 5.4688 0.047395
3.125 6.25 -0.081357
3.125 7.0313 -0.082022
3.125 7.8125 -0.062598
3.125 8.5938 -0.0097978
3.125 9.375 0.097082
3.125 10.156 0.11573
3.125 10.938 0.11259
3.125 11.719 0.1237
3.125 12.5 0.20263
3.125 13.281 0.21657
3.125 14.063 0.16691
3.125 14.844 0.019657
3.125 15.625 -0.12359
3.125 16.406 -0.17561
3.125 17.188 -0.27835
3.125 17.969 -0.16017
3.125 18.75 -0.17543
3.125 19.531 -0.16387
3.125 20.313 -0.15531
3.125 21.094 -0.13415
3.125 21.875 -0.01109
3.125 22.656 0.10196
3.125 23.438 0.14774
3.125 24.219 0.054387
3.125 25 -0.10058
3.9063 -24.219 -0.24985
3.9063 -23.438 -0.29843
3.9063 -22.656 -0.13699
3.9063 -21.875 0.014782
3.9063 -21.094 0.11511
3.9063 -20.313 0.1596
3.9063 -19.531 0.12098
3.9063 -18.75 0.052955
3.9063 -17.969 0.070266
3.9063 -17.188 0.066231
3.9063 -16.406 -0.010089
3.9063 -15.625 -0.047592
3.9063 -14.844 -0.075332
3.9063 -14.063 -0.054398
3.9063 -13.281 -0.077619
3.9063 -12.5 -0.076011
3.9063 -11.719 -0.093808
3.9063 -10.938 -0.062502
3.9063 -10.156 -0.055486
3.9063 -9.375 -0.08902
3.9063 -8.5938 -0.021956
3.9063 -7.8125 0.031459
3.9063 -7.0313 0.12669
3.9063 -6.25 0.16662
3.9063 -5.4688 0.13639
3.9063 -4.6875 0.15045
3.9063 -3.9063 0.13481
3.9063 -3.125 0.048697
3.9063 -2.3438 0.057402
3.9063 -1.5625 0.08375
3.9063 -0.78125 0.17263
3.9063 0 0.15666
3.9063 0.78125 0.034317
3.9063 1.5625 -0.043776
3.9063 2.3438 0.08428
3.9063 3.125 0.2429
3.9063 3.9063 0.29741
3.9063 4.6875 0.23335
3.9063 5.4688 0.083152
3.9063 6.25 -0.023839
3.9063 7.0313 -0.079713
3.9063 7.8125 -0.024372
3.9063 8.5938 0.060488
3.9063 9.375 0.080143
3.9063 10.156 0.061253
3.9063 10.938 0.07835
3.9063 11.719 0.12452
3.9063 12.5 0.16866
3.9063 13.281 0.16786
3.9063 14.063 0.099146
3.9063 14.844 -0.0094688
3.9063 15.625 -0.11631
3.9063 16.406 -0.15113
3.9063 17.188 -0.19536
3.9063 17.969 -0.15519
3.9063 18.75 -0.17331
3.9063 19.531 -0.1512
3.9063 20.313 -0.10763
3.9063 21.094 -0.12435
3.9063 21.875 -0.021417
3.9063 22.656 0.078161
3.9063 23.438 0.11925
3.9063 24.219 0.018022
3.9063 25 -0.14223
4.6875 -24.219 -0.24045
4.6875 -23.438 -0.23062
4.6875 -22.656 -0.1548
4.6875 -21.875 0.011452
4.6875 -21.094 0.14931
4.6875 -20.313 0.23591
4.6875 -19.531 0.14713
4.6875 -18.75 0.091322
4.6875 -17.969 0.1287
4.6875 -17.188 0.13452
4.6875 -16.406 -0.0014918
4.6875 -15.625 -0.090549
4.6875 -14.844 -0.16624
4.6875 -14.063 -0.072368
4.6875 -13.281 -0.020432
4.6875 -12.5 -0.046197
4.6875 -11.719 -0.045042
4.6875 -10.938 -0.043213
4.6875 -10.156 -0.05631
4.6875 -9.375 -0.077531
4.6875 -8.5938 -0.025783
4.6875 -7.8125 0.016581
4.6875 -7.0313 0.065611
4.6875 -6.25 0.11584
4.6875 -5.4688 0.14125
4.6875 -4.6875 0.16984
4.6875 -3.9063 0.1339
4.6875 -3.125 0.10624
4.6875 -2.3438 0.11144
4.6875 -1.5625 0.12089
4.6875 -0.78125 0.14669
4.6875 0 0.13324
4.6875 0.78125 0.03578
4.6875 1.5625 -0.0031363
4.6875 2.3438 0.094201
4.6875 3.125 0.25684
4.6875 3.9063 0.26969
4.6875 4.6875 0.22832
4.6875 5.4688 0.12756
4.6875 6.25 -0.0033234
4.6875 7.0313 -0.076307
4.6875 7.8125 0.052605
4.6875 8.5938 0.1152
4.6875 9.375 0.020117
4.6875 10.156 0.026981
4.6875 10.938 0.099585
4.6875 11.719 0.14963
4.6875 12.5 0.14963
4.6875 13.281 0.080356
4.6875 14.063 0.057974
4.6875 14.844 0.014173
4.6875 15.625 -0.053011
4.6875 16.406 -0.07199
4.6875 17.188 -0.14562
4.6875 17.969 -0.14917
4.6875 18.75 -0.1876
4.6875 19.531 -0.1781
4.6875 20.313 -0.11706
4.6875 21.094 -0.12574
4.6875 21.875 -0.036263
4.6875 22.656 0.10511
4.6875 23.438 0.15417
4.6875 24.219 0.032631
4.6875 25 -0.085502
5.4688 -24.219 -0.1821
5.4688 -23.438 -0.20397
5.4688 -22.656 -0.16194
5.4688 -21.875 0.024483
5.4688 -21.094 0.21291
5.4688 -20.313 0.27204
5.4688 -19.531 0.17876
5.4688 -18.75 0.1313
5.4688 -17.969 0.17686
5.4688 -17.188 0.09992
5.4688 -16.406 -0.06103
5.4688 -15.625 -0.15267
5.4688 -14.844 -0.15304
5.4688 -14.063 -0.04474
5.4688 -13.281 0.060077
5.4688 -12.5 0.0082962
5.4688 -11.719 -0.055684
5.4688 -10.938 -0.10215
5.4688 -10.156 -0.031316
5.4688 -9.375 -0.025382
5.4688 -8.5938 -0.034072
5.4688 -7.8125 -0.020727
5.4688 -7.0313 0.035423
5.4688 -6.25 0.12155
5.4688 -5.4688 0.095342
5.4688 -4.6875 0.10807
5.4688 -3.9063 0.1232
5.4688 -3.125 0.17008
5.4688 -2.3438 0.15334
5.4688 -1.5625 0.12304
5.4688 -0.78125 0.14708
5.4688 0 0.13079
5.4688 0.78125 0.060765
5.4688 1.5625 0.071167
5.4688 2.3438 0.14951
5.4688 3.125 0.22101
5.4688 3.9063 0.23602
5.4688 4.6875 0.27007
5.4688 5.4688 0.21076
5.4688 6.25 0.040145
5.4688 7.0313 -0.025195
5.4688 7.8125 0.093218
5.4688 8.5938 0.18615
5.4688 9.375 0.073978
5.4688 10.156 0.035684
5.4688 10.938 0.10033
5.4688 11.719 0.14934
5.4688 12.5 0.10781
5.4688 13.281 0.022737
5.4688 14.063 0.053635
5.4688 14.844 0.032356
5.4688 15.625 0.0029609
5.4688 16.406 -0.0094861
5.4688 17.188 -0.065895
5.4688 17.969 -0.14659
5.4688 18.75 -0.1915
5.4688 19.531 -0.18394
5.4688 20.313 -0.14527
5.4688 21.094 -0.17767
5.4688 21.875 -0.050319
5.4688 22.656 0.098779
5.4688 23.438 0.15056
5.4688 24.219 0.076371
5.4688 25 -0.10297
6.25 -24.219 -0.23797
6.25 -23.438 -0.26624
6.25 -22.656 -0.14276
6.25 -21.875 0.098761
6.25 -21.094 0.23857
6.25 -20.313 0.26758
6.25 -19.531 0.18505
6.25 -18.75 0.14302
6.25 -17.969 0.19904
6.25 -17.188 0.071975
6.25 -16.406 -0.11815
6.25 -15.625 -0.18082
6.25 -14.844 -0.15327
6.25 -14.063 0.0064571
6.25 -13.281 0.036885
6.25 -12.5 -0.019242
6.25 -11.719 -0.10575
6.25 -10.938 -0.15687
6.25 -10.156 -0.09113
6.25 -9.375 -0.036885
6.25 -8.5938 -0.065178
6.25 -7.8125 -0.10923
6.25 -7.0313 0.030407
6.25 -6.25 0.13222
6.25 -5.4688 0.081809
6.25 -4.6875 0.041739
6.25 -3.9063 0.096477
6.25 -3.125 0.17043
6.25 -2.3438 0.14815
6.25 -1.5625 0.11012
6.25 -0.78125 0.12023
6.25 0 0.0741
6.25 0.78125 0.029428
6.25 1.5625 0.046881
6.25 2.3438 0.18894
6.25 3.125 0.28712
6.25 3.9063 0.32243
6.25 4.6875 0.34127
6.25 5.4688 0.24214
6.25 6.25 0.077515
6.25 7.0313 -0.016899
6.25 7.8125 0.13919
6.25 8.5938 0.24701
6.25 9.375 0.14772
6.25 10.156 0.05623
6.25 10.938 0.065402
6.25 11.719 0.076081
6.25 12.5 0.083506
6.25 13.281 0.092167
6.25 14.063 0.088391
6.25 14.844 0.035563
6.25 15.625 -0.019742
6.25 16.406 0.0066624
6.25 17.188 -0.079097
6.25 17.969 -0.14988
6.25 18.75 -0.14584
6.25 19.531 -0.20131
6.25 20.313 -0.17912
6.25 21.094 -0.1318
6.25 21.875 -0.023106
6.25 22.656 0.10586
6.25 23.438 0.1027
6.25 24.219 0.023591
6.25 25 -0.15842
7.0313 -24.219 -0.30536
7.0313 -23.438 -0.26132
7.0313 -22.656 -0.11572
7.0313 -21.875 0.12922
7.0313 -21.094 0.1631
7.0313 -20.313 0.23854
7.0313 -19.531 0.23526
7.0313 -18.75 0.15363
7.0313 -17.969 0.15523
7.0313 -17.188 0.08426
7.0313 -16.406 -0.045612
7.0313 -15.625 -0.13475
7.0313 -14.844 -0.16518
7.0313 -14.063 -0.044391
7.0313 -13.281 0.00042005
7.0313 -12.5 -0.031377
7.0313 -11.719 -0.069285
7.0313 -10.938 -0.163
7.0313 -10.156 -0.1484
7.0313 -9.375 -0.018271
7.0313 -8.5938 -0.11254
7.0313 -7.8125 -0.17667
7.0313 -7.0313 -0.043235
7.0313 -6.25 0.086866
7.0313 -5.4688 0.091135
7.0313 -4.6875 0.0478
7.0313 -3.9063 0.082603
7.0313 -3.125 0.10044
7.0313 -2.3438 0.12965
7.0313 -1.5625 0.14447
7.0313 -0.78125 0.041965
7.0313 0 -0.029285
7.0313 0.78125 0.011997
7.0313 1.5625 0.067143
7.0313 2.3438 0.19712
7.0313 3.125 0.32808
7.0313 3.9063 0.36646
7.0313 4.6875 0.38116
7.0313 5.4688 0.25708
7.0313 6.25 0.086742
7.0313 7.0313 0.0096903
7.0313 7.8125 0.13435
7.0313 8.5938 0.26118
7.0313 9.375 0.16097
7.0313 10.156 0.063418
7.0313 10.938 0.039525
7.0313 11.719 0.095526
7.0313 12.5 0.14501
7.0313 13.281 0.1809
7.0313 14.063 0.15558
7.0313 14.844 0.086314
7.0313 15.625 0.026774
7.0313 16.406 -0.010471
7.0313 17.188 -0.11421
7.0313 17.969 -0.16051
7.0313 18.75 -0.15686
7.0313 19.531 -0.18108
7.0313 20.313 -0.11955
7.0313 21.094 -0.013446
7.0313 21.875 0.081478
7.0313 22.656 0.09256
7.0313 23.438 0.065637
7.0313 24.219 -0.037784
7.0313 25 -0.22297
7.8125 -24.219 -0.30341
7.8125 -23.438 -0.21015
7.8125 -22.656 -0.016667
7.8125 -21.875 0.12138
7.8125 -21.094 0.15702
7.8125 -20.313 0.24005
7.8125 -19.531 0.22243
7.8125 -18.75 0.20883
7.8125 -17.969 0.1361
7.8125 -17.188 0.050464
7.8125 -16.406 -0.042594
7.8125 -15.625 -0.11866
7.8125 -14.844 -0.12818
7.8125 -14.063 -0.075246
7.8125 -13.281 -0.00043864
7.8125 -12.5 0.036363
7.8125 -11.719 -0.0057609
7.8125 -10.938 -0.096415
7.8125 -10.156 -0.066582
7.8125 -9.375 -0.008144
7.8125 -8.5938 -0.11341
7.8125 -7.8125 -0.13534
7.8125 -7.0313 -0.10712
7.8125 -6.25 -0.0088976
7.8125 -5.4688 0.026704
7.8125 -4.6875 0.017577
7.8125 -3.9063 0.098735
7.8125 -3.125 0.097369
7.8125 -2.3438 0.1311
7.8125 -1.5625 0.11504
7.8125 -0.78125 -0.0098544
7.8125 0 -0.021506
7.8125 0.78125 0.016423
7.8125 1.5625 0.11349
7.8125 2.3438 0.22401
7.8125 3.125 0.28436
7.8125 3.9063 0.38866
7.8125 4.6875 0.38401
7.8125 5.4688 0.26966
7.8125 6.25 0.12202
7.8125 7.0313 0.034953
7.8125 7.8125 0.12472
7.8125 8.5938 0.20864
7.8125 9.375 0.18037
7.8125 10.156 0.061568
7.8125 10.938 0.089662
7.8125 11.719 0.17846
7.8125 12.5 0.23456
7.8125 13.281 0.24913
7.8125 14.063 0.19172
7.8125 14.844 0.10192
7.8125 15.625 0.017292
7.8125 16.406 -0.019208
7.8125 17.188 -0.1087
7.8125 17.969 -0.1766
7.8125 18.75 -0.17103
7.8125 19.531 -0.12757
7.8125 20.313 -0.04096
7.8125 21.094 0.051762
7.8125 21.875 0.13483
7.8125 22.656 0.13242
7.8125 23.438 0.051591
7.8125 24.219 -0.099048
7.8125 25 -0.29039
8.5938 -24.219 -0.31184
8.5938 -23.438 -0.16239
8.5938 -22.656 -0.014743
8.5938 -21.875 0.12037
8.5938 -21.094 0.1657
8.5938 -20.313 0.24163
8.5938 -19.531 0.26762
8.5938 -18.75 0.2434
8.5938 -17.969 0.11197
8.5938 -17.188 0.043165
8.5938 -16.406 -0.087946
8.5938 -15.625 -0.14465
8.5938 -14.844 -0.11218
8.5938 -14.063 -0.036321
8.5938 -13.281 0.024539
8.5938 -12.5 0.02881
8.5938 -11.719 -0.027574
8.5938 -10.938 -0.014277
8.5938 -10.156 0.025548
8.5938 -9.375 -0.021921
8.5938 -8.5938 -0.089499
8.5938 -7.8125 -0.12909
8.5938 -7.0313 -0.12043
8.5938 -6.25 0.0055385
8.5938 -5.4688 0.0087794
8.5938 -4.6875 0.0054014
8.5938 -3.9063 0.11017
8.5938 -3.125 0.10876
8.5938 -2.3438 0.073983
8.5938 -1.5625 0.03967
8.5938 -0.78125 -0.075424
8.5938 0 -0.071382
8.5938 0.78125 0.045462
8.5938 1.5625 0.14351
8.5938 2.3438 0.25079
8.5938 3.125 0.32791
8.5938 3.9063 0.37366
8.5938 4.6875 0.2631
8.5938 5.4688 0.18454
8.5938 6.25 0.15778
8.5938 7.0313 0.10583
8.5938 7.8125 0.16353
8.5938 8.5938 0.19371
8.5938 9.375 0.17989
8.5938 10.156 0.11822
8.5938 10.938 0.16697
8.5938 11.719 0.2166
8.5938 12.5 0.29221
8.5938 13.281 0.30328
8.5938 14.063 0.22203
8.5938 14.844 0.0675
8.5938 15.625 -0.0082614
8.5938 16.406 -0.042779
8.5938 17.188 -0.11465
8.5938 17.969 -0.17062
8.5938 18.75 -0.14818
8.5938 19.531 -0.081369
8.5938 20.313 0.058425
8.5938 21.094 0.18233
8.5938 21.875 0.24603
8.5938 22.656 0.15189
8.5938 23.438 0.028834
8.5938 24.219 -0.10901
8.5938 25 -0.28333
9.375 -24.219 -0.26637
9.375 -23.438 -0.10054
9.375 -22.656 0.0070202
9.375 -21.875 0.084731
9.375 -21.094 0.19726
9.375 -20.313 0.31195
9.375 -19.531 0.33958
9.375 -18.75 0.27644
9.375 -17.969 0.11946
9.375 -17.188 0.015949
9.375 -16.406 -0.11696
9.375 -15.625 -0.11081
9.375 -14.844 -0.095682
9.375 -14.063 -0.04493
9.375 -13.281 0.024085
9.375 -12.5 -0.00084135
9.375 -11.719 -0.051054
9.375 -10.938 0.028142
9.375 -10.156 0.064213
9.375 -9.375 -0.010613
9.375 -8.5938 -0.080476
9.375 -7.8125 -0.086444
9.375 -7.0313 -0.067908
9.375 -6.25 -0.020718
9.375 -5.4688 -0.0085552
9.375 -4.6875 0.034462
9.375 -3.9063 0.1109
9.375 -3.125 0.10791
9.375 -2.3438 0.041986
9.375 -1.5625 -0.052933
9.375 -0.78125 -0.15324
9.375 0 -0.12241
9.375 0.78125 0.033989
9.375 1.5625 0.1048
9.375 2.3438 0.24055
9.375 3.125 0.35874
9.375 3.9063 0.38181
9.375 4.6875 0.2731
9.375 5.4688 0.18203
9.375 6.25 0.16184
9.375 7.0313 0.12653
9.375 7.8125 0.14188
9.375 8.5938 0.17674
9.375 9.375 0.095252
9.375 10.156 0.10007
9.375 10.938 0.20382
9.375 11.719 0.29407
9.375 12.5 0.35432
9.375 13.281 0.34728
9.375 14.063 0.23969
9.375 14.844 0.1134
9.375 15.625 -0.013372
9.375 16.406 -0.093491
9.375 17.188 -0.11458
9.375 17.969 -0.15561
9.375 18.75 -0.13509
9.375 19.531 -0.025797
9.375 20.313 0.11688
9.375 21.094 0.21627
9.375 21.875 0.29201
9.375 22.656 0.118
9.375 23.438 0.015602
9.375 24.219 -0.11331
9.375 25 -0.23235
10.156 -24.219 -0.16358
10.156 -23.438 -0.054146
10.156 -22.656 0.08271
10.156 -21.875 0.1002
10.156 -21.094 0.20221
10.156 -20.313 0.34544
10.156 -19.531 0.37787
10.156 -18.75 0.26852
10.156 -17.969 0.080389
10.156 -17.188 -0.011601
10.156 -16.406 -0.068088
10.156 -15.625 -0.082865
10.156 -14.844 -0.037967
10.156 -14.063 -0.013263
10.156 -13.281 0.0022755
10.156 -12.5 -0.057188
10.156 -11.719 -0.057604
10.156 -10.938 0.014523
10.156 -10.156 0.070152
10.156 -9.375 0.018528
10.156 -8.5938 -0.044554
10.156 -7.8125 -0.093081
10.156 -7.0313 -0.025231
10.156 -6.25 0.0014345
10.156 -5.4688 -0.034085
10.156 -4.6875 -0.011915
10.156 -3.9063 0.10745
10.156 -3.125 0.12432
10.156 -2.3438 0.066729
10.156 -1.5625 -0.049723
10.156 -0.78125 -0.14441
10.156 0 -0.15133
10.156 0.78125 -0.02854
10.156 1.5625 0.11125
10.156 2.3438 0.25112
10.156 3.125 0.37539
10.156 3.9063 0.4386
10.156 4.6875 0.31262
10.156 5.4688 0.16308
10.156 6.25 0.12081
10.156 7.0313 0.097232
10.156 7.8125 0.10055
10.156 8.5938 0.085076
10.156 9.375 0.079217
10.156 10.156 0.15778
10.156 10.938 0.25189
10.156 11.719 0.35113
10.156 12.5 0.37418
10.156 13.281 0.34578
10.156 14.063 0.2716
10.156 14.844 0.16344
10.156 15.625 0.0095083
10.156 16.406 -0.089088
10.156 17.188 -0.10191
10.156 17.969 -0.15703
10.156 18.75 -0.098122
10.156 19.531 -0.0036959
10.156 20.313 0.13249
10.156 21.094 0.27944
10.156 21.875 0.28608
10.156 22.656 0.090719
10.156 23.438 0.048976
10.156 24.219 -0.075211
10.156 25 -0.15047
10.938 -24.219 -0.099793
10.938 -23.438 -0.013981
10.938 -22.656 0.072692
10.938 -21.875 0.13454
10.938 -21.094 0.22732
10.938 -20.313 0.34927
10.938 -19.531 0.33955
10.938 -18.75 0.21757
10.938 -17.969 0.074009
10.938 -17.188 0.03874
10.938 -16.406 -0.041677
10.938 -15.625 -0.039317
10.938 -14.844 0.0028732
10.938 -14.063 -0.00057039
10.938 -13.281 -0.022975
10.938 -12.5 -0.087132
10.938 -11.719 -0.059574
10.938 -10.938 0.020178
10.938 -10.156 0.12558
10.938 -9.375 0.084691
10.938 -8.5938 -0.031585
10.938 -7.8125 -0.083027
10.938 -7.0313 -0.015724
10.938 -6.25 -0.018389
10.938 -5.4688 0.012753
10.938 -4.6875 0.015302
10.938 -3.9063 0.079342
10.938 -3.125 0.10035
10.938 -2.3438 0.058849
10.938 -1.5625 0.033082
10.938 -0.78125 -0.10685
10.938 0 -0.1167
10.938 0.78125 -0.02715
10.938 1.5625 0.10902
10.938 2.3438 0.22134
10.938 3.125 0.33692
10.938 3.9063 0.45528
10.938 4.6875 0.39106
10.938 5.4688 0.18533
10.938 6.25 0.070613
10.938 7.0313 0.029209
10.938 7.8125 0.057664
10.938 8.5938 0.057405
10.938 9.375 0.10807
10.938 10.156 0.19948
10.938 10.938 0.21815
10.938 11.719 0.29279
10.938 12.5 0.3576
10.938 13.281 0.33238
10.938 14.063 0.30384
10.938 14.844 0.11302
10.938 15.625 0.016225
10.938 16.406 -0.041476
10.938 17.188 -0.088693
10.938 17.969 -0.12311
10.938 18.75 -0.01915
10.938 19.531 0.067151
10.938 20.313 0.19304
10.938 21.094 0.29511
10.938 21.875 0.29855
10.938 22.656 0.10369
10.938 23.438 0.067694
10.938 24.219 0.016892
10.938 25 -0.091968
11.719 -24.219 -0.042806
11.719 -23.438 -0.024731
11.719 -22.656 0.043414
11.719 -21.875 0.17664
11.719 -21.094 0.26785
11.719 -20.313 0.28384
11.719 -19.531 0.23068
11.719 -18.75 0.16349
11.719 -17.969 0.093868
11.719 -17.188 0.070318
11.719 -16.406 -0.011655
11.719 -15.625 0.0010498
11.719 -14.844 -0.022664
11.719 -14.063 -0.0059592
11.719 -13.281 -0.039565
11.719 -12.5 -0.10821
11.719 -11.719 -0.051923
11.719 -10.938 0.051487
11.719 -10.156 0.14533
11.719 -9.375 0.097294
11.719 -8.5938 -0.046
11.719 -7.8125 -0.089997
11.719 -7.0313 -0.038296
11.719 -6.25 0.00018555
11.719 -5.4688 0.021475
11.719 -4.6875 0.04503
11.719 -3.9063 0.045726
11.719 -3.125 0.061002
11.719 -2.3438 0.12133
11.719 -1.5625 0.021406
11.719 -0.78125 -0.1486
11.719 0 -0.1268
11.719 0.78125 0.013324
11.719 1.5625 0.092754
11.719 2.3438 0.15825
11.719 3.125 0.27934
11.719 3.9063 0.41621
11.719 4.6875 0.41265
11.719 5.4688 0.18968
11.719 6.25 0.0090103
11.719 7.0313 0.00015958
11.719 7.8125 -0.0126
11.719 8.5938 0.046545
11.719 9.375 0.14692
11.719 10.156 0.18969
11.719 10.938 0.17607
11.719 11.719 0.21357
11.719 12.5 0.30603
11.719 13.281 0.36328
11.719 14.063 0.22299
11.719 14.844 0.034741
11.719 15.625 0.01647
11.719 16.406 -0.031317
11.719 17.188 -0.12856
11.719 17.969 -0.11677
11.719 18.75 -0.0010462
11.719 19.531 0.12661
11.719 20.313 0.2055
11.719 21.094 0.3061
11.719 21.875 0.25183
11.719 22.656 0.10894
11.719 23.438 0.042779
11.719 24.219 0.04756
11.719 25 -0.021661
12.5 -24.219 0.03082
12.5 -23.438 0.022625
12.5 -22.656 0.0785
12.5 -21.875 0.17869
12.5 -21.094 0.2436
12.5 -20.313 0.18525
12.5 -19.531 0.15253
12.5 -18.75 0.10641
12.5 -17.969 0.034388
12.5 -17.188 0.075431
12.5 -16.406 -0.0047346
12.5 -15.625 -0.0052173
12.5 -14.844 -0.0070231
12.5 -14.063 0.029877
12.5 -13.281 -0.046118
12.5 -12.5 -0.14034
12.5 -11.719 -0.031744
12.5 -10.938 0.083289
12.5 -10.156 0.15034
12.5 -9.375 0.076333
12.5 -8.5938 -0.096057
12.5 -7.8125 -0.16266
12.5 -7.0313 -0.11638
12.5 -6.25 -0.032532
12.5 -5.4688 0.028394
12.5 -4.6875 0.038269
12.5 -3.9063 -0.002156
12.5 -3.125 0.0020857
12.5 -2.3438 0.064956
12.5 -1.5625 -0.036884
12.5 -0.78125 -0.19708
12.5 0 -0.20163
12.5 0.78125 -0.051364
12.5 1.5625 0.059471
12.5 2.3438 0.14446
12.5 3.125 0.27332
12.5 3.9063 0.39286
12.5 4.6875 0.37624
12.5 5.4688 0.16358
12.5 6.25 -0.061803
12.5 7.0313 -0.067755
12.5 7.8125 -0.027175
12.5 8.5938 -0.0096185
12.5 9.375 0.12668
12.5 10.156 0.11467
12.5 10.938 0.081031
12.5 11.719 0.14091
12.5 12.5 0.25508
12.5 13.281 0.31956
12.5 14.063 0.18343
12.5 14.844 0.04402
12.5 15.625 0.043208
12.5 16.406 -0.03424
12.5 17.188 -0.11315
12.5 17.969 -0.13373
12.5 18.75 -0.027654
12.5 19.531 0.13792
12.5 20.313 0.204
12.5 21.094 0.27241
12.5 21.875 0.22949
12.5 22.656 0.1365
12.5 23.438 0.028797
12.5 24.219 0.022646
12.5 25 0.03871
13.281 -24.219 0.050465
13.281 -23.438 0.094027
13.281 -22.656 0.1092
13.281 -21.875 0.17239
13.281 -21.094 0.21979
13.281 -20.313 0.17856
13.281 -19.531 0.1724
13.281 -18.75 0.090057
13.281 -17.969 -0.03031
13.281 -17.188 -0.040694
13.281 -16.406 -0.045518
13.281 -15.625 0.0034243
13.281 -14.844 0.021943
13.281 -14.063 0.032666
13.281 -13.281 -0.049689
13.281 -12.5 -0.081013
13.281 -11.719 0.023513
13.281 -10.938 0.08945
13.281 -10.156 0.09553
13.281 -9.375 0.031679
13.281 -8.5938 -0.14297
13.281 -7.8125 -0.16963
13.281 -7.0313 -0.13762
13.281 -6.25 -0.027825
13.281 -5.4688 0.053428
13.281 -4.6875 0.024086
13.281 -3.9063 -0.037896
13.281 -3.125 0.0032372
13.281 -2.3438 0.074712
13.281 -1.5625 -0.058241
13.281 -0.78125 -0.22803
13.281 0 -0.21132
13.281 0.78125 -0.0321
13.281 1.5625 0.090194
13.281 2.3438 0.15534
13.281 3.125 0.24949
13.281 3.9063 0.37137
13.281 4.6875 0.30377
13.281 5.4688 0.17455
13.281 6.25 -0.0038471
13.281 7.0313 -0.07318
13.281 7.8125 0.0064164
13.281 8.5938 -0.00027446
13.281 9.375 0.08325
13.281 10.156 0.083891
13.281 10.938 0.047417
13.281 11.719 0.089211
13.281 12.5 0.22887
13.281 13.281 0.24605
13.281 14.063 0.1576
13.281 14.844 0.069096
13.281 15.625 0.0062902
13.281 16.406 -0.025491
13.281 17.188 -0.046841
13.281 17.969 -0.10015
13.281 18.75 -0.062348
13.281 19.531 0.082599
13.281 20.313 0.1487
13.281 21.094 0.19073
13.281 21.875 0.1948
13.281 22.656 0.10204
13.281 23.438 -0.014481
13.281 24.219 -0.021677
13.281 25 0.045075
14.063 -24.219 0.071694
14.063 -23.438 0.12311
14.063 -22.656 0.14623
14.063 -21.875 0.15576
14.063 -21.094 0.21723
14.063 -20.313 0.215
14.063 -19.531 0.23954
14.063 -18.75 0.12152
14.063 -17.969 -0.073725
14.063 -17.188 -0.11342
14.063 -16.406 -0.10507
14.063 -15.625 0.011054
14.063 -14.844 0.013015
14.063 -14.063 0.031202
14.063 -13.281 0.017926
14.063 -12.5 0.047536
14.063 -11.719 0.069739
14.063 -10.938 0.06491
14.063 -10.156 0.026397
14.063 -9.375 -0.05902
14.063 -8.5938 -0.15727
14.063 -7.8125 -0.1441
14.063 -7.0313 -0.14388
14.063 -6.25 -0.076025
14.063 -5.4688 0.03409
14.063 -4.6875 0.035584
14.063 -3.9063 -0.0065617
14.063 -3.125 0.05494
14.063 -2.3438 0.041958
14.063 -1.5625 -0.10028
14.063 -0.78125 -0.26701
14.063 0 -0.18516
14.063 0.78125 -0.0051114
14.063 1.5625 0.068116
14.063 2.3438 0.12209
14.063 3.125 0.1976
14.063 3.9063 0.24022
14.063 4.6875 0.23504
14.063 5.4688 0.20921
14.063 6.25 0.044113
14.063 7.0313 -0.026749
14.063 7.8125 0.0041057
14.063 8.5938 0.036787
14.063 9.375 0.067166
14.063 10.156 0.076002
14.063 10.938 0.047986
14.063 11.719 0.074192
14.063 12.5 0.19367
14.063 13.281 0.18656
14.063 14.063 0.10902
14.063 14.844 0.02757
14.063 15.625 -0.073005
14.063 16.406 -0.11282
14.063 17.188 -0.057633
14.063 17.969 -0.026603
14.063 18.75 -0.023501
14.063 19.531 0.027628
14.063 20.313 0.076777
14.063 21.094 0.15848
14.063 21.875 0.10459
14.063 22.656 0.04927
14.063 23.438 -0.06548
14.063 24.219 -0.12541
14.063 25 -0.031337
14.844 -24.219 0.073035
14.844 -23.438 0.13775
14.844 -22.656 0.14707
14.844 -21.875 0.17976
14.844 -21.094 0.21004
14.844 -20.313 0.24768
14.844 -19.531 0.2389
14.844 -18.75 0.071974
14.844 -17.969 -0.068142
14.844 -17.188 -0.13056
14.844 -16.406 -0.12149
14.844 -15.625 -0.032394
14.844 -14.844 -0.01078
14.844 -14.063 0.043199
14.844 -13.281 0.10238
14.844 -12.5 0.17718
14.844 -11.719 0.13337
14.844 -10.938 0.057578
14.844 -10.156 -0.0064634
14.844 -9.375 -0.066155
14.844 -8.5938 -0.16638
14.844 -7.8125 -0.18067
14.844 -7.0313 -0.21829
14.844 -6.25 -0.15732
14.844 -5.4688 0.007278
14.844 -4.6875 0.086236
14.844 -3.9063 0.081647
14.844 -3.125 0.065316
14.844 -2.3438 -0.02058
14.844 -1.5625 -0.14077
14.844 -0.78125 -0.21489
14.844 0 -0.19117
14.844 0.78125 -0.073373
14.844 1.5625 0.010319
14.844 2.3438 0.072618
14.844 3.125 0.15103
14.844 3.9063 0.14953
14.844 4.6875 0.19956
14.844 5.4688 0.18868
14.844 6.25 0.076104
14.844 7.0313 -0.034377
14.844 7.8125 0.0091142
14.844 8.5938 0.073776
14.844 9.375 0.052386
14.844 10.156 0.018358
14.844 10.938 0.029427
14.844 11.719 0.10472
14.844 12.5 0.14935
14.844 13.281 0.1433
14.844 14.063 0.048492
14.844 14.844 -0.085273
14.844 15.625 -0.11941
14.844 16.406 -0.12421
14.844 17.188 -0.10644
14.844 17.969 -0.02502
14.844 18.75 0.0074212
14.844 19.531 0.053029
14.844 20.313 0.10245
14.844 21.094 0.16152
14.844 21.875 0.075722
14.844 22.656 -0.022236
14.844 23.438 -0.11382
14.844 24.219 -0.21001
14.844 25 -0.10881
15.625 -24.219 0.062566
15.625 -23.438 0.15259
15.625 -22.656 0.15666
15.625 -21.875 0.20984
15.625 -21.094 0.23062
15.625 -20.313 0.26601
15.625 -19.531 0.20625
15.625 -18.75 0.082621
15.625 -17.969 -0.033713
15.625 -17.188 -0.11173
15.625 -16.406 -0.12446
15.625 -15.625 -0.079641
15.625 -14.844 0.025122
15.625 -14.063 0.12746
15.625 -13.281 0.17667
15.625 -12.5 0.17017
15.625 -11.719 0.12759
15.625 -10.938 0.070591
15.625 -10.156 -0.0059446
15.625 -9.375 -0.10466
15.625 -8.5938 -0.18056
15.625 -7.8125 -0.22528
15.625 -7.0313 -0.24707
15.625 -6.25 -0.1916
15.625 -5.4688 0.011291
15.625 -4.6875 0.1481
15.625 -3.9063 0.12214
15.625 -3.125 0.020206
15.625 -2.3438 -0.074618
15.625 -1.5625 -0.18833
15.625 -0.78125 -0.22359
15.625 0 -0.17174
15.625 0.78125 -0.088986
15.625 1.5625 -0.025518
15.625 2.3438 0.018017
15.625 3.125 0.068451
15.625 3.9063 0.13221
15.625 4.6875 0.17382
15.625 5.4688 0.14508
15.625 6.25 0.036604
15.625 7.0313 -0.024524
15.625 7.8125 0.021037
15.625 8.5938 0.071189
15.625 9.375 0.045345
15.625 10.156 -0.0059543
15.625 10.938 0.0193
15.625 11.719 0.11379
15.625 12.5 0.094394
15.625 13.281 0.079424
15.625 14.063 -0.065508
15.625 14.844 -0.091444
15.625 15.625 -0.081882
15.625 16.406 -0.074719
15.625 17.188 -0.074366
15.625 17.969 -0.028194
15.625 18.75 0.037092
15.625 19.531 0.10691
15.625 20.313 0.19866
15.625 21.094 0.19018
15.625 21.875 0.065816
15.625 22.656 -0.062031
15.625 23.438 -0.11411
15.625 24.219 -0.18582
15.625 25 -0.095591
16.406 -24.219 0.042796
16.406 -23.438 0.18485
16.406 -22.656 0.24497
16.406 -21.875 0.26259
16.406 -21.094 0.2655
16.406 -20.313 0.27205
16.406 -19.531 0.18968
16.406 -18.75 0.032951
16.406 -17.969 -0.054613
16.406 -17.188 -0.080421
16.406 -16.406 -0.1192
16.406 -15.625 -0.071098
16.406 -14.844 0.10625
16.406 -14.063 0.2359
16.406 -13.281 0.20699
16.406 -12.5 0.11698
16.406 -11.719 0.069081
16.406 -10.938 0.0025964
16.406 -10.156 -0.093056
16.406 -9.375 -0.20652
16.406 -8.5938 -0.21197
16.406 -7.8125 -0.18888
16.406 -7.0313 -0.25875
16.406 -6.25 -0.19131
16.406 -5.4688 0.041762
16.406 -4.6875 0.13165
16.406 -3.9063 0.073332
16.406 -3.125 -0.044684
16.406 -2.3438 -0.15863
16.406 -1.5625 -0.25707
16.406 -0.78125 -0.25285
16.406 0 -0.18014
16.406 0.78125 -0.11938
16.406 1.5625 -0.04253
16.406 2.3438 0.0082016
16.406 3.125 0.0029037
16.406 3.9063 0.053007
16.406 4.6875 0.11936
16.406 5.4688 0.077071
16.406 6.25 -0.009238
16.406 7.0313 -0.080402
16.406 7.8125 -0.060483
16.406 8.5938 -0.0028765
16.406 9.375 0.041916
16.406 10.156 0.049
16.406 10.938 0.074358
16.406 11.719 0.10319
16.406 12.5 0.084663
16.406 13.281 -0.0039285
16.406 14.063 -0.1028
16.406 14.844 -0.10628
16.406 15.625 -0.057831
16.406 16.406 -0.053169
16.406 17.188 -0.0301
16.406 17.969 0.0083674
16.406 18.75 0.055636
16.406 19.531 0.11593
16.406 20.313 0.24998
16.406 21.094 0.2227
16.406 21.875 0.064777
16.406 22.656 -0.049015
16.406 23.438 -0.07395
16.406 24.219 -0.12797
16.406 25 -0.085844
17.188 -24.219 -0.031185
17.188 -23.438 0.18081
17.188 -22.656 0.26962
17.188 -21.875 0.26365
17.188 -21.094 0.26832
17.188 -20.313 0.23557
17.188 -19.531 0.10794
17.188 -18.75 -0.0089965
17.188 -17.969 -0.075694
17.188 -17.188 -0.08271
17.188 -16.406 -0.073246
17.188 -15.625 0.019501
17.188 -14.844 0.17845
17.188 -14.063 0.2831
17.188 -13.281 0.2196
17.188 -12.5 0.093489
17.188 -11.719 0.039773
17.188 -10.938 0.00073165
17.188 -10.156 -0.11104
17.188 -9.375 -0.23504
17.188 -8.5938 -0.23814
17.188 -7.8125 -0.2512
17.188 -7.0313 -0.30582
17.188 -6.25 -0.12863
17.188 -5.4688 0.14684
17.188 -4.6875 0.15047
17.188 -3.9063 0.046857
17.188 -3.125 -0.063378
17.188 -2.3438 -0.20778
17.188 -1.5625 -0.29645
17.188 -0.78125 -0.27771
17.188 0 -0.21158
17.188 0.78125 -0.14109
17.188 1.5625 -0.022455
17.188 2.3438 0.041445
17.188 3.125 0.037627
17.188 3.9063 0.010245
17.188 4.6875 0.039049
17.188 5.4688 -0.0019874
17.188 6.25 -0.045632
17.188 7.0313 -0.13089
17.188 7.8125 -0.15028
17.188 8.5938 -0.079411
17.188 9.375 0.014442
17.188 10.156 0.10425
17.188 10.938 0.14419
17.188 11.719 0.10928
17.188 12.5 0.051862
17.188 13.281 -0.064465
17.188 14.063 -0.16609
17.188 14.844 -0.17451
17.188 15.625 -0.085772
17.188 16.406 -0.0761
17.188 17.188 -0.048179
17.188 17.969 -0.018382
17.188 18.75 0.1039
17.188 19.531 0.14676
17.188 20.313 0.21541
17.188 21.094 0.16612
17.188 21.875 -0.0094069
17.188 22.656 -0.087523
17.188 23.438 -0.070873
17.188 24.219 -0.097809
17.188 25 -0.089859
17.969 -24.219 -0.0067279
17.969 -23.438 0.13935
17.969 -22.656 0.19708
17.969 -21.875 0.20388
17.969 -21.094 0.23539
17.969 -20.313 0.17625
17.969 -19.531 0.04218
17.969 -18.75 -0.024593
17.969 -17.969 -0.080424
17.969 -17.188 -0.084105
17.969 -16.406 -0.069431
17.969 -15.625 0.054903
17.969 -14.844 0.2029
17.969 -14.063 0.31711
17.969 -13.281 0.1824
17.969 -12.5 0.030843
17.969 -11.719 -0.0040202
17.969 -10.938 -0.032767
17.969 -10.156 -0.079548
17.969 -9.375 -0.20527
17.969 -8.5938 -0.20701
17.969 -7.8125 -0.262
17.969 -7.0313 -0.22396
17.969 -6.25 -0.047203
17.969 -5.4688 0.18656
17.969 -4.6875 0.17411
17.969 -3.9063 0.035652
17.969 -3.125 -0.069243
17.969 -2.3438 -0.24784
17.969 -1.5625 -0.36069
17.969 -0.78125 -0.32344
17.969 0 -0.22107
17.969 0.78125 -0.10799
17.969 1.5625 0.026589
17.969 2.3438 0.10064
17.969 3.125 0.10128
17.969 3.9063 0.016119
17.969 4.6875 -0.053669
17.969 5.4688 -0.071915
17.969 6.25 -0.13183
17.969 7.0313 -0.2125
17.969 7.8125 -0.16762
17.969 8.5938 -0.10149
17.969 9.375 0.014922
17.969 10.156 0.17486
17.969 10.938 0.22447
17.969 11.719 0.12492
17.969 12.5 -0.016624
17.969 13.281 -0.13413
17.969 14.063 -0.20477
17.969 14.844 -0.195
17.969 15.625 -0.11917
17.969 16.406 -0.088395
17.969 17.188 -0.052651
17.969 17.969 0.030143
17.969 18.75 0.1741
17.969 19.531 0.15603
17.969 20.313 0.16422
17.969 21.094 0.091142
17.969 21.875 -0.048863
17.969 22.656 -0.09296
17.969 23.438 -0.12226
17.969 24.219 -0.16373
17.969 25 -0.10277
18.75 -24.219 -0.011349
18.75 -23.438 0.042824
18.75 -22.656 0.093483
18.75 -21.875 0.18045
18.75 -21.094 0.17461
18.75 -20.313 0.13224
18.75 -19.531 0.032474
18.75 -18.75 -0.065313
18.75 -17.969 -0.082938
18.75 -17.188 -0.064276
18.75 -16.406 -0.039223
18.75 -15.625 0.055896
18.75 -14.844 0.21553
18.75 -14.063 0.28974
18.75 -13.281 0.13256
18.75 -12.5 0.022469
18.75 -11.719 0.01248
18.75 -10.938 -0.0135
18.75 -10.156 -0.088765
18.75 -9.375 -0.15141
18.75 -8.5938 -0.15647
18.75 -7.8125 -0.14728
18.75 -7.0313 -0.091905
18.75 -6.25 0.057375
18.75 -5.4688 0.17109
18.75 -4.6875 0.1976
18.75 -3.9063 0.044846
18.75 -3.125 -0.10144
18.75 -2.3438 -0.26444
18.75 -1.5625 -0.32881
18.75 -0.78125 -0.30769
18.75 0 -0.224
18.75 0.78125 -0.050834
18.75 1.5625 0.090673
18.75 2.3438 0.14529
18.75 3.125 0.11166
18.75 3.9063 0.049027
18.75 4.6875 -0.081469
18.75 5.4688 -0.13251
18.75 6.25 -0.19456
18.75 7.0313 -0.19845
18.75 7.8125 -0.14378
18.75 8.5938 -0.062095
18.75 9.375 0.046818
18.75 10.156 0.18882
18.75 10.938 0.23195
18.75 11.719 0.13951
18.75 12.5 -0.015945
18.75 13.281 -0.12204
18.75 14.063 -0.18638
18.75 14.844 -0.19406
18.75 15.625 -0.11654
18.75 16.406 -0.080892
18.75 17.188 0.010196
18.75 17.969 0.12333
18.75 18.75 0.21937
18.75 19.531 0.16927
18.75 20.313 0.16028
18.75 21.094 0.090093
18.75 21.875 -0.022152
18.75 22.656 -0.12023
18.75 23.438 -0.20111
18.75 24.219 -0.16834
18.75 25 -0.096504
19.531 -24.219 -0.024837
19.531 -23.438 0.037749
19.531 -22.656 0.098823
19.531 -21.875 0.15482
19.531 -21.094 0.13965
19.531 -20.313 0.10117
19.531 -19.531 0.016318
19.531 -18.75 -0.074763
19.531 -17.969 -0.072184
19.531 -17.188 -0.058131
19.531 -16.406 0.0098098
19.531 -15.625 0.084426
19.531 -14.844 0.2332
19.531 -14.063 0.24646
19.531 -13.281 0.096817
19.531 -12.5 0.061641
19.531 -11.719 0.051503
19.531 -10.938 0.076417
19.531 -10.156 -0.019247
19.531 -9.375 -0.12418
19.531 -8.5938 -0.095604
19.531 -7.8125 -0.10763
19.531 -7.0313 0.0038717
19.531 -6.25 0.12162
19.531 -5.4688 0.20965
19.531 -4.6875 0.22229
19.531 -3.9063 0.079854
19.531 -3.125 -0.06714
19.531 -2.3438 -0.22883
19.531 -1.5625 -0.27571
19.531 -0.78125 -0.2817
19.531 0 -0.18628
19.531 0.78125 0.019059
19.531 1.5625 0.21352
19.531 2.3438 0.16355
19.531 3.125 0.071058
19.531 3.9063 0.024437
19.531 4.6875 -0.043987
19.531 5.4688 -0.15451
19.531 6.25 -0.19439
19.531 7.0313 -0.1728
19.531 7.8125 -0.15443
19.531 8.5938 -0.06177
19.531 9.375 0.11834
19.531 10.156 0.19549
19.531 10.938 0.23032
19.531 11.719 0.12108
19.531 12.5 0.050111
19.531 13.281 -0.059528
19.531 14.063 -0.16006
19.531 14.844 -0.23153
19.531 15.625 -0.15647
19.531 16.406 -0.04406
19.531 17.188 0.085469
19.531 17.969 0.22037
19.531 18.75 0.27512
19.531 19.531 0.17997
19.531 20.313 0.11921
19.531 21.094 0.084862
19.531 21.875 -0.071431
19.531 22.656 -0.15792
19.531 23.438 -0.15555
19.531 24.219 -0.11462
19.531 25 -0.051584
20.313 -24.219 0.015131
20.313 -23.438 0.11091
20.313 -22.656 0.12066
20.313 -21.875 0.13161
20.313 -21.094 0.12455
20.313 -20.313 0.046941
20.313 -19.531 -0.035553
20.313 -18.75 -0.039127
20.313 -17.969 -0.018036
20.313 -17.188 -0.044225
20.313 -16.406 0.029393
20.313 -15.625 0.1524
20.313 -14.844 0.23737
20.313 -14.063 0.21433
20.313 -13.281 0.096718
20.313 -12.5 0.088288
20.313 -11.719 0.084847
20.313 -10.938 0.11135
20.313 -10.156 0.072004
20.313 -9.375 -0.0059643
20.313 -8.5938 -0.040577
20.313 -7.8125 -0.00041173
20.313 -7.0313 0.083492
20.313 -6.25 0.14503
20.313 -5.4688 0.2318
20.313 -4.6875 0.18779
20.313 -3.9063 0.071732
20.313 -3.125 -0.033969
20.313 -2.3438 -0.17239
20.313 -1.5625 -0.21844
20.313 -0.78125 -0.16065
20.313 0 -0.050888
20.313 0.78125 0.11872
20.313 1.5625 0.24757
20.313 2.3438 0.17438
20.313 3.125 0.071198
20.313 3.9063 0.034689
20.313 4.6875 -0.091805
20.313 5.4688 -0.18504
20.313 6.25 -0.21724
20.313 7.0313 -0.11878
20.313 7.8125 -0.052209
20.313 8.5938 -0.0056988
20.313 9.375 0.13406
20.313 10.156 0.19784
20.313 10.938 0.2057
20.313 11.719 0.12222
20.313 12.5 0.058027
20.313 13.281 -0.059515
20.313 14.063 -0.16563
20.313 14.844 -0.2141
20.313 15.625 -0.12913
20.313 16.406 -0.026084
20.313 17.188 0.10527
20.313 17.969 0.22089
20.313 18.75 0.24413
20.313 19.531 0.18299
20.313 20.313 0.071556
20.313 21.094 -0.0075393
20.313 21.875 -0.081395
20.313 22.656 -0.10355
20.313 23.438 -0.09177
20.313 24.219 -0.098173
20.313 25 -0.047973
21.094 -24.219 0.018777
21.094 -23.438 0.099432
21.094 -22.656 0.11673
21.094 -21.875 0.11063
21.094 -21.094 0.07295
21.094 -20.313 -0.029713
21.094 -19.531 -0.10356
21.094 -18.75 -0.043829
21.094 -17.969 0.016775
21.094 -17.188 0.026269
21.094 -16.406 0.10245
21.094 -15.625 0.22245
21.094 -14.844 0.2715
21.094 -14.063 0.22916
21.094 -13.281 0.13198
21.094 -12.5 0.092677
21.094 -11.719 0.083552
21.094 -10.938 0.094395
21.094 -10.156 0.10203
21.094 -9.375 0.10017
21.094 -8.5938 0.069674
21.094 -7.8125 0.095357
21.094 -7.0313 0.1547
21.094 -6.25 0.20671
21.094 -5.4688 0.27595
21.094 -4.6875 0.17633
21.094 -3.9063 0.045303
21.094 -3.125 -0.092966
21.094 -2.3438 -0.18136
21.094 -1.5625 -0.14185
21.094 -0.78125 -0.031182
21.094 0 0.081483
21.094 0.78125 0.20561
21.094 1.5625 0.22842
21.094 2.3438 0.15107
21.094 3.125 0.036718
21.094 3.9063 -0.046698
21.094 4.6875 -0.13032
21.094 5.4688 -0.22325
21.094 6.25 -0.21626
21.094 7.0313 -0.078655
21.094 7.8125 0.0037648
21.094 8.5938 0.064864
21.094 9.375 0.15378
21.094 10.156 0.18459
21.094 10.938 0.15251
21.094 11.719 0.1197
21.094 12.5 0.085784
21.094 13.281 -0.10099
21.094 14.063 -0.174
21.094 14.844 -0.14992
21.094 15.625 -0.1198
21.094 16.406 -0.025808
21.094 17.188 0.066542
21.094 17.969 0.1467
21.094 18.75 0.19123
21.094 19.531 0.16731
21.094 20.313 0.05297
21.094 21.094 -0.039184
21.094 21.875 -0.095149
21.094 22.656 -0.12914
21.094 23.438 -0.10753
21.094 24.219 -0.10031
21.094 25 -0.054508
21.875 -24.219 0.049269
21.875 -23.438 0.074498
21.875 -22.656 0.10496
21.875 -21.875 0.0739
21.875 -21.094 0.015107
21.875 -20.313 -0.011591
21.875 -19.531 -0.088013
21.875 -18.75 -0.042884
21.875 -17.969 0.0070732
21.875 -17.188 0.081478
21.875 -16.406 0.14238
21.875 -15.625 0.23941
21.875 -14.844 0.26353
21.875 -14.063 0.21191
21.875 -13.281 0.074994
21.875 -12.5 0.014358
21.875 -11.719 0.03881
21.875 -10.938 0.061039
21.875 -10.156 0.13687
21.875 -9.375 0.18644
21.875 -8.5938 0.16233
21.875 -7.8125 0.1918
21.875 -7.0313 0.25171
21.875 -6.25 0.28713
21.875 -5.4688 0.27965
21.875 -4.6875 0.17595
21.875 -3.9063 0.012754
21.875 -3.125 -0.14613
21.875 -2.3438 -0.18698
21.875 -1.5625 -0.057547
21.875 -0.78125 0.092791
21.875 0 0.22927
21.875 0.78125 0.31239
21.875 1.5625 0.2726
21.875 2.3438 0.14743
21.875 3.125 0.021034
21.875 3.9063 -0.097495
21.875 4.6875 -0.18059
21.875 5.4688 -0.20706
21.875 6.25 -0.15833
21.875 7.0313 -0.013043
21.875 7.8125 0.10148
21.875 8.5938 0.13763
21.875 9.375 0.17074
21.875 10.156 0.18136
21.875 10.938 0.1564
21.875 11.719 0.15782
21.875 12.5 0.087525
21.875 13.281 -0.14503
21.875 14.063 -0.1912
21.875 14.844 -0.13857
21.875 15.625 -0.10943
21.875 16.406 -0.0038692
21.875 17.188 0.08249
21.875 17.969 0.17256
21.875 18.75 0.23009
21.875 19.531 0.14003
21.875 20.313 0.067666
21.875 21.094 -0.04542
21.875 21.875 -0.16685
21.875 22.656 -0.19694
21.875 23.438 -0.1498
21.875 24.219 -0.088963
21.875 25 0.024637
22.656 -24.219 0.079411
22.656 -23.438 0.10358
22.656 -22.656 0.082356
22.656 -21.875 0.057454
22.656 -21.094 -0.0041101
22.656 -20.313 0.019637
22.656 -19.531 0.0045745
22.656 -18.75 -0.056573
22.656 -17.969 -0.034424
22.656 -17.188 0.049109
22.656 -16.406 0.12171
22.656 -15.625 0.24778
22.656 -14.844 0.26609
22.656 -14.063 0.21248
22.656 -13.281 0.054429
22.656 -12.5 -0.0071326
22.656 -11.719 0.026111
22.656 -10.938 0.069103
22.656 -10.156 0.14041
22.656 -9.375 0.19977
22.656 -8.5938 0.22206
22.656 -7.8125 0.25454
22.656 -7.0313 0.33822
22.656 -6.25 0.32153
22.656 -5.4688 0.30619
22.656 -4.6875 0.18312
22.656 -3.9063 -0.040615
22.656 -3.125 -0.16089
22.656 -2.3438 -0.15623
22.656 -1.5625 -0.0079342
22.656 -0.78125 0.18944
22.656 0 0.33569
22.656 0.78125 0.42498
22.656 1.5625 0.35257
22.656 2.3438 0.16786
22.656 3.125 0.00067338
22.656 3.9063 -0.12498
22.656 4.6875 -0.21612
22.656 5.4688 -0.19421
22.656 6.25 -0.16496
22.656 7.0313 0.0051779
22.656 7.8125 0.17972
22.656 8.5938 0.21654
22.656 9.375 0.20308
22.656 10.156 0.24458
22.656 10.938 0.2066
22.656 11.719 0.16073
22.656 12.5 0.038623
22.656 13.281 -0.14425
22.656 14.063 -0.19578
22.656 14.844 -0.16388
22.656 15.625 -0.083572
22.656 16.406 -0.005121
22.656 17.188 0.11914
22.656 17.969 0.18437
22.656 18.75 0.215
22.656 19.531 0.092751
22.656 20.313 2.5908e-05
22.656 21.094 -0.13002
22.656 21.875 -0.21845
22.656 22.656 -0.21323
22.656 23.438 -0.18905
22.656 24.219 -0.10336
22.656 25 0.030952
23.438 -24.219 0.083694
23.438 -23.438 0.14658
23.438 -22.656 0.12405
23.438 -21.875 0.13881
23.438 -21.094 0.085819
23.438 -20.313 0.053833
23.438 -19.531 -0.027765
23.438 -18.75 -0.10009
23.438 -17.969 -0.044848
23.438 -17.188 0.076222
23.438 -16.406 0.14594
23.438 -15.625 0.21962
23.438 -14.844 0.19369
23.438 -14.063 0.18154
23.438 -13.281 0.049281
23.438 -12.5 -0.0068174
23.438 -11.719 0.025392
23.438 -10.938 0.086106
23.438 -10.156 0.11575
23.438 -9.375 0.22523
23.438 -8.5938 0.2856
23.438 -7.8125 0.29615
23.438 -7.0313 0.37552
23.438 -6.25 0.34803
23.438 -5.4688 0.28983
23.438 -4.6875 0.10318
23.438 -3.9063 -0.076419
23.438 -3.125 -0.13704
23.438 -2.3438 -0.12916
23.438 -1.5625 0.028464
23.438 -0.78125 0.28404
23.438 0 0.42733
23.438 0.78125 0.49125
23.438 1.5625 0.40483
23.438 2.3438 0.17429
23.438 3.125 -0.028309
23.438 3.9063 -0.1718
23.438 4.6875 -0.20382
23.438 5.4688 -0.16145
23.438 6.25 -0.19949
23.438 7.0313 0.0055946
23.438 7.8125 0.21186
23.438 8.5938 0.23382
23.438 9.375 0.20373
23.438 10.156 0.27908
23.438 10.938 0.27819
23.438 11.719 0.13757
23.438 12.5 -0.054963
23.438 13.281 -0.17019
23.438 14.063 -0.24054
23.438 14.844 -0.18149
23.438 15.625 -0.074969
23.438 16.406 -0.025292
23.438 17.188 0.10212
23.438 17.969 0.21143
23.438 18.75 0.21482
23.438 19.531 0.12139
23.438 20.313 -0.025494
23.438 21.094 -0.18429
23.438 21.875 -0.29386
23.438 22.656 -0.27041
23.438 23.438 -0.25763
23.438 24.219 -0.15903
23.438 25 -0.029529
24.219 -24.219 0.068385
24.219 -23.438 0.075229
24.219 -22.656 0.084465
24.219 -21.875 0.15077
24.219 -21.094 0.1352
24.219 -20.313 0.0371
24.219 -19.531 -0.11047
24.219 -18.75 -0.10616
24.219 -17.969 0.024391
24.219 -17.188 0.11646
24.219 -16.406 0.17322
24.219 -15.625 0.16821
24.219 -14.844 0.10593
24.219 -14.063 0.10919
24.219 -13.281 0.053365
24.219 -12.5 0.0069345
24.219 -11.719 0.01464
24.219 -10.938 0.087906
24.219 -10.156 0.14608
24.219 -9.375 0.18704
24.219 -8.5938 0.27569
24.219 -7.8125 0.27673
24.219 -7.0313 0.40605
24.219 -6.25 0.39668
24.219 -5.4688 0.22009
24.219 -4.6875 -0.0065147
24.219 -3.9063 -0.10691
24.219 -3.125 -0.11745
24.219 -2.3438 -0.083403
24.219 -1.5625 0.12114
24.219 -0.78125 0.3764
24.219 0 0.50481
24.219 0.78125 0.5275
24.219 1.5625 0.39845
24.219 2.3438 0.18017
24.219 3.125 -0.03493
24.219 3.9063 -0.14067
24.219 4.6875 -0.15937
24.219 5.4688 -0.12064
24.219 6.25 -0.17537
24.219 7.0313 -0.018178
24.219 7.8125 0.20866
24.219 8.5938 0.26713
24.219 9.375 0.25331
24.219 10.156 0.30832
24.219 10.938 0.29515
24.219 11.719 0.10151
24.219 12.5 -0.1294
24.219 13.281 -0.23037
24.219 14.063 -0.25461
24.219 14.844 -0.14522
24.219 15.625 -0.081684
24.219 16.406 -0.027652
24.219 17.188 0.12601
24.219 17.969 0.25654
24.219 18.75 0.26956
24.219 19.531 0.16138
24.219 20.313 -0.035859
24.219 21.094 -0.22363
24.219 21.875 -0.32444
24.219 22.656 -0.35244
24.219 23.438 -0.30006
24.219 24.219 -0.18628
24.219 25 -0.053161
25 -24.219 -0.047178
25 -23.438 -0.040785
25 -22.656 -0.0023872
25 -21.875 0.094929
25 -21.094 0.082485
25 -20.313 -0.04739
25 -19.531 -0.14518
25 -18.75 -0.10282
25 -17.969 0.042043
25 -17.188 0.1405
25 -16.406 0.16621
25 -15.625 0.10496
25 -14.844 -0.01105
25 -14.063 -0.042937
25 -13.281 -0.021426
25 -12.5 -0.034265
25 -11.719 0.016281
25 -10.938 0.065114
25 -10.156 0.093582
25 -9.375 0.1368
25 -8.5938 0.2194
25 -7.8125 0.29088
25 -7.0313 0.40344
25 -6.25 0.355
25 -5.4688 0.16942
25 -4.6875 -0.019458
25 -3.9063 -0.14281
25 -3.125 -0.10366
25 -2.3438 0.017146
25 -1.5625 0.183
25 -0.78125 0.44334
25 0 0.55961
25 0.78125 0.52239
25 1.5625 0.35946
25 2.3438 0.20231
25 3.125 -0.043315
25 3.9063 -0.14032
25 4.6875 -0.10761
25 5.4688 -0.091402
25 6.25 -0.10138
25 7.0313 -0.025448
25 7.8125 0.17846
25 8.5938 0.28041
25 9.375 0.30613
25 10.156 0.31792
25 10.938 0.2442
25 11.719 0.065577
25 12.5 -0.14904
25 13.281 -0.31548
25 14.063 -0.20475
25 14.844 -0.094698
25 15.625 -0.076587
25 16.406 0.008371
25 17.188 0.16789
25 17.969 0.28339
25 18.75 0.31974
25 19.531 0.18122
25 20.313 -0.048568
25 21.094 -0.26057
25 21.875 -0.30725
25 22.656 -0.31805
25 23.438 -0.27885
25 24.219 -0.25564
25 25 -0.13769
