-24.219 -24.219 0.28055
-24.219 -23.438 0.34431
-24.219 -22.656 0.24379
-24.219 -21.875 0.098051
-24.219 -21.094 -0.05924
-24.219 -20.313 -0.11566
-24.219 -19.531 -0.15953
-24.219 -18.75 -0.13516
-24.219 -17.969 -0.10885
-24.219 -17.188 0.057239
-24.219 -16.406 0.30664
-24.219 -15.625 0.51258
-24.219 -14.844 0.67642
-24.219 -14.063 0.65771
-24.219 -13.281 0.55436
-24.219 -12.5 0.49646
-24.219 -11.719 0.4052
-24.219 -10.938 0.32703
-24.219 -10.156 0.28744
-24.219 -9.375 0.27645
-24.219 -8.5938 0.2396
-24.219 -7.8125 0.29343
-24.219 -7.0313 0.27322
-24.219 -6.25 0.2038
-24.219 -5.4688 0.20895
-24.219 -4.6875 0.20952
-24.219 -3.9063 0.2611
-24.219 -3.125 0.3183
-24.219 -2.3438 0.25571
-24.219 -1.5625 0.16695
-24.219 -0.78125 0.11843
-24.219 0 -0.01064
-24.219 0.78125 -0.064527
-24.219 1.5625 -0.18279
-24.219 2.3438 -0.21693
-24.219 3.125 -0.1664
-24.219 3.9063 -0.023594
-24.219 4.6875 0.026391
-24.219 5.4688 -0.018351
-24.219 6.25 -0.092849
-24.219 7.0313 -0.14046
-24.219 7.8125 -0.087677
-24.219 8.5938 -0.20713
-24.219 9.375 -0.31864
-24.219 10.156 -0.30552
-24.219 10.938 -0.35612
-24.219 11.719 -0.37518
-24.219 12.5 -0.30358
-24.219 13.281 -0.31309
-24.219 14.063 -0.23541
-24.219 14.844 -0.22938
-24.219 15.625 -0.29419
-24.219 16.406 -0.29698
-24.219 17.188 -0.23157
-24.219 17.969 -0.2724
-24.219 18.75 -0.27927
-24.219 19.531 -0.32111
-24.219 20.313 -0.39013
-24.219 21.094 -0.44421
-24.219 21.875 -0.4487
-24.219 22.656 -0.32586
-24.219 23.438 -0.14408
-24.219 24.219 -0.010104
-24.219 25 0.16012
-23.438 -24.219 0.24736
-23.438 -23.438 0.25414
-23.438 -22.656 0.1525
-23.438 -21.875 0.0023324
-23.438 -21.094 -0.09165
-23.438 -20.313 -0.083496
-23.438 -19.531 -0.13529
-23.438 -18.75 -0.18063
-23.438 -17.969 -0.12202
-23.438 -17.188 0.026987
-23.438 -16.406 0.28286
-23.438 -15.625 0.48644
-23.438 -14.844 0.66416
-23.438 -14.063 0.65428
-23.438 -13.281 0.54007
-23.438 -12.5 0.42137
-23.438 -11.719 0.34425
-23.438 -10.938 0.19198
-23.438 -10.156 0.1372
-23.438 -9.375 0.17762
-23.438 -8.5938 0.179
-23.438 -7.8125 0.27845
-23.438 -7.0313 0.3243
-23.438 -6.25 0.32646
-23.438 -5.4688 0.36114
-23.438 -4.6875 0.29868
-23.438 -3.9063 0.30327
-23.438 -3.125 0.32024
-23.438 -2.3438 0.2433
-23.438 -1.5625 0.1372
-23.438 -0.78125 0.089008
-23.438 0 -0.030496
-23.438 0.78125 -0.16149
-23.438 1.5625 -0.29403
-23.438 2.3438 -0.27958
-23.438 3.125 -0.19098
-23.438 3.9063 -0.10899
-23.438 4.6875 -0.065272
-23.438 5.4688 -0.092828
-23.438 6.25 -0.13238
-23.438 7.0313 -0.16475
-23.438 7.8125 -0.13089
-23.438 8.5938 -0.15006
-23.438 9.375 -0.25477
-23.438 10.156 -0.33631
-23.438 10.938 -0.36626
-23.438 11.719 -0.33655
-23.438 12.5 -0.34456
-23.438 13.281 -0.38337
-23.438 14.063 -0.29822
-23.438 14.844 -0.27602
-23.438 15.625 -0.29875
-23.438 16.406 -0.27237
-23.438 17.188 -0.29361
-23.438 17.969 -0.2735
-23.438 18.75 -0.28197
-23.438 19.531 -0.34259
-23.438 20.313 -0.46657
-23.438 21.094 -0.48108
-23.438 21.875 -0.46802
-23.438 22.656 -0.36925
-23.438 23.438 -0.12326
-23.438 24.219 0.029727
-23.438 25 0.14311
-22.656 -24.219 0.19934
-22.656 -23.438 0.099078
-22.656 -22.656 -0.029855
-22.656 -21.875 -0.10891
-22.656 -21.094 -0.10445
-22.656 -20.313 -0.078128
-22.656 -19.531 -0.098186
-22.656 -18.75 -0.10684
-22.656 -17.969 -0.067911
-22.656 -17.188 0.057313
-22.656 -16.406 0.3215
-22.656 -15.625 0.49289
-22.656 -14.844 0.63161
-22.656 -14.063 0.60754
-22.656 -13.281 0.52336
-22.656 -12.5 0.38212
-22.656 -11.719 0.23459
-22.656 -10.938 0.064018
-22.656 -10.156 0.012601
-22.656 -9.375 0.032477
-22.656 -8.5938 0.073824
-22.656 -7.8125 0.18628
-22.656 -7.0313 0.31297
-22.656 -6.25 0.4147
-22.656 -5.4688 0.40806
-22.656 -4.6875 0.3265
-22.656 -3.9063 0.31814
-22.656 -3.125 0.31286
-22.656 -2.3438 0.22828
-22.656 -1.5625 0.11434
-22.656 -0.78125 0.016439
-22.656 0 -0.12018
-22.656 0.78125 -0.30861
-22.656 1.5625 -0.3924
-22.656 2.3438 -0.33162
-22.656 3.125 -0.17466
-22.656 3.9063 -0.091098
-22.656 4.6875 -0.084282
-22.656 5.4688 -0.16973
-22.656 6.25 -0.23231
-22.656 7.0313 -0.20197
-22.656 7.8125 -0.12086
-22.656 8.5938 -0.10731
-22.656 9.375 -0.21829
-22.656 10.156 -0.28986
-22.656 10.938 -0.30521
-22.656 11.719 -0.30727
-22.656 12.5 -0.34408
-22.656 13.281 -0.3617
-22.656 14.063 -0.31343
-22.656 14.844 -0.32057
-22.656 15.625 -0.32069
-22.656 16.406 -0.25432
-22.656 17.188 -0.29256
-22.656 17.969 -0.30343
-22.656 18.75 -0.27559
-22.656 19.531 -0.368
-22.656 20.313 -0.48879
-22.656 21.094 -0.4923
-22.656 21.875 -0.49309
-22.656 22.656 -0.33641
-22.656 23.438 -0.075805
-22.656 24.219 0.10662
-22.656 25 0.17376
-21.875 -24.219 0.16749
-21.875 -23.438 0.012417
-21.875 -22.656 -0.17195
-21.875 -21.875 -0.21512
-21.875 -21.094 -0.17142
-21.875 -20.313 -0.12613
-21.875 -19.531 -0.12153
-21.875 -18.75 -0.046598
-21.875 -17.969 0.063071
-21.875 -17.188 0.14897
-21.875 -16.406 0.34929
-21.875 -15.625 0.45464
-21.875 -14.844 0.56905
-21.875 -14.063 0.55121
-21.875 -13.281 0.47055
-21.875 -12.5 0.31447
-21.875 -11.719 0.11307
-21.875 -10.938 -0.080059
-21.875 -10.156 -0.091019
-21.875 -9.375 -0.022669
-21.875 -8.5938 0.013143
-21.875 -7.8125 0.15538
-21.875 -7.0313 0.3224
-21.875 -6.25 0.42145
-21.875 -5.4688 0.41945
-21.875 -4.6875 0.33082
-21.875 -3.9063 0.28553
-21.875 -3.125 0.29615
-21.875 -2.3438 0.17553
-21.875 -1.5625 0.084211
-21.875 -0.78125 -0.041117
-21.875 0 -0.21569
-21.875 0.78125 -0.32802
-21.875 1.5625 -0.38504
-21.875 2.3438 -0.32981
-21.875 3.125 -0.15617
-21.875 3.9063 -0.040627
-21.875 4.6875 -0.098973
-21.875 5.4688 -0.17177
-21.875 6.25 -0.19155
-21.875 7.0313 -0.21522
-21.875 7.8125 -0.13346
-21.875 8.5938 -0.17841
-21.875 9.375 -0.22414
-21.875 10.156 -0.28422
-21.875 10.938 -0.30156
-21.875 11.719 -0.31404
-21.875 12.5 -0.34923
-21.875 13.281 -0.3068
-21.875 14.063 -0.24168
-21.875 14.844 -0.25889
-21.875 15.625 -0.26523
-21.875 16.406 -0.2115
-21.875 17.188 -0.22119
-21.875 17.969 -0.27232
-21.875 18.75 -0.2985
-21.875 19.531 -0.36493
-21.875 20.313 -0.44121
-21.875 21.094 -0.47569
-21.875 21.875 -0.42912
-21.875 22.656 -0.26087
-21.875 23.438 -0.015536
-21.875 24.219 0.15006
-21.875 25 0.24553
-21.094 -24.219 0.1499
-21.094 -23.438 -0.054068
-21.094 -22.656 -0.22682
-21.094 -21.875 -0.28459
-21.094 -21.094 -0.23212
-21.094 -20.313 -0.196
-21.094 -19.531 -0.11882
-21.094 -18.75 0.0050273
-21.094 -17.969 0.17063
-21.094 -17.188 0.22886
-21.094 -16.406 0.32395
-21.094 -15.625 0.40609
-21.094 -14.844 0.50238
-21.094 -14.063 0.48605
-21.094 -13.281 0.36407
-21.094 -12.5 0.20691
-21.094 -11.719 0.022705
-21.094 -10.938 -0.16557
-21.094 -10.156 -0.12449
-21.094 -9.375 -0.064001
-21.094 -8.5938 0.005492
-21.094 -7.8125 0.16853
-21.094 -7.0313 0.33947
-21.094 -6.25 0.4397
-21.094 -5.4688 0.40854
-21.094 -4.6875 0.29346
-21.094 -3.9063 0.29915
-21.094 -3.125 0.29959
-21.094 -2.3438 0.16758
-21.094 -1.5625 0.031837
-21.094 -0.78125 -0.1045
-21.094 0 -0.22584
-21.094 0.78125 -0.30144
-21.094 1.5625 -0.26285
-21.094 2.3438 -0.20723
-21.094 3.125 -0.10985
-21.094 3.9063 -0.066203
-21.094 4.6875 -0.073196
-21.094 5.4688 -0.095868
-21.094 6.25 -0.10577
-21.094 7.0313 -0.19036
-21.094 7.8125 -0.17884
-21.094 8.5938 -0.19934
-21.094 9.375 -0.22598
-21.094 10.156 -0.24567
-21.094 10.938 -0.28511
-21.094 11.719 -0.34267
-21.094 12.5 -0.34528
-21.094 13.281 -0.27917
-21.094 14.063 -0.15708
-21.094 14.844 -0.13043
-21.094 15.625 -0.1481
-21.094 16.406 -0.13387
-21.094 17.188 -0.17019
-21.094 17.969 -0.23518
-21.094 18.75 -0.29225
-21.094 19.531 -0.3346
-21.094 20.313 -0.35767
-21.094 21.094 -0.37495
-21.094 21.875 -0.33276
-21.094 22.656 -0.17809
-21.094 23.438 0.033643
-21.094 24.219 0.19426
-21.094 25 0.24945
-20.313 -24.219 0.12621
-20.313 -23.438 -0.062921
-20.313 -22.656 -0.22917
-20.313 -21.875 -0.26145
-20.313 -21.094 -0.22039
-20.313 -20.313 -0.20606
-20.313 -19.531 -0.11301
-20.313 -18.75 0.01404
-20.313 -17.969 0.1672
-20.313 -17.188 0.28681
-20.313 -16.406 0.39316
-20.313 -15.625 0.41943
-20.313 -14.844 0.46274
-20.313 -14.063 0.44187
-20.313 -13.281 0.33684
-20.313 -12.5 0.1508
-20.313 -11.719 -0.036728
-20.313 -10.938 -0.14867
-20.313 -10.156 -0.18421
-20.313 -9.375 -0.082816
-20.313 -8.5938 0.044557
-20.313 -7.8125 0.19824
-20.313 -7.0313 0.38246
-20.313 -6.25 0.42424
-20.313 -5.4688 0.40935
-20.313 -4.6875 0.37224
-20.313 -3.9063 0.36481
-20.313 -3.125 0.31557
-20.313 -2.3438 0.20574
-20.313 -1.5625 0.051582
-20.313 -0.78125 -0.1383
-20.313 0 -0.21295
-20.313 0.78125 -0.2481
-20.313 1.5625 -0.18759
-20.313 2.3438 -0.1282
-20.313 3.125 -0.08547
-20.313 3.9063 -0.066481
-20.313 4.6875 -0.058232
-20.313 5.4688 -0.0074726
-20.313 6.25 -0.057301
-20.313 7.0313 -0.15181
-20.313 7.8125 -0.19867
-20.313 8.5938 -0.20578
-20.313 9.375 -0.25162
-20.313 10.156 -0.24862
-20.313 10.938 -0.31663
-20.313 11.719 -0.30714
-20.313 12.5 -0.2947
-20.313 13.281 -0.20018
-20.313 14.063 -0.084649
-20.313 14.844 -0.083971
-20.313 15.625 -0.082099
-20.313 16.406 -0.12674
-20.313 17.188 -0.17904
-20.313 17.969 -0.24981
-20.313 18.75 -0.35823
-20.313 19.531 -0.34412
-20.313 20.313 -0.2534
-20.313 21.094 -0.17589
-20.313 21.875 -0.13564
-20.313 22.656 -0.016682
-20.313 23.438 0.12077
-20.313 24.219 0.18371
-20.313 25 0.19126
-19.531 -24.219 0.10866
-19.531 -23.438 -0.0034216
-19.531 -22.656 -0.14622
-19.531 -21.875 -0.20183
-19.531 -21.094 -0.16609
-19.531 -20.313 -0.17262
-19.531 -19.531 -0.12728
-19.531 -18.75 0.016753
-19.531 -17.969 0.16156
-19.531 -17.188 0.26576
-19.531 -16.406 0.36514
-19.531 -15.625 0.4386
-19.531 -14.844 0.47033
-19.531 -14.063 0.43695
-19.531 -13.281 0.33883
-19.531 -12.5 0.09208
-19.531 -11.719 -0.12523
-19.531 -10.938 -0.2195
-19.531 -10.156 -0.18218
-19.531 -9.375 -0.090841
-19.531 -8.5938 0.088847
-19.531 -7.8125 0.2334
-19.531 -7.0313 0.36961
-19.531 -6.25 0.42883
-19.531 -5.4688 0.44014
-19.531 -4.6875 0.42471
-19.531 -3.9063 0.38905
-19.531 -3.125 0.32993
-19.531 -2.3438 0.23118
-19.531 -1.5625 0.076493
-19.531 -0.78125 -0.096691
-19.531 0 -0.13396
-19.531 0.78125 -0.13961
-19.531 1.5625 -0.10315
-19.531 2.3438 -0.05162
-19.531 3.125 -0.049699
-19.531 3.9063 -0.090568
-19.531 4.6875 -0.089565
-19.531 5.4688 -0.000126
-19.531 6.25 0.004611
-19.531 7.0313 -0.10054
-19.531 7.8125 -0.20885
-19.531 8.5938 -0.24166
-19.531 9.375 -0.25786
-19.531 10.156 -0.21958
-19.531 10.938 -0.29956
-19.531 11.719 -0.24967
-19.531 12.5 -0.22244
-19.531 13.281 -0.16418
-19.531 14.063 -0.064932
-19.531 14.844 -0.062036
-19.531 15.625 -0.10961
-19.531 16.406 -0.15195
-19.531 17.188 -0.15525
-19.531 17.969 -0.22739
-19.531 18.75 -0.35527
-19.531 19.531 -0.32257
-19.531 20.313 -0.15565
-19.531 21.094 -0.025684
-19.531 21.875 0.047018
-19.531 22.656 0.16726
-19.531 23.438 0.24046
-19.531 24.219 0.23135
-19.531 25 0.1953
-18.75 -24.219 0.090372
-18.75 -23.438 -0.0067553
-18.75 -22.656 -0.057477
-18.75 -21.875 -0.071235
-18.75 -21.094 -0.11608
-18.75 -20.313 -0.1026
-18.75 -19.531 -0.029156
-18.75 -18.75 0.080486
-18.75 -17.969 0.20572
-18.75 -17.188 0.26878
-18.75 -16.406 0.34141
-18.75 -15.625 0.43162
-18.75 -14.844 0.47037
-18.75 -14.063 0.40248
-18.75 -13.281 0.30655
-18.75 -12.5 0.070399
-18.75 -11.719 -0.15164
-18.75 -10.938 -0.19838
-18.75 -10.156 -0.14025
-18.75 -9.375 -0.038469
-18.75 -8.5938 0.10368
-18.75 -7.8125 0.21973
-18.75 -7.0313 0.33224
-18.75 -6.25 0.43891
-18.75 -5.4688 0.44559
-18.75 -4.6875 0.44642
-18.75 -3.9063 0.42718
-18.75 -3.125 0.31981
-18.75 -2.3438 0.21991
-18.75 -1.5625 0.054475
-18.75 -0.78125 -0.051138
-18.75 0 -0.11353
-18.75 0.78125 -0.091988
-18.75 1.5625 -0.021923
-18.75 2.3438 0.063125
-18.75 3.125 0.029541
-18.75 3.9063 -0.024575
-18.75 4.6875 -0.026043
-18.75 5.4688 -0.01744
-18.75 6.25 -0.0058168
-18.75 7.0313 -0.087942
-18.75 7.8125 -0.15909
-18.75 8.5938 -0.23034
-18.75 9.375 -0.22097
-18.75 10.156 -0.23955
-18.75 10.938 -0.25333
-18.75 11.719 -0.14308
-18.75 12.5 -0.11924
-18.75 13.281 -0.11307
-18.75 14.063 -0.04366
-18.75 14.844 -0.02002
-18.75 15.625 -0.078994
-18.75 16.406 -0.12914
-18.75 17.188 -0.17005
-18.75 17.969 -0.25214
-18.75 18.75 -0.31022
-18.75 19.531 -0.22612
-18.75 20.313 -0.047576
-18.75 21.094 0.06965
-18.75 21.875 0.14233
-18.75 22.656 0.279
-18.75 23.438 0.37401
-18.75 24.219 0.35142
-18.75 25 0.22967
-17.969 -24.219 0.16056
-17.969 -23.438 -0.0076165
-17.969 -22.656 -0.058342
-17.969 -21.875 -0.081977
-17.969 -21.094 -0.13192
-17.969 -20.313 -0.064451
-17.969 -19.531 0.067384
-17.969 -18.75 0.16863
-17.969 -17.969 0.26271
-17.969 -17.188 0.30465
-17.969 -16.406 0.39625
-17.969 -15.625 0.44053
-17.969 -14.844 0.45732
-17.969 -14.063 0.39073
-17.969 -13.281 0.21453
-17.969 -12.5 0.0013766
-17.969 -11.719 -0.13571
-17.969 -10.938 -0.1553
-17.969 -10.156 -0.070358
-17.969 -9.375 0.072264
-17.969 -8.5938 0.1433
-17.969 -7.8125 0.23297
-17.969 -7.0313 0.34058
-17.969 -6.25 0.41992
-17.969 -5.4688 0.4066
-17.969 -4.6875 0.39056
-17.969 -3.9063 0.40332
-17.969 -3.125 0.33646
-17.969 -2.3438 0.21201
-17.969 -1.5625 0.075116
-17.969 -0.78125 -0.0081622
-17.969 0 -0.069865
-17.969 0.78125 -0.064362
-17.969 1.5625 0.060706
-17.969 2.3438 0.14619
-17.969 3.125 0.1436
-17.969 3.9063 0.078277
-17.969 4.6875 0.10329
-17.969 5.4688 0.069404
-17.969 6.25 -0.010919
-17.969 7.0313 -0.03718
-17.969 7.8125 -0.12285
-17.969 8.5938 -0.19115
-17.969 9.375 -0.14353
-17.969 10.156 -0.14613
-17.969 10.938 -0.14728
-17.969 11.719 -0.056631
-17.969 12.5 -0.015176
-17.969 13.281 -0.0059505
-17.969 14.063 0.017587
-17.969 14.844 -0.00037301
-17.969 15.625 -0.043744
-17.969 16.406 -0.10942
-17.969 17.188 -0.19275
-17.969 17.969 -0.28149
-17.969 18.75 -0.24365
-17.969 19.531 -0.16949
-17.969 20.313 0.012032
-17.969 21.094 0.13801
-17.969 21.875 0.22142
-17.969 22.656 0.3465
-17.969 23.438 0.44851
-17.969 24.219 0.47485
-17.969 25 0.33863
-17.188 -24.219 0.23155
-17.188 -23.438 0.01267
-17.188 -22.656 -0.08764
-17.188 -21.875 -0.076462
-17.188 -21.094 -0.10001
-17.188 -20.313 -0.01955
-17.188 -19.531 0.15552
-17.188 -18.75 0.23324
-17.188 -17.969 0.35158
-17.188 -17.188 0.38671
-17.188 -16.406 0.41242
-17.188 -15.625 0.42102
-17.188 -14.844 0.39751
-17.188 -14.063 0.3053
-17.188 -13.281 0.15845
-17.188 -12.5 -0.00066039
-17.188 -11.719 -0.14222
-17.188 -10.938 -0.10007
-17.188 -10.156 0.012839
-17.188 -9.375 0.11239
-17.188 -8.5938 0.24308
-17.188 -7.8125 0.29122
-17.188 -7.0313 0.3656
-17.188 -6.25 0.41829
-17.188 -5.4688 0.38266
-17.188 -4.6875 0.33585
-17.188 -3.9063 0.36417
-17.188 -3.125 0.32311
-17.188 -2.3438 0.18663
-17.188 -1.5625 0.047741
-17.188 -0.78125 0.0040943
-17.188 0 -0.0036299
-17.188 0.78125 0.026959
-17.188 1.5625 0.18205
-17.188 2.3438 0.27672
-17.188 3.125 0.21325
-17.188 3.9063 0.15922
-17.188 4.6875 0.1219
-17.188 5.4688 0.09384
-17.188 6.25 0.0053447
-17.188 7.0313 -0.0024183
-17.188 7.8125 -0.064945
-17.188 8.5938 -0.072188
-17.188 9.375 -0.025808
-17.188 10.156 0.012928
-17.188 10.938 0.03294
-17.188 11.719 0.06152
-17.188 12.5 0.073015
-17.188 13.281 0.065546
-17.188 14.063 0.095462
-17.188 14.844 0.075797
-17.188 15.625 0.013057
-17.188 16.406 -0.072985
-17.188 17.188 -0.16229
-17.188 17.969 -0.26473
-17.188 18.75 -0.21472
-17.188 19.531 -0.12863
-17.188 20.313 0.068265
-17.188 21.094 0.23404
-17.188 21.875 0.35552
-17.188 22.656 0.45325
-17.188 23.438 0.53294
-17.188 24.219 0.54783
-17.188 25 0.39941
-16.406 -24.219 0.29056
-16.406 -23.438 0.036402
-16.406 -22.656 -0.064205
-16.406 -21.875 -0.11037
-16.406 -21.094 -0.0094953
-16.406 -20.313 0.14766
-16.406 -19.531 0.29608
-16.406 -18.75 0.39278
-16.406 -17.969 0.47913
-16.406 -17.188 0.52055
-16.406 -16.406 0.5178
-16.406 -15.625 0.49203
-16.406 -14.844 0.3965
-16.406 -14.063 0.27113
-16.406 -13.281 0.15905
-16.406 -12.5 0.044957
-16.406 -11.719 -0.096016
-16.406 -10.938 -0.020856
-16.406 -10.156 0.13506
-16.406 -9.375 0.19161
-16.406 -8.5938 0.30087
-16.406 -7.8125 0.36081
-16.406 -7.0313 0.3964
-16.406 -6.25 0.40748
-16.406 -5.4688 0.37942
-16.406 -4.6875 0.35074
-16.406 -3.9063 0.37846
-16.406 -3.125 0.3034
-16.406 -2.3438 0.14762
-16.406 -1.5625 0.041782
-16.406 -0.78125 0.03351
-16.406 0 0.057253
-16.406 0.78125 0.15416
-16.406 1.5625 0.33279
-16.406 2.3438 0.40466
-16.406 3.125 0.32072
-16.406 3.9063 0.27538
-16.406 4.6875 0.19416
-16.406 5.4688 0.12462
-16.406 6.25 0.11206
-16.406 7.0313 0.047958
-16.406 7.8125 -0.0025004
-16.406 8.5938 0.011532
-16.406 9.375 0.12453
-16.406 10.156 0.1726
-16.406 10.938 0.23517
-16.406 11.719 0.21101
-16.406 12.5 0.15769
-16.406 13.281 0.13179
-16.406 14.063 0.12798
-16.406 14.844 0.16459
-16.406 15.625 0.056138
-16.406 16.406 -0.057117
-16.406 17.188 -0.14512
-16.406 17.969 -0.16974
-16.406 18.75 -0.13439
-16.406 19.531 -0.046945
-16.406 20.313 0.16588
-16.406 21.094 0.3695
-16.406 21.875 0.5003
-16.406 22.656 0.52982
-16.406 23.438 0.57209
-16.406 24.219 0.59047
-16.406 25 0.46257
-15.625 -24.219 0.23867
-15.625 -23.438 0.012722
-15.625 -22.656 -0.06794
-15.625 -21.875 -0.061499
-15.625 -21.094 0.10102
-15.625 -20.313 0.33409
-15.625 -19.531 0.44967
-15.625 -18.75 0.53565
-15.625 -17.969 0.55949
-15.625 -17.188 0.56826
-15.625 -16.406 0.54819
-15.625 -15.625 0.46877
-15.625 -14.844 0.34806
-15.625 -14.063 0.13929
-15.625 -13.281 0.012139
-15.625 -12.5 -0.031137
-15.625 -11.719 -0.038125
-15.625 -10.938 0.051913
-15.625 -10.156 0.18386
-15.625 -9.375 0.2683
-15.625 -8.5938 0.35451
-15.625 -7.8125 0.43228
-15.625 -7.0313 0.40886
-15.625 -6.25 0.36253
-15.625 -5.4688 0.37158
-15.625 -4.6875 0.37898
-15.625 -3.9063 0.3837
-15.625 -3.125 0.26948
-15.625 -2.3438 0.11638
-15.625 -1.5625 0.059247
-15.625 -0.78125 0.067791
-15.625 0 0.10849
-15.625 0.78125 0.25461
-15.625 1.5625 0.4424
-15.625 2.3438 0.51801
-15.625 3.125 0.44141
-15.625 3.9063 0.32831
-15.625 4.6875 0.24634
-15.625 5.4688 0.23079
-15.625 6.25 0.23201
-15.625 7.0313 0.14271
-15.625 7.8125 0.084606
-15.625 8.5938 0.13458
-15.625 9.375 0.26401
-15.625 10.156 0.34056
-15.625 10.938 0.3958
-15.625 11.719 0.34335
-15.625 12.5 0.29565
-15.625 13.281 0.26143
-15.625 14.063 0.23075
-15.625 14.844 0.17532
-15.625 15.625 0.047334
-15.625 16.406 -0.029993
-15.625 17.188 -0.068141
-15.625 17.969 -0.049668
-15.625 18.75 0.049251
-15.625 19.531 0.17849
-15.625 20.313 0.31033
-15.625 21.094 0.54827
-15.625 21.875 0.64033
-15.625 22.656 0.59514
-15.625 23.438 0.56402
-15.625 24.219 0.56176
-15.625 25 0.43669
-14.844 -24.219 0.14913
-14.844 -23.438 0.015454
-14.844 -22.656 0.0073407
-14.844 -21.875 0.073763
-14.844 -21.094 0.18354
-14.844 -20.313 0.47611
-14.844 -19.531 0.63266
-14.844 -18.75 0.62805
-14.844 -17.969 0.57304
-14.844 -17.188 0.53943
-14.844 -16.406 0.48604
-14.844 -15.625 0.37539
-14.844 -14.844 0.26064
-14.844 -14.063 0.037265
-14.844 -13.281 -0.12094
-14.844 -12.5 -0.093303
-14.844 -11.719 -0.012372
-14.844 -10.938 0.10827
-14.844 -10.156 0.23884
-14.844 -9.375 0.33215
-14.844 -8.5938 0.38105
-14.844 -7.8125 0.43414
-14.844 -7.0313 0.35691
-14.844 -6.25 0.29895
-14.844 -5.4688 0.35122
-14.844 -4.6875 0.40282
-14.844 -3.9063 0.34364
-14.844 -3.125 0.21735
-14.844 -2.3438 0.1013
-14.844 -1.5625 0.040204
-14.844 -0.78125 0.06735
-14.844 0 0.18272
-14.844 0.78125 0.33488
-14.844 1.5625 0.51774
-14.844 2.3438 0.60536
-14.844 3.125 0.50788
-14.844 3.9063 0.3616
-14.844 4.6875 0.31041
-14.844 5.4688 0.32714
-14.844 6.25 0.28614
-14.844 7.0313 0.23609
-14.844 7.8125 0.19915
-14.844 8.5938 0.28978
-14.844 9.375 0.38483
-14.844 10.156 0.47032
-14.844 10.938 0.50873
-14.844 11.719 0.4807
-14.844 12.5 0.4398
-14.844 13.281 0.35399
-14.844 14.063 0.28025
-14.844 14.844 0.26738
-14.844 15.625 0.10828
-14.844 16.406 0.048904
-14.844 17.188 0.056304
-14.844 17.969 0.065558
-14.844 18.75 0.16585
-14.844 19.531 0.34393
-14.844 20.313 0.49817
-14.844 21.094 0.74261
-14.844 21.875 0.7568
-14.844 22.656 0.66048
-14.844 23.438 0.54394
-14.844 24.219 0.45834
-14.844 25 0.32575
-14.063 -24.219 0.070333
-14.063 -23.438 -0.026128
-14.063 -22.656 0.053332
-14.063 -21.875 0.14
-14.063 -21.094 0.34919
-14.063 -20.313 0.57159
-14.063 -19.531 0.64833
-14.063 -18.75 0.68033
-14.063 -17.969 0.59915
-14.063 -17.188 0.47279
-14.063 -16.406 0.40193
-14.063 -15.625 0.31063
-14.063 -14.844 0.15598
-14.063 -14.063 0.0095889
-14.063 -13.281 -0.17096
-14.063 -12.5 -0.13538
-14.063 -11.719 -0.027159
-14.063 -10.938 0.17224
-14.063 -10.156 0.27005
-14.063 -9.375 0.35073
-14.063 -8.5938 0.38811
-14.063 -7.8125 0.35679
-14.063 -7.0313 0.28917
-14.063 -6.25 0.2728
-14.063 -5.4688 0.33518
-14.063 -4.6875 0.33623
-14.063 -3.9063 0.29941
-14.063 -3.125 0.2123
-14.063 -2.3438 0.09079
-14.063 -1.5625 0.099662
-14.063 -0.78125 0.058093
-14.063 0 0.18846
-14.063 0.78125 0.3968
-14.063 1.5625 0.58516
-14.063 2.3438 0.64732
-14.063 3.125 0.55431
-14.063 3.9063 0.45924
-14.063 4.6875 0.38781
-14.063 5.4688 0.34539
-14.063 6.25 0.31801
-14.063 7.0313 0.35282
-14.063 7.8125 0.36858
-14.063 8.5938 0.39697
-14.063 9.375 0.49444
-14.063 10.156 0.55775
-14.063 10.938 0.54696
-14.063 11.719 0.56154
-14.063 12.5 0.51516
-14.063 13.281 0.41053
-14.063 14.063 0.36863
-14.063 14.844 0.34512
-14.063 15.625 0.22162
-14.063 16.406 0.12747
-14.063 17.188 0.1619
-14.063 17.969 0.16575
-14.063 18.75 0.25283
-14.063 19.531 0.44307
-14.063 20.313 0.61077
-14.063 21.094 0.8328
-14.063 21.875 0.80867
-14.063 22.656 0.67373
-14.063 23.438 0.51322
-14.063 24.219 0.34924
-14.063 25 0.22124
-13.281 -24.219 -0.002739
-13.281 -23.438 -0.017528
-13.281 -22.656 0.087857
-13.281 -21.875 0.21233
-13.281 -21.094 0.40608
-13.281 -20.313 0.53972
-13.281 -19.531 0.58525
-13.281 -18.75 0.62297
-13.281 -17.969 0.54191
-13.281 -17.188 0.39216
-13.281 -16.406 0.30555
-13.281 -15.625 0.21993
-13.281 -14.844 0.080396
-13.281 -14.063 -0.081403
-13.281 -13.281 -0.19058
-13.281 -12.5 -0.11948
-13.281 -11.719 0.046665
-13.281 -10.938 0.2121
-13.281 -10.156 0.27727
-13.281 -9.375 0.34579
-13.281 -8.5938 0.37331
-13.281 -7.8125 0.30972
-13.281 -7.0313 0.24537
-13.281 -6.25 0.27546
-13.281 -5.4688 0.32161
-13.281 -4.6875 0.31685
-13.281 -3.9063 0.27361
-13.281 -3.125 0.17196
-13.281 -2.3438 0.094895
-13.281 -1.5625 0.070331
-13.281 -0.78125 0.018256
-13.281 0 0.11086
-13.281 0.78125 0.33351
-13.281 1.5625 0.54262
-13.281 2.3438 0.64541
-13.281 3.125 0.64274
-13.281 3.9063 0.57982
-13.281 4.6875 0.52392
-13.281 5.4688 0.37881
-13.281 6.25 0.35647
-13.281 7.0313 0.40101
-13.281 7.8125 0.43518
-13.281 8.5938 0.43429
-13.281 9.375 0.50325
-13.281 10.156 0.56424
-13.281 10.938 0.53397
-13.281 11.719 0.5722
-13.281 12.5 0.49433
-13.281 13.281 0.4343
-13.281 14.063 0.41779
-13.281 14.844 0.34451
-13.281 15.625 0.29075
-13.281 16.406 0.21524
-13.281 17.188 0.17887
-13.281 17.969 0.20117
-13.281 18.75 0.286
-13.281 19.531 0.45916
-13.281 20.313 0.65665
-13.281 21.094 0.75896
-13.281 21.875 0.74316
-13.281 22.656 0.57256
-13.281 23.438 0.373
-13.281 24.219 0.21232
-13.281 25 0.10653
-12.5 -24.219 0.00059004
-12.5 -23.438 0.046699
-12.5 -22.656 0.15938
-12.5 -21.875 0.30163
-12.5 -21.094 0.46743
-12.5 -20.313 0.49603
-12.5 -19.531 0.51013
-12.5 -18.75 0.49052
-12.5 -17.969 0.42553
-12.5 -17.188 0.29701
-12.5 -16.406 0.20551
-12.5 -15.625 0.12176
-12.5 -14.844 -0.031433
-12.5 -14.063 -0.11699
-12.5 -13.281 -0.17084
-12.5 -12.5 -0.042417
-12.5 -11.719 0.12759
-12.5 -10.938 0.26667
-12.5 -10.156 0.29847
-12.5 -9.375 0.29041
-12.5 -8.5938 0.25558
-12.5 -7.8125 0.22937
-12.5 -7.0313 0.22149
-12.5 -6.25 0.30524
-12.5 -5.4688 0.31876
-12.5 -4.6875 0.31054
-12.5 -3.9063 0.24305
-12.5 -3.125 0.15661
-12.5 -2.3438 0.071373
-12.5 -1.5625 -0.020349
-12.5 -0.78125 -0.097054
-12.5 0 -0.03562
-12.5 0.78125 0.17727
-12.5 1.5625 0.43463
-12.5 2.3438 0.6009
-12.5 3.125 0.6546
-12.5 3.9063 0.6406
-12.5 4.6875 0.57846
-12.5 5.4688 0.4047
-12.5 6.25 0.30537
-12.5 7.0313 0.32326
-12.5 7.8125 0.39577
-12.5 8.5938 0.45532
-12.5 9.375 0.48071
-12.5 10.156 0.51498
-12.5 10.938 0.52143
-12.5 11.719 0.46631
-12.5 12.5 0.38925
-12.5 13.281 0.37717
-12.5 14.063 0.39595
-12.5 14.844 0.37649
-12.5 15.625 0.38994
-12.5 16.406 0.3011
-12.5 17.188 0.19347
-12.5 17.969 0.23296
-12.5 18.75 0.37542
-12.5 19.531 0.46883
-12.5 20.313 0.60627
-12.5 21.094 0.6613
-12.5 21.875 0.61383
-12.5 22.656 0.42241
-12.5 23.438 0.23335
-12.5 24.219 0.11756
-12.5 25 0.073899
-11.719 -24.219 -0.051659
-11.719 -23.438 0.0018236
-11.719 -22.656 0.14992
-11.719 -21.875 0.29793
-11.719 -21.094 0.43966
-11.719 -20.313 0.48861
-11.719 -19.531 0.48911
-11.719 -18.75 0.43823
-11.719 -17.969 0.32867
-11.719 -17.188 0.20256
-11.719 -16.406 0.1132
-11.719 -15.625 0.021653
-11.719 -14.844 -0.061233
-11.719 -14.063 -0.11522
-11.719 -13.281 -0.11553
-11.719 -12.5 -0.0079585
-11.719 -11.719 0.052393
-11.719 -10.938 0.18994
-11.719 -10.156 0.27782
-11.719 -9.375 0.24627
-11.719 -8.5938 0.20284
-11.719 -7.8125 0.17402
-11.719 -7.0313 0.19815
-11.719 -6.25 0.28519
-11.719 -5.4688 0.3624
-11.719 -4.6875 0.28743
-11.719 -3.9063 0.1929
-11.719 -3.125 0.086798
-11.719 -2.3438 -0.0064677
-11.719 -1.5625 -0.099032
-11.719 -0.78125 -0.18617
-11.719 0 -0.11386
-11.719 0.78125 0.064579
-11.719 1.5625 0.32043
-11.719 2.3438 0.561
-11.719 3.125 0.67604
-11.719 3.9063 0.69303
-11.719 4.6875 0.59645
-11.719 5.4688 0.35386
-11.719 6.25 0.22006
-11.719 7.0313 0.23824
-11.719 7.8125 0.35507
-11.719 8.5938 0.46312
-11.719 9.375 0.51756
-11.719 10.156 0.51367
-11.719 10.938 0.44906
-11.719 11.719 0.36881
-11.719 12.5 0.35499
-11.719 13.281 0.36434
-11.719 14.063 0.35751
-11.719 14.844 0.38467
-11.719 15.625 0.3827
-11.719 16.406 0.37394
-11.719 17.188 0.30833
-11.719 17.969 0.34048
-11.719 18.75 0.42298
-11.719 19.531 0.44555
-11.719 20.313 0.4908
-11.719 21.094 0.52311
-11.719 21.875 0.50091
-11.719 22.656 0.35435
-11.719 23.438 0.2089
-11.719 24.219 0.12277
-11.719 25 0.020491
-10.938 -24.219 -0.044675
-10.938 -23.438 -0.014836
-10.938 -22.656 0.093171
-10.938 -21.875 0.23088
-10.938 -21.094 0.41447
-10.938 -20.313 0.50648
-10.938 -19.531 0.44302
-10.938 -18.75 0.39011
-10.938 -17.969 0.25348
-10.938 -17.188 0.10711
-10.938 -16.406 0.027785
-10.938 -15.625 -0.031991
-10.938 -14.844 -0.046679
-10.938 -14.063 -0.084609
-10.938 -13.281 -0.11859
-10.938 -12.5 -0.10241
-10.938 -11.719 -0.030996
-10.938 -10.938 0.065956
-10.938 -10.156 0.19683
-10.938 -9.375 0.19974
-10.938 -8.5938 0.19452
-10.938 -7.8125 0.17334
-10.938 -7.0313 0.21673
-10.938 -6.25 0.2955
-10.938 -5.4688 0.35139
-10.938 -4.6875 0.26347
-10.938 -3.9063 0.13236
-10.938 -3.125 0.031064
-10.938 -2.3438 -0.082151
-10.938 -1.5625 -0.22064
-10.938 -0.78125 -0.27868
-10.938 0 -0.16683
-10.938 0.78125 0.0031187
-10.938 1.5625 0.2851
-10.938 2.3438 0.51423
-10.938 3.125 0.59013
-10.938 3.9063 0.65129
-10.938 4.6875 0.55072
-10.938 5.4688 0.30846
-10.938 6.25 0.2154
-10.938 7.0313 0.22645
-10.938 7.8125 0.33201
-10.938 8.5938 0.45689
-10.938 9.375 0.48741
-10.938 10.156 0.42134
-10.938 10.938 0.36272
-10.938 11.719 0.34038
-10.938 12.5 0.34178
-10.938 13.281 0.33332
-10.938 14.063 0.29941
-10.938 14.844 0.29121
-10.938 15.625 0.31649
-10.938 16.406 0.38929
-10.938 17.188 0.40654
-10.938 17.969 0.46292
-10.938 18.75 0.45674
-10.938 19.531 0.41694
-10.938 20.313 0.42252
-10.938 21.094 0.40677
-10.938 21.875 0.40588
-10.938 22.656 0.31708
-10.938 23.438 0.20675
-10.938 24.219 0.1534
-10.938 25 -0.015597
-10.156 -24.219 -0.034407
-10.156 -23.438 -0.051744
-10.156 -22.656 0.07629
-10.156 -21.875 0.2518
-10.156 -21.094 0.42026
-10.156 -20.313 0.47502
-10.156 -19.531 0.34216
-10.156 -18.75 0.25213
-10.156 -17.969 0.17609
-10.156 -17.188 0.076879
-10.156 -16.406 0.0072871
-10.156 -15.625 -0.04013
-10.156 -14.844 -0.069154
-10.156 -14.063 -0.093154
-10.156 -13.281 -0.20428
-10.156 -12.5 -0.23197
-10.156 -11.719 -0.16569
-10.156 -10.938 -0.05435
-10.156 -10.156 0.061942
-10.156 -9.375 0.14308
-10.156 -8.5938 0.19886
-10.156 -7.8125 0.2288
-10.156 -7.0313 0.24257
-10.156 -6.25 0.31774
-10.156 -5.4688 0.35262
-10.156 -4.6875 0.23697
-10.156 -3.9063 0.072906
-10.156 -3.125 -0.055934
-10.156 -2.3438 -0.18494
-10.156 -1.5625 -0.35123
-10.156 -0.78125 -0.42913
-10.156 0 -0.30048
-10.156 0.78125 -0.024355
-10.156 1.5625 0.24824
-10.156 2.3438 0.43547
-10.156 3.125 0.52312
-10.156 3.9063 0.50573
-10.156 4.6875 0.45141
-10.156 5.4688 0.28389
-10.156 6.25 0.23777
-10.156 7.0313 0.22971
-10.156 7.8125 0.29868
-10.156 8.5938 0.34702
-10.156 9.375 0.37486
-10.156 10.156 0.30149
-10.156 10.938 0.2887
-10.156 11.719 0.25842
-10.156 12.5 0.328
-10.156 13.281 0.34494
-10.156 14.063 0.24309
-10.156 14.844 0.23653
-10.156 15.625 0.26702
-10.156 16.406 0.37117
-10.156 17.188 0.45248
-10.156 17.969 0.5053
-10.156 18.75 0.49455
-10.156 19.531 0.43585
-10.156 20.313 0.37585
-10.156 21.094 0.35115
-10.156 21.875 0.32067
-10.156 22.656 0.27053
-10.156 23.438 0.21088
-10.156 24.219 0.13203
-10.156 25 0.024332
-9.375 -24.219 -0.030748
-9.375 -23.438 -0.01578
-9.375 -22.656 0.08343
-9.375 -21.875 0.26287
-9.375 -21.094 0.38606
-9.375 -20.313 0.41165
-9.375 -19.531 0.31012
-9.375 -18.75 0.17433
-9.375 -17.969 0.075779
-9.375 -17.188 -0.0040055
-9.375 -16.406 -0.0012211
-9.375 -15.625 -0.099001
-9.375 -14.844 -0.12542
-9.375 -14.063 -0.16783
-9.375 -13.281 -0.24425
-9.375 -12.5 -0.3254
-9.375 -11.719 -0.30193
-9.375 -10.938 -0.20692
-9.375 -10.156 -0.064259
-9.375 -9.375 0.050475
-9.375 -8.5938 0.16141
-9.375 -7.8125 0.19194
-9.375 -7.0313 0.21423
-9.375 -6.25 0.31456
-9.375 -5.4688 0.33593
-9.375 -4.6875 0.19686
-9.375 -3.9063 0.0058037
-9.375 -3.125 -0.16831
-9.375 -2.3438 -0.32905
-9.375 -1.5625 -0.53591
-9.375 -0.78125 -0.56451
-9.375 0 -0.32057
-9.375 0.78125 -0.050622
-9.375 1.5625 0.17277
-9.375 2.3438 0.36149
-9.375 3.125 0.41899
-9.375 3.9063 0.4062
-9.375 4.6875 0.39181
-9.375 5.4688 0.29285
-9.375 6.25 0.21389
-9.375 7.0313 0.20686
-9.375 7.8125 0.21106
-9.375 8.5938 0.22704
-9.375 9.375 0.25945
-9.375 10.156 0.19159
-9.375 10.938 0.1823
-9.375 11.719 0.19255
-9.375 12.5 0.33215
-9.375 13.281 0.32735
-9.375 14.063 0.22624
-9.375 14.844 0.23156
-9.375 15.625 0.29038
-9.375 16.406 0.40136
-9.375 17.188 0.50041
-9.375 17.969 0.52188
-9.375 18.75 0.47157
-9.375 19.531 0.39413
-9.375 20.313 0.35437
-9.375 21.094 0.29869
-9.375 21.875 0.24591
-9.375 22.656 0.22334
-9.375 23.438 0.18538
-9.375 24.219 0.11489
-9.375 25 0.021342
-8.5938 -24.219 0.025757
-8.5938 -23.438 0.068132
-8.5938 -22.656 0.12234
-8.5938 -21.875 0.22064
-8.5938 -21.094 0.3087
-8.5938 -20.313 0.32672
-8.5938 -19.531 0.27063
-8.5938 -18.75 0.13051
-8.5938 -17.969 0.074963
-8.5938 -17.188 -0.0030144
-8.5938 -16.406 -0.062169
-8.5938 -15.625 -0.19131
-8.5938 -14.844 -0.2255
-8.5938 -14.063 -0.23209
-8.5938 -13.281 -0.2825
-8.5938 -12.5 -0.35436
-8.5938 -11.719 -0.34502
-8.5938 -10.938 -0.26833
-8.5938 -10.156 -0.12238
-8.5938 -9.375 -0.052543
-8.5938 -8.5938 0.01828
-8.5938 -7.8125 0.09626
-8.5938 -7.0313 0.17052
-8.5938 -6.25 0.31033
-8.5938 -5.4688 0.30755
-8.5938 -4.6875 0.16733
-8.5938 -3.9063 -0.084582
-8.5938 -3.125 -0.29827
-8.5938 -2.3438 -0.48508
-8.5938 -1.5625 -0.62216
-8.5938 -0.78125 -0.57117
-8.5938 0 -0.35735
-8.5938 0.78125 -0.068742
-8.5938 1.5625 0.11713
-8.5938 2.3438 0.27563
-8.5938 3.125 0.28288
-8.5938 3.9063 0.24668
-8.5938 4.6875 0.33562
-8.5938 5.4688 0.32084
-8.5938 6.25 0.21502
-8.5938 7.0313 0.17785
-8.5938 7.8125 0.10069
-8.5938 8.5938 0.073168
-8.5938 9.375 0.048147
-8.5938 10.156 0.029814
-8.5938 10.938 0.085588
-8.5938 11.719 0.14071
-8.5938 12.5 0.24285
-8.5938 13.281 0.25497
-8.5938 14.063 0.21599
-8.5938 14.844 0.24991
-8.5938 15.625 0.34727
-8.5938 16.406 0.47053
-8.5938 17.188 0.53216
-8.5938 17.969 0.52304
-8.5938 18.75 0.45631
-8.5938 19.531 0.35547
-8.5938 20.313 0.30369
-8.5938 21.094 0.22888
-8.5938 21.875 0.15013
-8.5938 22.656 0.12906
-8.5938 23.438 0.096138
-8.5938 24.219 0.11388
-8.5938 25 0.052767
-7.8125 -24.219 0.078136
-7.8125 -23.438 0.13153
-7.8125 -22.656 0.13735
-7.8125 -21.875 0.17196
-7.8125 -21.094 0.22423
-7.8125 -20.313 0.24266
-7.8125 -19.531 0.18377
-7.8125 -18.75 0.13456
-7.8125 -17.969 0.13173
-7.8125 -17.188 0.033424
-7.8125 -16.406 -0.13085
-7.8125 -15.625 -0.23934
-7.8125 -14.844 -0.31079
-7.8125 -14.063 -0.33188
-7.8125 -13.281 -0.3328
-7.8125 -12.5 -0.3948
-7.8125 -11.719 -0.38463
-7.8125 -10.938 -0.30816
-7.8125 -10.156 -0.19824
-7.8125 -9.375 -0.10827
-7.8125 -8.5938 -0.012722
-7.8125 -7.8125 0.089352
-7.8125 -7.0313 0.18133
-7.8125 -6.25 0.28316
-7.8125 -5.4688 0.24228
-7.8125 -4.6875 0.062714
-7.8125 -3.9063 -0.24967
-7.8125 -3.125 -0.45261
-7.8125 -2.3438 -0.57081
-7.8125 -1.5625 -0.58868
-7.8125 -0.78125 -0.54777
-7.8125 0 -0.29706
-7.8125 0.78125 0.024706
-7.8125 1.5625 0.19698
-7.8125 2.3438 0.22822
-7.8125 3.125 0.24591
-7.8125 3.9063 0.18938
-7.8125 4.6875 0.2905
-7.8125 5.4688 0.28909
-7.8125 6.25 0.23775
-7.8125 7.0313 0.10853
-7.8125 7.8125 0.012885
-7.8125 8.5938 -0.094344
-7.8125 9.375 -0.12293
-7.8125 10.156 -0.090395
-7.8125 10.938 -0.024727
-7.8125 11.719 0.10561
-7.8125 12.5 0.17075
-7.8125 13.281 0.17613
-7.8125 14.063 0.20363
-7.8125 14.844 0.27553
-7.8125 15.625 0.39985
-7.8125 16.406 0.47244
-7.8125 17.188 0.52309
-7.8125 17.969 0.48835
-7.8125 18.75 0.39041
-7.8125 19.531 0.31576
-7.8125 20.313 0.23374
-7.8125 21.094 0.15482
-7.8125 21.875 0.10279
-7.8125 22.656 0.017871
-7.8125 23.438 0.023517
-7.8125 24.219 0.10317
-7.8125 25 0.062953
-7.0313 -24.219 0.073591
-7.0313 -23.438 0.11932
-7.0313 -22.656 0.11773
-7.0313 -21.875 0.12044
-7.0313 -21.094 0.13167
-7.0313 -20.313 0.17754
-7.0313 -19.531 0.12227
-7.0313 -18.75 0.10268
-7.0313 -17.969 0.07928
-7.0313 -17.188 -0.011082
-7.0313 -16.406 -0.22118
-7.0313 -15.625 -0.35124
-7.0313 -14.844 -0.39874
-7.0313 -14.063 -0.43381
-7.0313 -13.281 -0.45093
-7.0313 -12.5 -0.44592
-7.0313 -11.719 -0.42851
-7.0313 -10.938 -0.34308
-7.0313 -10.156 -0.24404
-7.0313 -9.375 -0.12126
-7.0313 -8.5938 -0.047182
-7.0313 -7.8125 0.069801
-7.0313 -7.0313 0.1557
-7.0313 -6.25 0.22185
-7.0313 -5.4688 0.15375
-7.0313 -4.6875 -0.063571
-7.0313 -3.9063 -0.38541
-7.0313 -3.125 -0.61989
-7.0313 -2.3438 -0.67249
-7.0313 -1.5625 -0.65174
-7.0313 -0.78125 -0.45515
-7.0313 0 -0.15875
-7.0313 0.78125 0.1069
-7.0313 1.5625 0.25063
-7.0313 2.3438 0.29478
-7.0313 3.125 0.2806
-7.0313 3.9063 0.24585
-7.0313 4.6875 0.28568
-7.0313 5.4688 0.25019
-7.0313 6.25 0.15489
-7.0313 7.0313 0.036717
-7.0313 7.8125 -0.062459
-7.0313 8.5938 -0.14326
-7.0313 9.375 -0.19512
-7.0313 10.156 -0.13303
-7.0313 10.938 -0.10147
-7.0313 11.719 0.068689
-7.0313 12.5 0.17921
-7.0313 13.281 0.13673
-7.0313 14.063 0.20571
-7.0313 14.844 0.29147
-7.0313 15.625 0.37086
-7.0313 16.406 0.40685
-7.0313 17.188 0.45647
-7.0313 17.969 0.41242
-7.0313 18.75 0.2536
-7.0313 19.531 0.16434
-7.0313 20.313 0.097462
-7.0313 21.094 0.050687
-7.0313 21.875 -0.017531
-7.0313 22.656 -0.01016
-7.0313 23.438 -0.0087808
-7.0313 24.219 0.0083457
-7.0313 25 -0.011243
-6.25 -24.219 -0.054608
-6.25 -23.438 0.052602
-6.25 -22.656 0.091596
-6.25 -21.875 0.074768
-6.25 -21.094 0.10004
-6.25 -20.313 0.13481
-6.25 -19.531 0.090098
-6.25 -18.75 0.0068249
-6.25 -17.969 -0.02855
-6.25 -17.188 -0.1598
-6.25 -16.406 -0.35076
-6.25 -15.625 -0.46015
-6.25 -14.844 -0.48646
-6.25 -14.063 -0.51648
-6.25 -13.281 -0.55499
-6.25 -12.5 -0.55201
-6.25 -11.719 -0.50887
-6.25 -10.938 -0.37391
-6.25 -10.156 -0.23059
-6.25 -9.375 -0.091656
-6.25 -8.5938 -0.034289
-6.25 -7.8125 -0.0038943
-6.25 -7.0313 0.094173
-6.25 -6.25 0.11228
-6.25 -5.4688 0.033076
-6.25 -4.6875 -0.2042
-6.25 -3.9063 -0.50449
-6.25 -3.125 -0.71034
-6.25 -2.3438 -0.78291
-6.25 -1.5625 -0.63413
-6.25 -0.78125 -0.30257
-6.25 0 -0.041326
-6.25 0.78125 0.13745
-6.25 1.5625 0.30172
-6.25 2.3438 0.38179
-6.25 3.125 0.35579
-6.25 3.9063 0.3241
-6.25 4.6875 0.32003
-6.25 5.4688 0.21299
-6.25 6.25 0.063886
-6.25 7.0313 -0.027649
-6.25 7.8125 -0.099608
-6.25 8.5938 -0.17831
-6.25 9.375 -0.21511
-6.25 10.156 -0.15916
-6.25 10.938 -0.08052
-6.25 11.719 0.037537
-6.25 12.5 0.14399
-6.25 13.281 0.17168
-6.25 14.063 0.20656
-6.25 14.844 0.29634
-6.25 15.625 0.30955
-6.25 16.406 0.3601
-6.25 17.188 0.39728
-6.25 17.969 0.26199
-6.25 18.75 0.10141
-6.25 19.531 0.02158
-6.25 20.313 -0.019762
-6.25 21.094 -0.042068
-6.25 21.875 -0.09188
-6.25 22.656 -0.097749
-6.25 23.438 -0.13885
-6.25 24.219 -0.18188
-6.25 25 -0.16192
-5.4688 -24.219 -0.15436
-5.4688 -23.438 -0.10455
-5.4688 -22.656 -0.011186
-5.4688 -21.875 0.032273
-5.4688 -21.094 0.086941
-5.4688 -20.313 0.1565
-5.4688 -19.531 0.087362
-5.4688 -18.75 -0.050132
-5.4688 -17.969 -0.17298
-5.4688 -17.188 -0.29488
-5.4688 -16.406 -0.40926
-5.4688 -15.625 -0.52972
-5.4688 -14.844 -0.55108
-5.4688 -14.063 -0.59183
-5.4688 -13.281 -0.64911
-5.4688 -12.5 -0.64465
-5.4688 -11.719 -0.56716
-5.4688 -10.938 -0.41602
-5.4688 -10.156 -0.23032
-5.4688 -9.375 -0.098941
-5.4688 -8.5938 0.028757
-5.4688 -7.8125 0.045938
-5.4688 -7.0313 0.017657
-5.4688 -6.25 -0.046419
-5.4688 -5.4688 -0.19371
-5.4688 -4.6875 -0.34638
-5.4688 -3.9063 -0.59051
-5.4688 -3.125 -0.75105
-5.4688 -2.3438 -0.78942
-5.4688 -1.5625 -0.60391
-5.4688 -0.78125 -0.25109
-5.4688 0 0.0059354
-5.4688 0.78125 0.16011
-5.4688 1.5625 0.34737
-5.4688 2.3438 0.43717
-5.4688 3.125 0.3919
-5.4688 3.9063 0.3638
-5.4688 4.6875 0.25937
-5.4688 5.4688 0.13418
-5.4688 6.25 -0.0031542
-5.4688 7.0313 -0.066083
-5.4688 7.8125 -0.13308
-5.4688 8.5938 -0.20375
-5.4688 9.375 -0.26027
-5.4688 10.156 -0.18126
-5.4688 10.938 -0.057469
-5.4688 11.719 0.03955
-5.4688 12.5 0.15239
-5.4688 13.281 0.17321
-5.4688 14.063 0.2269
-5.4688 14.844 0.31835
-5.4688 15.625 0.27719
-5.4688 16.406 0.31866
-5.4688 17.188 0.30919
-5.4688 17.969 0.15751
-5.4688 18.75 0.0008829
-5.4688 19.531 -0.10969
-5.4688 20.313 -0.11899
-5.4688 21.094 -0.083071
-5.4688 21.875 -0.12808
-5.4688 22.656 -0.17855
-5.4688 23.438 -0.27462
-5.4688 24.219 -0.30206
-5.4688 25 -0.28887
-4.6875 -24.219 -0.26021
-4.6875 -23.438 -0.22199
-4.6875 -22.656 -0.10146
-4.6875 -21.875 -0.065449
-4.6875 -21.094 0.032616
-4.6875 -20.313 0.073396
-4.6875 -19.531 -0.019474
-4.6875 -18.75 -0.15526
-4.6875 -17.969 -0.28132
-4.6875 -17.188 -0.34066
-4.6875 -16.406 -0.44194
-4.6875 -15.625 -0.52148
-4.6875 -14.844 -0.55395
-4.6875 -14.063 -0.59446
-4.6875 -13.281 -0.66549
-4.6875 -12.5 -0.65888
-4.6875 -11.719 -0.57987
-4.6875 -10.938 -0.40567
-4.6875 -10.156 -0.15449
-4.6875 -9.375 0.0077959
-4.6875 -8.5938 0.051513
-4.6875 -7.8125 0.066802
-4.6875 -7.0313 -0.0022485
-4.6875 -6.25 -0.16317
-4.6875 -5.4688 -0.38109
-4.6875 -4.6875 -0.48563
-4.6875 -3.9063 -0.60493
-4.6875 -3.125 -0.69096
-4.6875 -2.3438 -0.72269
-4.6875 -1.5625 -0.52394
-4.6875 -0.78125 -0.21527
-4.6875 0 0.036504
-4.6875 0.78125 0.19537
-4.6875 1.5625 0.40453
-4.6875 2.3438 0.50597
-4.6875 3.125 0.39396
-4.6875 3.9063 0.34665
-4.6875 4.6875 0.22287
-4.6875 5.4688 0.089583
-4.6875 6.25 -0.033925
-4.6875 7.0313 -0.13382
-4.6875 7.8125 -0.17262
-4.6875 8.5938 -0.18106
-4.6875 9.375 -0.21583
-4.6875 10.156 -0.15112
-4.6875 10.938 -0.007654
-4.6875 11.719 0.12113
-4.6875 12.5 0.18214
-4.6875 13.281 0.22865
-4.6875 14.063 0.27698
-4.6875 14.844 0.31301
-4.6875 15.625 0.28446
-4.6875 16.406 0.25184
-4.6875 17.188 0.1536
-4.6875 17.969 0.034954
-4.6875 18.75 -0.078235
-4.6875 19.531 -0.18905
-4.6875 20.313 -0.20353
-4.6875 21.094 -0.13249
-4.6875 21.875 -0.14458
-4.6875 22.656 -0.20668
-4.6875 23.438 -0.25052
-4.6875 24.219 -0.24636
-4.6875 25 -0.26237
-3.9063 -24.219 -0.34424
-3.9063 -23.438 -0.28576
-3.9063 -22.656 -0.13184
-3.9063 -21.875 -0.051364
-3.9063 -21.094 -0.060345
-3.9063 -20.313 -0.05504
-3.9063 -19.531 -0.14182
-3.9063 -18.75 -0.25102
-3.9063 -17.969 -0.35609
-3.9063 -17.188 -0.39093
-3.9063 -16.406 -0.46079
-3.9063 -15.625 -0.48747
-3.9063 -14.844 -0.49042
-3.9063 -14.063 -0.54062
-3.9063 -13.281 -0.58695
-3.9063 -12.5 -0.59991
-3.9063 -11.719 -0.52158
-3.9063 -10.938 -0.30293
-3.9063 -10.156 -0.08261
-3.9063 -9.375 0.049384
-3.9063 -8.5938 0.045131
-3.9063 -7.8125 0.0049323
-3.9063 -7.0313 -0.074774
-3.9063 -6.25 -0.20552
-3.9063 -5.4688 -0.40248
-3.9063 -4.6875 -0.52419
-3.9063 -3.9063 -0.60519
-3.9063 -3.125 -0.61183
-3.9063 -2.3438 -0.53771
-3.9063 -1.5625 -0.34495
-3.9063 -0.78125 -0.079854
-3.9063 0 0.11229
-3.9063 0.78125 0.26772
-3.9063 1.5625 0.49331
-3.9063 2.3438 0.53132
-3.9063 3.125 0.3952
-3.9063 3.9063 0.33173
-3.9063 4.6875 0.22105
-3.9063 5.4688 0.094863
-3.9063 6.25 -0.096102
-3.9063 7.0313 -0.19035
-3.9063 7.8125 -0.19835
-3.9063 8.5938 -0.16413
-3.9063 9.375 -0.09636
-3.9063 10.156 -0.035674
-3.9063 10.938 0.092248
-3.9063 11.719 0.2049
-3.9063 12.5 0.21027
-3.9063 13.281 0.27174
-3.9063 14.063 0.31004
-3.9063 14.844 0.303
-3.9063 15.625 0.25567
-3.9063 16.406 0.13227
-3.9063 17.188 0.015244
-3.9063 17.969 -0.067866
-3.9063 18.75 -0.13628
-3.9063 19.531 -0.22588
-3.9063 20.313 -0.27213
-3.9063 21.094 -0.20653
-3.9063 21.875 -0.23916
-3.9063 22.656 -0.26053
-3.9063 23.438 -0.255
-3.9063 24.219 -0.21664
-3.9063 25 -0.27308
-3.125 -24.219 -0.43264
-3.125 -23.438 -0.36234
-3.125 -22.656 -0.20023
-3.125 -21.875 -0.13937
-3.125 -21.094 -0.16255
-3.125 -20.313 -0.18217
-3.125 -19.531 -0.31261
-3.125 -18.75 -0.39331
-3.125 -17.969 -0.45702
-3.125 -17.188 -0.44276
-3.125 -16.406 -0.49024
-3.125 -15.625 -0.50669
-3.125 -14.844 -0.44489
-3.125 -14.063 -0.50332
-3.125 -13.281 -0.5785
-3.125 -12.5 -0.5422
-3.125 -11.719 -0.39729
-3.125 -10.938 -0.17793
-3.125 -10.156 0.023228
-3.125 -9.375 0.1106
-3.125 -8.5938 0.054168
-3.125 -7.8125 -0.086335
-3.125 -7.0313 -0.18798
-3.125 -6.25 -0.27046
-3.125 -5.4688 -0.37382
-3.125 -4.6875 -0.49515
-3.125 -3.9063 -0.60549
-3.125 -3.125 -0.60178
-3.125 -2.3438 -0.40251
-3.125 -1.5625 -0.2178
-3.125 -0.78125 0.016959
-3.125 0 0.2018
-3.125 0.78125 0.37298
-3.125 1.5625 0.51505
-3.125 2.3438 0.51972
-3.125 3.125 0.34305
-3.125 3.9063 0.29358
-3.125 4.6875 0.1773
-3.125 5.4688 0.0010831
-3.125 6.25 -0.14506
-3.125 7.0313 -0.22598
-3.125 7.8125 -0.26972
-3.125 8.5938 -0.16111
-3.125 9.375 -0.032729
-3.125 10.156 0.033327
-3.125 10.938 0.1643
-3.125 11.719 0.28171
-3.125 12.5 0.28577
-3.125 13.281 0.29065
-3.125 14.063 0.29452
-3.125 14.844 0.25318
-3.125 15.625 0.1844
-3.125 16.406 0.00084347
-3.125 17.188 -0.070156
-3.125 17.969 -0.17466
-3.125 18.75 -0.26238
-3.125 19.531 -0.28317
-3.125 20.313 -0.31758
-3.125 21.094 -0.28695
-3.125 21.875 -0.32809
-3.125 22.656 -0.36521
-3.125 23.438 -0.31392
-3.125 24.219 -0.26864
-3.125 25 -0.37895
-2.3438 -24.219 -0.4215
-2.3438 -23.438 -0.41197
-2.3438 -22.656 -0.25299
-2.3438 -21.875 -0.2777
-2.3438 -21.094 -0.32187
-2.3438 -20.313 -0.33861
-2.3438 -19.531 -0.43052
-2.3438 -18.75 -0.52869
-2.3438 -17.969 -0.56891
-2.3438 -17.188 -0.56883
-2.3438 -16.406 -0.52916
-2.3438 -15.625 -0.4781
-2.3438 -14.844 -0.48193
-2.3438 -14.063 -0.51754
-2.3438 -13.281 -0.57708
-2.3438 -12.5 -0.48678
-2.3438 -11.719 -0.29696
-2.3438 -10.938 -0.096744
-2.3438 -10.156 0.070296
-2.3438 -9.375 0.11467
-2.3438 -8.5938 0.063173
-2.3438 -7.8125 -0.08901
-2.3438 -7.0313 -0.22388
-2.3438 -6.25 -0.28856
-2.3438 -5.4688 -0.38606
-2.3438 -4.6875 -0.49429
-2.3438 -3.9063 -0.57656
-2.3438 -3.125 -0.54741
-2.3438 -2.3438 -0.31996
-2.3438 -1.5625 -0.1596
-2.3438 -0.78125 0.017065
-2.3438 0 0.21485
-2.3438 0.78125 0.44438
-2.3438 1.5625 0.52895
-2.3438 2.3438 0.45345
-2.3438 3.125 0.27129
-2.3438 3.9063 0.20192
-2.3438 4.6875 0.091744
-2.3438 5.4688 -0.026718
-2.3438 6.25 -0.16511
-2.3438 7.0313 -0.24616
-2.3438 7.8125 -0.29929
-2.3438 8.5938 -0.23259
-2.3438 9.375 -0.1073
-2.3438 10.156 0.0076084
-2.3438 10.938 0.19403
-2.3438 11.719 0.3223
-2.3438 12.5 0.39603
-2.3438 13.281 0.35419
-2.3438 14.063 0.30015
-2.3438 14.844 0.19141
-2.3438 15.625 0.067569
-2.3438 16.406 -0.10986
-2.3438 17.188 -0.20904
-2.3438 17.969 -0.27511
-2.3438 18.75 -0.36015
-2.3438 19.531 -0.36622
-2.3438 20.313 -0.33607
-2.3438 21.094 -0.3205
-2.3438 21.875 -0.37033
-2.3438 22.656 -0.40786
-2.3438 23.438 -0.37102
-2.3438 24.219 -0.35241
-2.3438 25 -0.3517
-1.5625 -24.219 -0.41325
-1.5625 -23.438 -0.41404
-1.5625 -22.656 -0.3216
-1.5625 -21.875 -0.36269
-1.5625 -21.094 -0.43777
-1.5625 -20.313 -0.43888
-1.5625 -19.531 -0.49403
-1.5625 -18.75 -0.60467
-1.5625 -17.969 -0.61017
-1.5625 -17.188 -0.55546
-1.5625 -16.406 -0.48747
-1.5625 -15.625 -0.4649
-1.5625 -14.844 -0.44916
-1.5625 -14.063 -0.4996
-1.5625 -13.281 -0.52859
-1.5625 -12.5 -0.3628
-1.5625 -11.719 -0.13219
-1.5625 -10.938 0.0069308
-1.5625 -10.156 0.071135
-1.5625 -9.375 0.11561
-1.5625 -8.5938 0.059675
-1.5625 -7.8125 -0.065876
-1.5625 -7.0313 -0.20737
-1.5625 -6.25 -0.31262
-1.5625 -5.4688 -0.38633
-1.5625 -4.6875 -0.46837
-1.5625 -3.9063 -0.49959
-1.5625 -3.125 -0.48538
-1.5625 -2.3438 -0.29221
-1.5625 -1.5625 -0.098832
-1.5625 -0.78125 0.080906
-1.5625 0 0.32272
-1.5625 0.78125 0.4781
-1.5625 1.5625 0.53161
-1.5625 2.3438 0.3873
-1.5625 3.125 0.14852
-1.5625 3.9063 0.049619
-1.5625 4.6875 -0.021438
-1.5625 5.4688 -0.10174
-1.5625 6.25 -0.21864
-1.5625 7.0313 -0.28462
-1.5625 7.8125 -0.32799
-1.5625 8.5938 -0.28063
-1.5625 9.375 -0.13555
-1.5625 10.156 0.037186
-1.5625 10.938 0.22782
-1.5625 11.719 0.33888
-1.5625 12.5 0.42502
-1.5625 13.281 0.34642
-1.5625 14.063 0.25614
-1.5625 14.844 0.109
-1.5625 15.625 -0.086078
-1.5625 16.406 -0.23089
-1.5625 17.188 -0.31058
-1.5625 17.969 -0.38714
-1.5625 18.75 -0.46619
-1.5625 19.531 -0.47294
-1.5625 20.313 -0.41846
-1.5625 21.094 -0.35628
-1.5625 21.875 -0.36698
-1.5625 22.656 -0.37368
-1.5625 23.438 -0.36184
-1.5625 24.219 -0.31517
-1.5625 25 -0.33441
-0.78125 -24.219 -0.40653
-0.78125 -23.438 -0.37244
-0.78125 -22.656 -0.40268
-0.78125 -21.875 -0.48654
-0.78125 -21.094 -0.49079
-0.78125 -20.313 -0.52032
-0.78125 -19.531 -0.56285
-0.78125 -18.75 -0.63641
-0.78125 -17.969 -0.57368
-0.78125 -17.188 -0.44766
-0.78125 -16.406 -0.40247
-0.78125 -15.625 -0.4546
-0.78125 -14.844 -0.43603
-0.78125 -14.063 -0.44342
-0.78125 -13.281 -0.39335
-0.78125 -12.5 -0.20393
-0.78125 -11.719 0.028301
-0.78125 -10.938 0.12515
-0.78125 -10.156 0.096013
-0.78125 -9.375 0.094331
-0.78125 -8.5938 -0.018814
-0.78125 -7.8125 -0.12389
-0.78125 -7.0313 -0.23797
-0.78125 -6.25 -0.37248
-0.78125 -5.4688 -0.42288
-0.78125 -4.6875 -0.47563
-0.78125 -3.9063 -0.43082
-0.78125 -3.125 -0.33603
-0.78125 -2.3438 -0.22606
-0.78125 -1.5625 -0.041269
-0.78125 -0.78125 0.1975
-0.78125 0 0.38429
-0.78125 0.78125 0.46638
-0.78125 1.5625 0.46428
-0.78125 2.3438 0.26007
-0.78125 3.125 -0.00084912
-0.78125 3.9063 -0.14905
-0.78125 4.6875 -0.18726
-0.78125 5.4688 -0.22337
-0.78125 6.25 -0.27006
-0.78125 7.0313 -0.35285
-0.78125 7.8125 -0.41536
-0.78125 8.5938 -0.30473
-0.78125 9.375 -0.15655
-0.78125 10.156 -0.0081833
-0.78125 10.938 0.21092
-0.78125 11.719 0.32593
-0.78125 12.5 0.41082
-0.78125 13.281 0.28587
-0.78125 14.063 0.15612
-0.78125 14.844 -0.051661
-0.78125 15.625 -0.2812
-0.78125 16.406 -0.39892
-0.78125 17.188 -0.47506
-0.78125 17.969 -0.52013
-0.78125 18.75 -0.57728
-0.78125 19.531 -0.58859
-0.78125 20.313 -0.46375
-0.78125 21.094 -0.35804
-0.78125 21.875 -0.36142
-0.78125 22.656 -0.35435
-0.78125 23.438 -0.34384
-0.78125 24.219 -0.27107
-0.78125 25 -0.3633
0 -24.219 -0.33856
0 -23.438 -0.38668
0 -22.656 -0.49412
0 -21.875 -0.55176
0 -21.094 -0.57167
0 -20.313 -0.57063
0 -19.531 -0.61726
0 -18.75 -0.61306
0 -17.969 -0.50778
0 -17.188 -0.38003
0 -16.406 -0.31829
0 -15.625 -0.35622
0 -14.844 -0.36807
0 -14.063 -0.33617
0 -13.281 -0.22062
0 -12.5 -0.023392
0 -11.719 0.1544
0 -10.938 0.19101
0 -10.156 0.1532
0 -9.375 0.073794
0 -8.5938 -0.083887
0 -7.8125 -0.16738
0 -7.0313 -0.27959
0 -6.25 -0.43621
0 -5.4688 -0.45932
0 -4.6875 -0.4129
0 -3.9063 -0.34947
0 -3.125 -0.25789
0 -2.3438 -0.16197
0 -1.5625 0.07305
0 -0.78125 0.29694
0 0 0.42674
0 0.78125 0.47854
0 1.5625 0.39279
0 2.3438 0.14031
0 3.125 -0.10021
0 3.9063 -0.29813
0 4.6875 -0.34746
0 5.4688 -0.29441
0 6.25 -0.30818
0 7.0313 -0.38926
0 7.8125 -0.45654
0 8.5938 -0.29593
0 9.375 -0.19146
0 10.156 0.018491
0 10.938 0.21957
0 11.719 0.31935
0 12.5 0.36315
0 13.281 0.2492
0 14.063 0.07347
0 14.844 -0.17125
0 15.625 -0.41863
0 16.406 -0.55715
0 17.188 -0.62576
0 17.969 -0.58576
0 18.75 -0.63147
0 19.531 -0.64629
0 20.313 -0.50737
0 21.094 -0.37608
0 21.875 -0.34191
0 22.656 -0.34603
0 23.438 -0.34772
0 24.219 -0.29157
0 25 -0.30082
0.78125 -24.219 -0.28806
0.78125 -23.438 -0.37603
0.78125 -22.656 -0.46585
0.78125 -21.875 -0.57529
0.78125 -21.094 -0.56013
0.78125 -20.313 -0.54079
0.78125 -19.531 -0.56689
0.78125 -18.75 -0.51631
0.78125 -17.969 -0.35786
0.78125 -17.188 -0.24896
0.78125 -16.406 -0.22899
0.78125 -15.625 -0.2713
0.78125 -14.844 -0.1871
0.78125 -14.063 -0.14671
0.78125 -13.281 -0.025096
0.78125 -12.5 0.17049
0.78125 -11.719 0.27422
0.78125 -10.938 0.26618
0.78125 -10.156 0.1675
0.78125 -9.375 0.064534
0.78125 -8.5938 -0.063497
0.78125 -7.8125 -0.13557
0.78125 -7.0313 -0.28872
0.78125 -6.25 -0.45592
0.78125 -5.4688 -0.42473
0.78125 -4.6875 -0.38953
0.78125 -3.9063 -0.30293
0.78125 -3.125 -0.24937
0.78125 -2.3438 -0.09655
0.78125 -1.5625 0.13235
0.78125 -0.78125 0.34382
0.78125 0 0.47009
0.78125 0.78125 0.46003
0.78125 1.5625 0.32045
0.78125 2.3438 0.051329
0.78125 3.125 -0.19125
0.78125 3.9063 -0.38774
0.78125 4.6875 -0.4359
0.78125 5.4688 -0.42734
0.78125 6.25 -0.43181
0.78125 7.0313 -0.43568
0.78125 7.8125 -0.44757
0.78125 8.5938 -0.32411
0.78125 9.375 -0.18024
0.78125 10.156 0.046286
0.78125 10.938 0.23016
0.78125 11.719 0.33164
0.78125 12.5 0.29812
0.78125 13.281 0.18006
0.78125 14.063 -0.060113
0.78125 14.844 -0.28298
0.78125 15.625 -0.48452
0.78125 16.406 -0.60581
0.78125 17.188 -0.63728
0.78125 17.969 -0.60536
0.78125 18.75 -0.61709
0.78125 19.531 -0.64922
0.78125 20.313 -0.53568
0.78125 21.094 -0.37436
0.78125 21.875 -0.29384
0.78125 22.656 -0.30815
0.78125 23.438 -0.25977
0.78125 24.219 -0.25925
0.78125 25 -0.3012
1.5625 -24.219 -0.33294
1.5625 -23.438 -0.31377
1.5625 -22.656 -0.37075
1.5625 -21.875 -0.502
1.5625 -21.094 -0.50799
1.5625 -20.313 -0.44594
1.5625 -19.531 -0.38922
1.5625 -18.75 -0.33511
1.5625 -17.969 -0.23638
1.5625 -17.188 -0.18071
1.5625 -16.406 -0.17955
1.5625 -15.625 -0.15953
1.5625 -14.844 -0.012339
1.5625 -14.063 0.079011
1.5625 -13.281 0.22303
1.5625 -12.5 0.32611
1.5625 -11.719 0.3523
1.5625 -10.938 0.25141
1.5625 -10.156 0.17132
1.5625 -9.375 0.10538
1.5625 -8.5938 0.025784
1.5625 -7.8125 -0.087574
1.5625 -7.0313 -0.27752
1.5625 -6.25 -0.34849
1.5625 -5.4688 -0.32195
1.5625 -4.6875 -0.27973
1.5625 -3.9063 -0.25113
1.5625 -3.125 -0.23829
1.5625 -2.3438 -0.083073
1.5625 -1.5625 0.11138
1.5625 -0.78125 0.34763
1.5625 0 0.47021
1.5625 0.78125 0.42949
1.5625 1.5625 0.25326
1.5625 2.3438 -0.0064268
1.5625 3.125 -0.30555
1.5625 3.9063 -0.49579
1.5625 4.6875 -0.53244
1.5625 5.4688 -0.53298
1.5625 6.25 -0.53569
1.5625 7.0313 -0.48773
1.5625 7.8125 -0.39328
1.5625 8.5938 -0.24809
1.5625 9.375 -0.15156
1.5625 10.156 0.030381
1.5625 10.938 0.15558
1.5625 11.719 0.21454
1.5625 12.5 0.21504
1.5625 13.281 0.099743
1.5625 14.063 -0.12681
1.5625 14.844 -0.40485
1.5625 15.625 -0.52706
1.5625 16.406 -0.61887
1.5625 17.188 -0.59921
1.5625 17.969 -0.59493
1.5625 18.75 -0.56939
1.5625 19.531 -0.58632
1.5625 20.313 -0.51606
1.5625 21.094 -0.35639
1.5625 21.875 -0.23404
1.5625 22.656 -0.18442
1.5625 23.438 -0.15558
1.5625 24.219 -0.18751
1.5625 25 -0.26525
2.3438 -24.219 -0.30343
2.3438 -23.438 -0.29394
2.3438 -22.656 -0.29647
2.3438 -21.875 -0.37691
2.3438 -21.094 -0.39583
2.3438 -20.313 -0.29748
2.3438 -19.531 -0.24434
2.3438 -18.75 -0.20994
2.3438 -17.969 -0.17797
2.3438 -17.188 -0.1146
2.3438 -16.406 -0.056762
2.3438 -15.625 -0.030143
2.3438 -14.844 0.085425
2.3438 -14.063 0.25767
2.3438 -13.281 0.37855
2.3438 -12.5 0.4641
2.3438 -11.719 0.41112
2.3438 -10.938 0.29942
2.3438 -10.156 0.1966
2.3438 -9.375 0.16386
2.3438 -8.5938 0.14079
2.3438 -7.8125 -0.077391
2.3438 -7.0313 -0.19973
2.3438 -6.25 -0.24199
2.3438 -5.4688 -0.20388
2.3438 -4.6875 -0.18347
2.3438 -3.9063 -0.16735
2.3438 -3.125 -0.15258
2.3438 -2.3438 -0.015539
2.3438 -1.5625 0.15028
2.3438 -0.78125 0.36731
2.3438 0 0.42985
2.3438 0.78125 0.38492
2.3438 1.5625 0.17916
2.3438 2.3438 -0.027288
2.3438 3.125 -0.35098
2.3438 3.9063 -0.53628
2.3438 4.6875 -0.56872
2.3438 5.4688 -0.55021
2.3438 6.25 -0.53649
2.3438 7.0313 -0.4808
2.3438 7.8125 -0.32496
2.3438 8.5938 -0.19019
2.3438 9.375 -0.15205
2.3438 10.156 -0.021009
2.3438 10.938 0.088223
2.3438 11.719 0.14749
2.3438 12.5 0.08501
2.3438 13.281 -0.012047
2.3438 14.063 -0.17662
2.3438 14.844 -0.42678
2.3438 15.625 -0.509
2.3438 16.406 -0.56571
2.3438 17.188 -0.57407
2.3438 17.969 -0.54494
2.3438 18.75 -0.53215
2.3438 19.531 -0.5006
2.3438 20.313 -0.42572
2.3438 21.094 -0.29198
2.3438 21.875 -0.13229
2.3438 22.656 -0.098028
2.3438 23.438 -0.11002
2.3438 24.219 -0.10164
2.3438 25 -0.19312
3.125 -24.219 -0.25776
3.125 -23.438 -0.26338
3.125 -22.656 -0.23095
3.125 -21.875 -0.28116
3.125 -21.094 -0.25753
3.125 -20.313 -0.14064
3.125 -19.531 -0.12133
3.125 -18.75 -0.092832
3.125 -17.969 -0.075216
3.125 -17.188 -0.035913
3.125 -16.406 0.043688
3.125 -15.625 0.039702
3.125 -14.844 0.13446
3.125 -14.063 0.30286
3.125 -13.281 0.44324
3.125 -12.5 0.54244
3.125 -11.719 0.4865
3.125 -10.938 0.32786
3.125 -10.156 0.23422
3.125 -9.375 0.23333
3.125 -8.5938 0.15165
3.125 -7.8125 0.014304
3.125 -7.0313 -0.071595
3.125 -6.25 -0.12702
3.125 -5.4688 -0.1006
3.125 -4.6875 -0.10622
3.125 -3.9063 -0.19259
3.125 -3.125 -0.11852
3.125 -2.3438 0.062192
3.125 -1.5625 0.16872
3.125 -0.78125 0.30938
3.125 0 0.42425
3.125 0.78125 0.2983
3.125 1.5625 0.12359
3.125 2.3438 -0.048431
3.125 3.125 -0.34793
3.125 3.9063 -0.48624
3.125 4.6875 -0.50854
3.125 5.4688 -0.4963
3.125 6.25 -0.52111
3.125 7.0313 -0.50225
3.125 7.8125 -0.35606
3.125 8.5938 -0.19228
3.125 9.375 -0.11761
3.125 10.156 -0.016059
3.125 10.938 0.097627
3.125 11.719 0.12283
3.125 12.5 0.06401
3.125 13.281 -0.066082
3.125 14.063 -0.24441
3.125 14.844 -0.41692
3.125 15.625 -0.48868
3.125 16.406 -0.48963
3.125 17.188 -0.53578
3.125 17.969 -0.50345
3.125 18.75 -0.46804
3.125 19.531 -0.38413
3.125 20.313 -0.2573
3.125 21.094 -0.14814
3.125 21.875 -0.040873
3.125 22.656 -0.006918
3.125 23.438 -0.042783
3.125 24.219 -0.061355
3.125 25 -0.14056
3.9063 -24.219 -0.15714
3.9063 -23.438 -0.16469
3.9063 -22.656 -0.14309
3.9063 -21.875 -0.21122
3.9063 -21.094 -0.12675
3.9063 -20.313 -0.022265
3.9063 -19.531 0.030617
3.9063 -18.75 0.071358
3.9063 -17.969 0.071716
3.9063 -17.188 0.051936
3.9063 -16.406 0.1115
3.9063 -15.625 0.1213
3.9063 -14.844 0.20414
3.9063 -14.063 0.35949
3.9063 -13.281 0.47305
3.9063 -12.5 0.51675
3.9063 -11.719 0.44846
3.9063 -10.938 0.31082
3.9063 -10.156 0.23874
3.9063 -9.375 0.22858
3.9063 -8.5938 0.1541
3.9063 -7.8125 0.084607
3.9063 -7.0313 -0.012472
3.9063 -6.25 -0.067364
3.9063 -5.4688 -0.08
3.9063 -4.6875 -0.099907
3.9063 -3.9063 -0.17218
3.9063 -3.125 -0.089774
3.9063 -2.3438 0.10037
3.9063 -1.5625 0.20963
3.9063 -0.78125 0.35671
3.9063 0 0.40934
3.9063 0.78125 0.23317
3.9063 1.5625 0.051625
3.9063 2.3438 -0.1479
3.9063 3.125 -0.4038
3.9063 3.9063 -0.50727
3.9063 4.6875 -0.48834
3.9063 5.4688 -0.51304
3.9063 6.25 -0.53539
3.9063 7.0313 -0.54818
3.9063 7.8125 -0.40499
3.9063 8.5938 -0.15251
3.9063 9.375 -0.038769
3.9063 10.156 0.037374
3.9063 10.938 0.087748
3.9063 11.719 0.075806
3.9063 12.5 0.021183
3.9063 13.281 -0.094847
3.9063 14.063 -0.30081
3.9063 14.844 -0.45417
3.9063 15.625 -0.52038
3.9063 16.406 -0.45759
3.9063 17.188 -0.45527
3.9063 17.969 -0.43781
3.9063 18.75 -0.3684
3.9063 19.531 -0.24436
3.9063 20.313 -0.086328
3.9063 21.094 0.032966
3.9063 21.875 0.098024
3.9063 22.656 0.14939
3.9063 23.438 0.046771
3.9063 24.219 -0.019284
3.9063 25 -0.083508
4.6875 -24.219 0.017243
4.6875 -23.438 0.014114
4.6875 -22.656 -0.018915
4.6875 -21.875 -0.1163
4.6875 -21.094 -0.023421
4.6875 -20.313 0.078362
4.6875 -19.531 0.14211
4.6875 -18.75 0.22798
4.6875 -17.969 0.19731
4.6875 -17.188 0.18509
4.6875 -16.406 0.15281
4.6875 -15.625 0.21419
4.6875 -14.844 0.28032
4.6875 -14.063 0.35578
4.6875 -13.281 0.49664
4.6875 -12.5 0.47867
4.6875 -11.719 0.36493
4.6875 -10.938 0.27461
4.6875 -10.156 0.23433
4.6875 -9.375 0.16716
4.6875 -8.5938 0.13987
4.6875 -7.8125 0.054501
4.6875 -7.0313 -0.074241
4.6875 -6.25 -0.10219
4.6875 -5.4688 -0.14951
4.6875 -4.6875 -0.14142
4.6875 -3.9063 -0.16599
4.6875 -3.125 -0.091127
4.6875 -2.3438 0.12543
4.6875 -1.5625 0.26398
4.6875 -0.78125 0.33715
4.6875 0 0.32507
4.6875 0.78125 0.12219
4.6875 1.5625 -0.038737
4.6875 2.3438 -0.21094
4.6875 3.125 -0.40625
4.6875 3.9063 -0.5167
4.6875 4.6875 -0.54816
4.6875 5.4688 -0.57198
4.6875 6.25 -0.60839
4.6875 7.0313 -0.5665
4.6875 7.8125 -0.3918
4.6875 8.5938 -0.1614
4.6875 9.375 0.0015066
4.6875 10.156 0.033654
4.6875 10.938 0.098195
4.6875 11.719 0.091186
4.6875 12.5 0.00055459
4.6875 13.281 -0.11027
4.6875 14.063 -0.29144
4.6875 14.844 -0.45794
4.6875 15.625 -0.546
4.6875 16.406 -0.40751
4.6875 17.188 -0.36659
4.6875 17.969 -0.30271
4.6875 18.75 -0.24065
4.6875 19.531 -0.099603
4.6875 20.313 0.097918
4.6875 21.094 0.25953
4.6875 21.875 0.33144
4.6875 22.656 0.30877
4.6875 23.438 0.15306
4.6875 24.219 0.028698
4.6875 25 0.0030141
5.4688 -24.219 0.14216
5.4688 -23.438 0.13974
5.4688 -22.656 0.1008
5.4688 -21.875 0.017935
5.4688 -21.094 0.064342
5.4688 -20.313 0.16963
5.4688 -19.531 0.27258
5.4688 -18.75 0.35812
5.4688 -17.969 0.30116
5.4688 -17.188 0.25431
5.4688 -16.406 0.22622
5.4688 -15.625 0.21426
5.4688 -14.844 0.30358
5.4688 -14.063 0.32506
5.4688 -13.281 0.42787
5.4688 -12.5 0.46509
5.4688 -11.719 0.34514
5.4688 -10.938 0.23018
5.4688 -10.156 0.129
5.4688 -9.375 0.090578
5.4688 -8.5938 0.037894
5.4688 -7.8125 -0.041813
5.4688 -7.0313 -0.1693
5.4688 -6.25 -0.2263
5.4688 -5.4688 -0.20478
5.4688 -4.6875 -0.15618
5.4688 -3.9063 -0.18516
5.4688 -3.125 -0.10853
5.4688 -2.3438 0.12617
5.4688 -1.5625 0.26495
5.4688 -0.78125 0.29328
5.4688 0 0.20129
5.4688 0.78125 -0.021157
5.4688 1.5625 -0.14947
5.4688 2.3438 -0.29371
5.4688 3.125 -0.39072
5.4688 3.9063 -0.51485
5.4688 4.6875 -0.55837
5.4688 5.4688 -0.61971
5.4688 6.25 -0.62418
5.4688 7.0313 -0.56858
5.4688 7.8125 -0.34747
5.4688 8.5938 -0.13113
5.4688 9.375 0.037105
5.4688 10.156 0.04527
5.4688 10.938 0.094065
5.4688 11.719 0.09561
5.4688 12.5 0.0322
5.4688 13.281 -0.06798
5.4688 14.063 -0.248
5.4688 14.844 -0.44087
5.4688 15.625 -0.48842
5.4688 16.406 -0.39088
5.4688 17.188 -0.2961
5.4688 17.969 -0.17234
5.4688 18.75 -0.090828
5.4688 19.531 0.10242
5.4688 20.313 0.30215
5.4688 21.094 0.45391
5.4688 21.875 0.55324
5.4688 22.656 0.53977
5.4688 23.438 0.35758
5.4688 24.219 0.16326
5.4688 25 0.1228
6.25 -24.219 0.21039
6.25 -23.438 0.19555
6.25 -22.656 0.16535
6.25 -21.875 0.13845
6.25 -21.094 0.18638
6.25 -20.313 0.25405
6.25 -19.531 0.33266
6.25 -18.75 0.37798
6.25 -17.969 0.38935
6.25 -17.188 0.37084
6.25 -16.406 0.30866
6.25 -15.625 0.26092
6.25 -14.844 0.26836
6.25 -14.063 0.29942
6.25 -13.281 0.33886
6.25 -12.5 0.33978
6.25 -11.719 0.32527
6.25 -10.938 0.19833
6.25 -10.156 0.034952
6.25 -9.375 -0.034161
6.25 -8.5938 -0.079608
6.25 -7.8125 -0.11642
6.25 -7.0313 -0.24522
6.25 -6.25 -0.35733
6.25 -5.4688 -0.29507
6.25 -4.6875 -0.18764
6.25 -3.9063 -0.2241
6.25 -3.125 -0.15628
6.25 -2.3438 0.067336
6.25 -1.5625 0.22253
6.25 -0.78125 0.19957
6.25 0 0.11958
6.25 0.78125 -0.12085
6.25 1.5625 -0.2815
6.25 2.3438 -0.38864
6.25 3.125 -0.44833
6.25 3.9063 -0.4945
6.25 4.6875 -0.58391
6.25 5.4688 -0.63728
6.25 6.25 -0.62855
6.25 7.0313 -0.5134
6.25 7.8125 -0.30912
6.25 8.5938 -0.091254
6.25 9.375 0.072601
6.25 10.156 0.062002
6.25 10.938 0.075466
6.25 11.719 0.093449
6.25 12.5 0.036165
6.25 13.281 -0.051496
6.25 14.063 -0.28817
6.25 14.844 -0.45165
6.25 15.625 -0.43367
6.25 16.406 -0.34651
6.25 17.188 -0.19393
6.25 17.969 -0.03655
6.25 18.75 0.11371
6.25 19.531 0.29127
6.25 20.313 0.46828
6.25 21.094 0.60721
6.25 21.875 0.69611
6.25 22.656 0.6942
6.25 23.438 0.47883
6.25 24.219 0.28818
6.25 25 0.26033
7.0313 -24.219 0.23635
7.0313 -23.438 0.21123
7.0313 -22.656 0.20463
7.0313 -21.875 0.16943
7.0313 -21.094 0.26936
7.0313 -20.313 0.30596
7.0313 -19.531 0.30485
7.0313 -18.75 0.33236
7.0313 -17.969 0.33921
7.0313 -17.188 0.37034
7.0313 -16.406 0.32661
7.0313 -15.625 0.2517
7.0313 -14.844 0.1733
7.0313 -14.063 0.19025
7.0313 -13.281 0.22471
7.0313 -12.5 0.21934
7.0313 -11.719 0.20372
7.0313 -10.938 0.10658
7.0313 -10.156 0.0014728
7.0313 -9.375 -0.13138
7.0313 -8.5938 -0.22847
7.0313 -7.8125 -0.25602
7.0313 -7.0313 -0.31629
7.0313 -6.25 -0.40864
7.0313 -5.4688 -0.39089
7.0313 -4.6875 -0.31079
7.0313 -3.9063 -0.31877
7.0313 -3.125 -0.19797
7.0313 -2.3438 -0.058534
7.0313 -1.5625 0.10077
7.0313 -0.78125 0.11229
7.0313 0 0.04588
7.0313 0.78125 -0.17618
7.0313 1.5625 -0.38103
7.0313 2.3438 -0.47116
7.0313 3.125 -0.48621
7.0313 3.9063 -0.48009
7.0313 4.6875 -0.58091
7.0313 5.4688 -0.58442
7.0313 6.25 -0.52526
7.0313 7.0313 -0.44523
7.0313 7.8125 -0.28122
7.0313 8.5938 -0.0371
7.0313 9.375 0.1464
7.0313 10.156 0.14965
7.0313 10.938 0.15825
7.0313 11.719 0.11252
7.0313 12.5 0.044441
7.0313 13.281 -0.13787
7.0313 14.063 -0.32351
7.0313 14.844 -0.42604
7.0313 15.625 -0.40527
7.0313 16.406 -0.28357
7.0313 17.188 -0.12304
7.0313 17.969 0.057552
7.0313 18.75 0.22833
7.0313 19.531 0.37796
7.0313 20.313 0.53522
7.0313 21.094 0.71709
7.0313 21.875 0.76756
7.0313 22.656 0.73415
7.0313 23.438 0.57146
7.0313 24.219 0.41887
7.0313 25 0.31417
7.8125 -24.219 0.30464
7.8125 -23.438 0.27757
7.8125 -22.656 0.25249
7.8125 -21.875 0.22591
7.8125 -21.094 0.3076
7.8125 -20.313 0.35372
7.8125 -19.531 0.30503
7.8125 -18.75 0.32256
7.8125 -17.969 0.25528
7.8125 -17.188 0.27007
7.8125 -16.406 0.23547
7.8125 -15.625 0.15558
7.8125 -14.844 0.088399
7.8125 -14.063 0.10432
7.8125 -13.281 0.12242
7.8125 -12.5 0.073749
7.8125 -11.719 0.044766
7.8125 -10.938 -0.0031459
7.8125 -10.156 -0.096153
7.8125 -9.375 -0.16273
7.8125 -8.5938 -0.30218
7.8125 -7.8125 -0.37197
7.8125 -7.0313 -0.35198
7.8125 -6.25 -0.41825
7.8125 -5.4688 -0.45904
7.8125 -4.6875 -0.4528
7.8125 -3.9063 -0.44178
7.8125 -3.125 -0.31346
7.8125 -2.3438 -0.19406
7.8125 -1.5625 -0.027089
7.8125 -0.78125 0.063382
7.8125 0 0.026164
7.8125 0.78125 -0.18093
7.8125 1.5625 -0.3999
7.8125 2.3438 -0.48918
7.8125 3.125 -0.53975
7.8125 3.9063 -0.54883
7.8125 4.6875 -0.55915
7.8125 5.4688 -0.56503
7.8125 6.25 -0.42914
7.8125 7.0313 -0.32955
7.8125 7.8125 -0.19762
7.8125 8.5938 0.060473
7.8125 9.375 0.20273
7.8125 10.156 0.24625
7.8125 10.938 0.24829
7.8125 11.719 0.19727
7.8125 12.5 0.052542
7.8125 13.281 -0.13429
7.8125 14.063 -0.24976
7.8125 14.844 -0.34064
7.8125 15.625 -0.33826
7.8125 16.406 -0.18796
7.8125 17.188 -0.048473
7.8125 17.969 0.14018
7.8125 18.75 0.30188
7.8125 19.531 0.46384
7.8125 20.313 0.59373
7.8125 21.094 0.75957
7.8125 21.875 0.78173
7.8125 22.656 0.69393
7.8125 23.438 0.57723
7.8125 24.219 0.48797
7.8125 25 0.38
8.5938 -24.219 0.2642
8.5938 -23.438 0.26404
8.5938 -22.656 0.23081
8.5938 -21.875 0.22476
8.5938 -21.094 0.25005
8.5938 -20.313 0.27081
8.5938 -19.531 0.27974
8.5938 -18.75 0.30606
8.5938 -17.969 0.20492
8.5938 -17.188 0.18794
8.5938 -16.406 0.13531
8.5938 -15.625 0.10655
8.5938 -14.844 0.046364
8.5938 -14.063 0.088446
8.5938 -13.281 0.058039
8.5938 -12.5 -0.086632
8.5938 -11.719 -0.13616
8.5938 -10.938 -0.14376
8.5938 -10.156 -0.19552
8.5938 -9.375 -0.25904
8.5938 -8.5938 -0.36138
8.5938 -7.8125 -0.42713
8.5938 -7.0313 -0.41595
8.5938 -6.25 -0.46102
8.5938 -5.4688 -0.50583
8.5938 -4.6875 -0.54294
8.5938 -3.9063 -0.49377
8.5938 -3.125 -0.40131
8.5938 -2.3438 -0.21291
8.5938 -1.5625 -0.055071
8.5938 -0.78125 0.065549
8.5938 0 -0.00057908
8.5938 0.78125 -0.21106
8.5938 1.5625 -0.3926
8.5938 2.3438 -0.4631
8.5938 3.125 -0.56295
8.5938 3.9063 -0.61593
8.5938 4.6875 -0.59653
8.5938 5.4688 -0.5261
8.5938 6.25 -0.3644
8.5938 7.0313 -0.24815
8.5938 7.8125 -0.115
8.5938 8.5938 0.1394
8.5938 9.375 0.28207
8.5938 10.156 0.34152
8.5938 10.938 0.30679
8.5938 11.719 0.21244
8.5938 12.5 0.086195
8.5938 13.281 -0.058245
8.5938 14.063 -0.15088
8.5938 14.844 -0.20168
8.5938 15.625 -0.22736
8.5938 16.406 -0.16429
8.5938 17.188 -0.01659
8.5938 17.969 0.18709
8.5938 18.75 0.33734
8.5938 19.531 0.45827
8.5938 20.313 0.62249
8.5938 21.094 0.77732
8.5938 21.875 0.78438
8.5938 22.656 0.68024
8.5938 23.438 0.52495
8.5938 24.219 0.45015
8.5938 25 0.39259
9.375 -24.219 0.20194
9.375 -23.438 0.16423
9.375 -22.656 0.13932
9.375 -21.875 0.16796
9.375 -21.094 0.17665
9.375 -20.313 0.17867
9.375 -19.531 0.17521
9.375 -18.75 0.13646
9.375 -17.969 0.11685
9.375 -17.188 0.13123
9.375 -16.406 0.13912
9.375 -15.625 0.11142
9.375 -14.844 0.067036
9.375 -14.063 0.014522
9.375 -13.281 -0.11595
9.375 -12.5 -0.25331
9.375 -11.719 -0.33208
9.375 -10.938 -0.3034
9.375 -10.156 -0.25152
9.375 -9.375 -0.30617
9.375 -8.5938 -0.41408
9.375 -7.8125 -0.48806
9.375 -7.0313 -0.46835
9.375 -6.25 -0.51699
9.375 -5.4688 -0.53582
9.375 -4.6875 -0.54401
9.375 -3.9063 -0.47635
9.375 -3.125 -0.36173
9.375 -2.3438 -0.18823
9.375 -1.5625 -0.014926
9.375 -0.78125 0.047835
9.375 0 -0.087007
9.375 0.78125 -0.2757
9.375 1.5625 -0.39259
9.375 2.3438 -0.43621
9.375 3.125 -0.49424
9.375 3.9063 -0.60105
9.375 4.6875 -0.57399
9.375 5.4688 -0.44749
9.375 6.25 -0.31539
9.375 7.0313 -0.19816
9.375 7.8125 -0.054963
9.375 8.5938 0.14985
9.375 9.375 0.27657
9.375 10.156 0.3546
9.375 10.938 0.3349
9.375 11.719 0.21531
9.375 12.5 0.11781
9.375 13.281 -0.037921
9.375 14.063 -0.12737
9.375 14.844 -0.19146
9.375 15.625 -0.19341
9.375 16.406 -0.18508
9.375 17.188 -0.072006
9.375 17.969 0.12796
9.375 18.75 0.28714
9.375 19.531 0.45907
9.375 20.313 0.65938
9.375 21.094 0.76814
9.375 21.875 0.76687
9.375 22.656 0.65219
9.375 23.438 0.52306
9.375 24.219 0.40637
9.375 25 0.257
10.156 -24.219 0.18417
10.156 -23.438 0.12845
10.156 -22.656 0.058924
10.156 -21.875 0.0658
10.156 -21.094 0.068943
10.156 -20.313 0.092863
10.156 -19.531 0.069083
10.156 -18.75 0.0098398
10.156 -17.969 0.017593
10.156 -17.188 0.10752
10.156 -16.406 0.14905
10.156 -15.625 0.14625
10.156 -14.844 0.056532
10.156 -14.063 -0.039561
10.156 -13.281 -0.19705
10.156 -12.5 -0.33246
10.156 -11.719 -0.408
10.156 -10.938 -0.38685
10.156 -10.156 -0.30534
10.156 -9.375 -0.30012
10.156 -8.5938 -0.43145
10.156 -7.8125 -0.54354
10.156 -7.0313 -0.53199
10.156 -6.25 -0.54657
10.156 -5.4688 -0.57827
10.156 -4.6875 -0.58156
10.156 -3.9063 -0.46876
10.156 -3.125 -0.27259
10.156 -2.3438 -0.10613
10.156 -1.5625 0.022132
10.156 -0.78125 -0.0017665
10.156 0 -0.13683
10.156 0.78125 -0.31912
10.156 1.5625 -0.39374
10.156 2.3438 -0.42509
10.156 3.125 -0.4849
10.156 3.9063 -0.54014
10.156 4.6875 -0.47046
10.156 5.4688 -0.34451
10.156 6.25 -0.20704
10.156 7.0313 -0.10573
10.156 7.8125 0.047737
10.156 8.5938 0.17567
10.156 9.375 0.28766
10.156 10.156 0.35371
10.156 10.938 0.30089
10.156 11.719 0.25353
10.156 12.5 0.11666
10.156 13.281 -0.052315
10.156 14.063 -0.11947
10.156 14.844 -0.19751
10.156 15.625 -0.1964
10.156 16.406 -0.17255
10.156 17.188 -0.087184
10.156 17.969 0.049092
10.156 18.75 0.24425
10.156 19.531 0.44175
10.156 20.313 0.58926
10.156 21.094 0.67153
10.156 21.875 0.65478
10.156 22.656 0.54246
10.156 23.438 0.45614
10.156 24.219 0.34655
10.156 25 0.2293
10.938 -24.219 0.12796
10.938 -23.438 0.11116
10.938 -22.656 0.049683
10.938 -21.875 -0.02234
10.938 -21.094 -0.0023483
10.938 -20.313 0.017519
10.938 -19.531 0.019732
10.938 -18.75 -0.015308
10.938 -17.969 -0.0097084
10.938 -17.188 0.09728
10.938 -16.406 0.12207
10.938 -15.625 0.11146
10.938 -14.844 0.055558
10.938 -14.063 -0.071675
10.938 -13.281 -0.18759
10.938 -12.5 -0.26824
10.938 -11.719 -0.39594
10.938 -10.938 -0.40247
10.938 -10.156 -0.35809
10.938 -9.375 -0.32805
10.938 -8.5938 -0.43424
10.938 -7.8125 -0.53587
10.938 -7.0313 -0.55764
10.938 -6.25 -0.62827
10.938 -5.4688 -0.61622
10.938 -4.6875 -0.60626
10.938 -3.9063 -0.44095
10.938 -3.125 -0.19442
10.938 -2.3438 -0.0056572
10.938 -1.5625 0.015448
10.938 -0.78125 -0.055574
10.938 0 -0.20799
10.938 0.78125 -0.34844
10.938 1.5625 -0.44978
10.938 2.3438 -0.44042
10.938 3.125 -0.49793
10.938 3.9063 -0.44745
10.938 4.6875 -0.33881
10.938 5.4688 -0.17234
10.938 6.25 -0.066194
10.938 7.0313 -0.00098676
10.938 7.8125 0.097244
10.938 8.5938 0.21296
10.938 9.375 0.30903
10.938 10.156 0.31794
10.938 10.938 0.29264
10.938 11.719 0.21842
10.938 12.5 0.12729
10.938 13.281 -0.057336
10.938 14.063 -0.16264
10.938 14.844 -0.21238
10.938 15.625 -0.19122
10.938 16.406 -0.1685
10.938 17.188 -0.06073
10.938 17.969 0.038304
10.938 18.75 0.18985
10.938 19.531 0.39413
10.938 20.313 0.49759
10.938 21.094 0.5639
10.938 21.875 0.56006
10.938 22.656 0.46899
10.938 23.438 0.33367
10.938 24.219 0.23496
10.938 25 0.19337
11.719 -24.219 0.0072417
11.719 -23.438 0.028114
11.719 -22.656 0.038718
11.719 -21.875 -0.011382
11.719 -21.094 -0.044617
11.719 -20.313 -0.018389
11.719 -19.531 -0.020558
11.719 -18.75 -0.023144
11.719 -17.969 0.043285
11.719 -17.188 0.092328
11.719 -16.406 0.082168
11.719 -15.625 0.051777
11.719 -14.844 0.054422
11.719 -14.063 -0.058883
11.719 -13.281 -0.17466
11.719 -12.5 -0.24796
11.719 -11.719 -0.34153
11.719 -10.938 -0.35853
11.719 -10.156 -0.32526
11.719 -9.375 -0.2865
11.719 -8.5938 -0.3978
11.719 -7.8125 -0.48701
11.719 -7.0313 -0.53402
11.719 -6.25 -0.59706
11.719 -5.4688 -0.61796
11.719 -4.6875 -0.5764
11.719 -3.9063 -0.39222
11.719 -3.125 -0.10391
11.719 -2.3438 0.019921
11.719 -1.5625 -0.013339
11.719 -0.78125 -0.10542
11.719 0 -0.28931
11.719 0.78125 -0.38867
11.719 1.5625 -0.45696
11.719 2.3438 -0.48726
11.719 3.125 -0.49594
11.719 3.9063 -0.37196
11.719 4.6875 -0.22857
11.719 5.4688 -0.03937
11.719 6.25 0.019599
11.719 7.0313 0.022681
11.719 7.8125 0.084417
11.719 8.5938 0.22729
11.719 9.375 0.34405
11.719 10.156 0.30026
11.719 10.938 0.2645
11.719 11.719 0.16831
11.719 12.5 0.035784
11.719 13.281 -0.16164
11.719 14.063 -0.24976
11.719 14.844 -0.25532
11.719 15.625 -0.19735
11.719 16.406 -0.16333
11.719 17.188 -0.023721
11.719 17.969 0.090192
11.719 18.75 0.19782
11.719 19.531 0.37893
11.719 20.313 0.43449
11.719 21.094 0.44257
11.719 21.875 0.46012
11.719 22.656 0.3934
11.719 23.438 0.28183
11.719 24.219 0.16748
11.719 25 0.079987
12.5 -24.219 -0.079069
12.5 -23.438 -0.057512
12.5 -22.656 -0.042972
12.5 -21.875 -0.10349
12.5 -21.094 -0.12704
12.5 -20.313 -0.072252
12.5 -19.531 -0.094642
12.5 -18.75 -0.087531
12.5 -17.969 0.030757
12.5 -17.188 0.06184
12.5 -16.406 0.039668
12.5 -15.625 0.011635
12.5 -14.844 0.037362
12.5 -14.063 -0.085509
12.5 -13.281 -0.21167
12.5 -12.5 -0.20154
12.5 -11.719 -0.27498
12.5 -10.938 -0.29657
12.5 -10.156 -0.21408
12.5 -9.375 -0.24342
12.5 -8.5938 -0.41125
12.5 -7.8125 -0.44484
12.5 -7.0313 -0.45822
12.5 -6.25 -0.51145
12.5 -5.4688 -0.54424
12.5 -4.6875 -0.46215
12.5 -3.9063 -0.26927
12.5 -3.125 -0.046438
12.5 -2.3438 0.033848
12.5 -1.5625 0.010434
12.5 -0.78125 -0.068061
12.5 0 -0.27401
12.5 0.78125 -0.3934
12.5 1.5625 -0.4779
12.5 2.3438 -0.52946
12.5 3.125 -0.51934
12.5 3.9063 -0.41632
12.5 4.6875 -0.19974
12.5 5.4688 0.04124
12.5 6.25 0.14226
12.5 7.0313 0.04221
12.5 7.8125 0.11845
12.5 8.5938 0.28287
12.5 9.375 0.34696
12.5 10.156 0.29538
12.5 10.938 0.27961
12.5 11.719 0.1719
12.5 12.5 -0.022132
12.5 13.281 -0.21333
12.5 14.063 -0.3212
12.5 14.844 -0.32951
12.5 15.625 -0.24023
12.5 16.406 -0.16582
12.5 17.188 -0.03443
12.5 17.969 0.12252
12.5 18.75 0.19429
12.5 19.531 0.28422
12.5 20.313 0.34976
12.5 21.094 0.34036
12.5 21.875 0.31641
12.5 22.656 0.2756
12.5 23.438 0.16338
12.5 24.219 0.051504
12.5 25 -0.0090075
13.281 -24.219 -0.078655
13.281 -23.438 -0.0991
13.281 -22.656 -0.09316
13.281 -21.875 -0.1199
13.281 -21.094 -0.1832
13.281 -20.313 -0.17668
13.281 -19.531 -0.12025
13.281 -18.75 -0.090977
13.281 -17.969 -0.0042561
13.281 -17.188 0.069288
13.281 -16.406 0.043977
13.281 -15.625 -0.019553
13.281 -14.844 -0.05239
13.281 -14.063 -0.11362
13.281 -13.281 -0.18606
13.281 -12.5 -0.21359
13.281 -11.719 -0.30154
13.281 -10.938 -0.27509
13.281 -10.156 -0.22374
13.281 -9.375 -0.26181
13.281 -8.5938 -0.36278
13.281 -7.8125 -0.39088
13.281 -7.0313 -0.41298
13.281 -6.25 -0.41737
13.281 -5.4688 -0.32685
13.281 -4.6875 -0.27538
13.281 -3.9063 -0.11479
13.281 -3.125 -0.022316
13.281 -2.3438 -0.015846
13.281 -1.5625 0.014064
13.281 -0.78125 -0.042698
13.281 0 -0.21422
13.281 0.78125 -0.41265
13.281 1.5625 -0.52634
13.281 2.3438 -0.57135
13.281 3.125 -0.52555
13.281 3.9063 -0.40034
13.281 4.6875 -0.18113
13.281 5.4688 0.055254
13.281 6.25 0.13644
13.281 7.0313 0.12119
13.281 7.8125 0.19311
13.281 8.5938 0.24779
13.281 9.375 0.25543
13.281 10.156 0.26384
13.281 10.938 0.23021
13.281 11.719 0.1085
13.281 12.5 -0.039762
13.281 13.281 -0.17677
13.281 14.063 -0.2922
13.281 14.844 -0.29701
13.281 15.625 -0.22068
13.281 16.406 -0.14645
13.281 17.188 -0.047575
13.281 17.969 0.10948
13.281 18.75 0.14057
13.281 19.531 0.1594
13.281 20.313 0.24225
13.281 21.094 0.23606
13.281 21.875 0.19444
13.281 22.656 0.17432
13.281 23.438 0.091651
13.281 24.219 -0.033783
13.281 25 -0.10375
14.063 -24.219 -0.1179
14.063 -23.438 -0.13243
14.063 -22.656 -0.12584
14.063 -21.875 -0.17864
14.063 -21.094 -0.26801
14.063 -20.313 -0.27619
14.063 -19.531 -0.19853
14.063 -18.75 -0.14074
14.063 -17.969 -0.037402
14.063 -17.188 0.082442
14.063 -16.406 0.022998
14.063 -15.625 -0.070874
14.063 -14.844 -0.11423
14.063 -14.063 -0.12148
14.063 -13.281 -0.18593
14.063 -12.5 -0.30595
14.063 -11.719 -0.3166
14.063 -10.938 -0.28893
14.063 -10.156 -0.30384
14.063 -9.375 -0.29538
14.063 -8.5938 -0.32064
14.063 -7.8125 -0.31952
14.063 -7.0313 -0.37872
14.063 -6.25 -0.34751
14.063 -5.4688 -0.20781
14.063 -4.6875 -0.09756
14.063 -3.9063 -0.028469
14.063 -3.125 0.0093508
14.063 -2.3438 0.0065625
14.063 -1.5625 0.043804
14.063 -0.78125 -0.0016149
14.063 0 -0.1704
14.063 0.78125 -0.36029
14.063 1.5625 -0.49031
14.063 2.3438 -0.51314
14.063 3.125 -0.43995
14.063 3.9063 -0.34103
14.063 4.6875 -0.19134
14.063 5.4688 0.0090035
14.063 6.25 0.099734
14.063 7.0313 0.14482
14.063 7.8125 0.20009
14.063 8.5938 0.1799
14.063 9.375 0.19458
14.063 10.156 0.19334
14.063 10.938 0.16122
14.063 11.719 0.061301
14.063 12.5 -0.064749
14.063 13.281 -0.15431
14.063 14.063 -0.23265
14.063 14.844 -0.29498
14.063 15.625 -0.22121
14.063 16.406 -0.16744
14.063 17.188 -0.065555
14.063 17.969 0.032266
14.063 18.75 0.02821
14.063 19.531 0.052872
14.063 20.313 0.11965
14.063 21.094 0.094705
14.063 21.875 0.091119
14.063 22.656 0.062171
14.063 23.438 -0.04157
14.063 24.219 -0.11986
14.063 25 -0.16848
14.844 -24.219 -0.13732
14.844 -23.438 -0.15502
14.844 -22.656 -0.16207
14.844 -21.875 -0.25491
14.844 -21.094 -0.34457
14.844 -20.313 -0.29616
14.844 -19.531 -0.20506
14.844 -18.75 -0.14466
14.844 -17.969 -0.082262
14.844 -17.188 0.0086991
14.844 -16.406 -0.01706
14.844 -15.625 -0.060394
14.844 -14.844 -0.13213
14.844 -14.063 -0.16532
14.844 -13.281 -0.21883
14.844 -12.5 -0.26368
14.844 -11.719 -0.28967
14.844 -10.938 -0.35861
14.844 -10.156 -0.31593
14.844 -9.375 -0.29163
14.844 -8.5938 -0.30606
14.844 -7.8125 -0.27943
14.844 -7.0313 -0.29943
14.844 -6.25 -0.22055
14.844 -5.4688 -0.049893
14.844 -4.6875 0.048925
14.844 -3.9063 0.026807
14.844 -3.125 0.052353
14.844 -2.3438 0.092222
14.844 -1.5625 0.07554
14.844 -0.78125 0.028299
14.844 0 -0.1128
14.844 0.78125 -0.22236
14.844 1.5625 -0.38103
14.844 2.3438 -0.41269
14.844 3.125 -0.35651
14.844 3.9063 -0.24737
14.844 4.6875 -0.13384
14.844 5.4688 0.021266
14.844 6.25 0.10902
14.844 7.0313 0.15556
14.844 7.8125 0.16535
14.844 8.5938 0.11594
14.844 9.375 0.12003
14.844 10.156 0.072448
14.844 10.938 0.050604
14.844 11.719 0.0065788
14.844 12.5 -0.037822
14.844 13.281 -0.11904
14.844 14.063 -0.2308
14.844 14.844 -0.26332
14.844 15.625 -0.20437
14.844 16.406 -0.14578
14.844 17.188 -0.096737
14.844 17.969 -0.050566
14.844 18.75 -0.068184
14.844 19.531 -0.077077
14.844 20.313 -0.015355
14.844 21.094 -0.059487
14.844 21.875 -0.096622
14.844 22.656 -0.10847
14.844 23.438 -0.18504
14.844 24.219 -0.17573
14.844 25 -0.13951
15.625 -24.219 -0.15615
15.625 -23.438 -0.21557
15.625 -22.656 -0.26594
15.625 -21.875 -0.29703
15.625 -21.094 -0.32806
15.625 -20.313 -0.23613
15.625 -19.531 -0.17905
15.625 -18.75 -0.11292
15.625 -17.969 -0.061746
15.625 -17.188 -0.039445
15.625 -16.406 -0.082927
15.625 -15.625 -0.096611
15.625 -14.844 -0.15578
15.625 -14.063 -0.18965
15.625 -13.281 -0.15646
15.625 -12.5 -0.17795
15.625 -11.719 -0.25488
15.625 -10.938 -0.38116
15.625 -10.156 -0.3168
15.625 -9.375 -0.28878
15.625 -8.5938 -0.27158
15.625 -7.8125 -0.23717
15.625 -7.0313 -0.19795
15.625 -6.25 -0.1055
15.625 -5.4688 0.039327
15.625 -4.6875 0.10441
15.625 -3.9063 0.026645
15.625 -3.125 0.065683
15.625 -2.3438 0.095732
15.625 -1.5625 0.052726
15.625 -0.78125 0.051624
15.625 0 -0.039127
15.625 0.78125 -0.10738
15.625 1.5625 -0.21851
15.625 2.3438 -0.27522
15.625 3.125 -0.25126
15.625 3.9063 -0.14079
15.625 4.6875 -0.044168
15.625 5.4688 -0.0075056
15.625 6.25 0.11037
15.625 7.0313 0.1592
15.625 7.8125 0.16486
15.625 8.5938 0.079117
15.625 9.375 0.022145
15.625 10.156 -0.0037836
15.625 10.938 -0.066903
15.625 11.719 -0.0632
15.625 12.5 -0.042959
15.625 13.281 -0.14043
15.625 14.063 -0.22139
15.625 14.844 -0.17026
15.625 15.625 -0.11441
15.625 16.406 -0.10079
15.625 17.188 -0.082539
15.625 17.969 -0.067877
15.625 18.75 -0.070387
15.625 19.531 -0.12062
15.625 20.313 -0.10119
15.625 21.094 -0.19266
15.625 21.875 -0.27992
15.625 22.656 -0.24793
15.625 23.438 -0.23306
15.625 24.219 -0.19124
15.625 25 -0.13564
16.406 -24.219 -0.20579
16.406 -23.438 -0.28943
16.406 -22.656 -0.37216
16.406 -21.875 -0.35645
16.406 -21.094 -0.31712
16.406 -20.313 -0.203
16.406 -19.531 -0.12539
16.406 -18.75 -0.079686
16.406 -17.969 -0.056607
16.406 -17.188 -0.026613
16.406 -16.406 -0.043938
16.406 -15.625 -0.11548
16.406 -14.844 -0.15422
16.406 -14.063 -0.18043
16.406 -13.281 -0.10246
16.406 -12.5 -0.088466
16.406 -11.719 -0.2131
16.406 -10.938 -0.30665
16.406 -10.156 -0.28738
16.406 -9.375 -0.24653
16.406 -8.5938 -0.22466
16.406 -7.8125 -0.17081
16.406 -7.0313 -0.09775
16.406 -6.25 -0.018717
16.406 -5.4688 0.097825
16.406 -4.6875 0.07613
16.406 -3.9063 0.069034
16.406 -3.125 0.15258
16.406 -2.3438 0.13146
16.406 -1.5625 0.082858
16.406 -0.78125 0.057688
16.406 0 0.041257
16.406 0.78125 -0.0062945
16.406 1.5625 -0.088015
16.406 2.3438 -0.090667
16.406 3.125 -0.10994
16.406 3.9063 -0.067241
16.406 4.6875 0.009539
16.406 5.4688 0.012393
16.406 6.25 0.092014
16.406 7.0313 0.10789
16.406 7.8125 0.11361
16.406 8.5938 0.064712
16.406 9.375 0.016215
16.406 10.156 -0.042421
16.406 10.938 -0.054792
16.406 11.719 -0.06519
16.406 12.5 -0.076334
16.406 13.281 -0.14846
16.406 14.063 -0.19541
16.406 14.844 -0.18613
16.406 15.625 -0.14687
16.406 16.406 -0.075119
16.406 17.188 -0.047797
16.406 17.969 -0.036551
16.406 18.75 -0.0078446
16.406 19.531 -0.07269
16.406 20.313 -0.12263
16.406 21.094 -0.22787
16.406 21.875 -0.34766
16.406 22.656 -0.34446
16.406 23.438 -0.27289
16.406 24.219 -0.23944
16.406 25 -0.16585
17.188 -24.219 -0.25379
17.188 -23.438 -0.33382
17.188 -22.656 -0.402
17.188 -21.875 -0.36376
17.188 -21.094 -0.3174
17.188 -20.313 -0.20132
17.188 -19.531 -0.10942
17.188 -18.75 -0.027813
17.188 -17.969 -0.081494
17.188 -17.188 -0.067643
17.188 -16.406 -0.037388
17.188 -15.625 -0.078675
17.188 -14.844 -0.13268
17.188 -14.063 -0.12549
17.188 -13.281 -0.039334
17.188 -12.5 -0.040422
17.188 -11.719 -0.15089
17.188 -10.938 -0.22414
17.188 -10.156 -0.25473
17.188 -9.375 -0.23532
17.188 -8.5938 -0.17798
17.188 -7.8125 -0.10631
17.188 -7.0313 -0.096458
17.188 -6.25 -0.02187
17.188 -5.4688 0.11648
17.188 -4.6875 0.1195
17.188 -3.9063 0.10498
17.188 -3.125 0.18406
17.188 -2.3438 0.17487
17.188 -1.5625 0.18526
17.188 -0.78125 0.17076
17.188 0 0.13857
17.188 0.78125 0.066502
17.188 1.5625 0.03493
17.188 2.3438 -0.047602
17.188 3.125 -0.086655
17.188 3.9063 -0.008788
17.188 4.6875 0.048529
17.188 5.4688 0.14563
17.188 6.25 0.18631
17.188 7.0313 0.12726
17.188 7.8125 0.088871
17.188 8.5938 0.026721
17.188 9.375 -0.010451
17.188 10.156 0.031891
17.188 10.938 -0.0068182
17.188 11.719 -0.057314
17.188 12.5 -0.080602
17.188 13.281 -0.13399
17.188 14.063 -0.19839
17.188 14.844 -0.21993
17.188 15.625 -0.18568
17.188 16.406 -0.13493
17.188 17.188 -0.067344
17.188 17.969 -0.028783
17.188 18.75 -0.02971
17.188 19.531 -0.081791
17.188 20.313 -0.099811
17.188 21.094 -0.21345
17.188 21.875 -0.27298
17.188 22.656 -0.33637
17.188 23.438 -0.29804
17.188 24.219 -0.23419
17.188 25 -0.21925
17.969 -24.219 -0.27476
17.969 -23.438 -0.30689
17.969 -22.656 -0.3626
17.969 -21.875 -0.36421
17.969 -21.094 -0.30881
17.969 -20.313 -0.16782
17.969 -19.531 -0.082998
17.969 -18.75 -0.040121
17.969 -17.969 -0.094335
17.969 -17.188 -0.1007
17.969 -16.406 -0.084801
17.969 -15.625 -0.094674
17.969 -14.844 -0.064676
17.969 -14.063 -0.069442
17.969 -13.281 -0.053122
17.969 -12.5 -0.054248
17.969 -11.719 -0.12454
17.969 -10.938 -0.17687
17.969 -10.156 -0.19437
17.969 -9.375 -0.17901
17.969 -8.5938 -0.10269
17.969 -7.8125 -0.023191
17.969 -7.0313 -0.047548
17.969 -6.25 -0.038056
17.969 -5.4688 0.088349
17.969 -4.6875 0.11047
17.969 -3.9063 0.11439
17.969 -3.125 0.19257
17.969 -2.3438 0.20822
17.969 -1.5625 0.23044
17.969 -0.78125 0.1846
17.969 0 0.10786
17.969 0.78125 0.010133
17.969 1.5625 -0.021669
17.969 2.3438 -0.055036
17.969 3.125 -0.035998
17.969 3.9063 0.015895
17.969 4.6875 0.10835
17.969 5.4688 0.24642
17.969 6.25 0.21805
17.969 7.0313 0.14298
17.969 7.8125 0.07446
17.969 8.5938 0.053176
17.969 9.375 -0.0038308
17.969 10.156 0.034321
17.969 10.938 -0.011524
17.969 11.719 -0.079975
17.969 12.5 -0.088173
17.969 13.281 -0.13374
17.969 14.063 -0.19864
17.969 14.844 -0.17275
17.969 15.625 -0.13017
17.969 16.406 -0.13566
17.969 17.188 -0.10966
17.969 17.969 -0.094115
17.969 18.75 -0.10953
17.969 19.531 -0.099549
17.969 20.313 -0.081005
17.969 21.094 -0.12166
17.969 21.875 -0.19463
17.969 22.656 -0.22242
17.969 23.438 -0.26162
17.969 24.219 -0.22057
17.969 25 -0.2499
18.75 -24.219 -0.3219
18.75 -23.438 -0.25874
18.75 -22.656 -0.25279
18.75 -21.875 -0.25288
18.75 -21.094 -0.16222
18.75 -20.313 -0.058866
18.75 -19.531 -0.025782
18.75 -18.75 -0.06476
18.75 -17.969 -0.073593
18.75 -17.188 -0.022831
18.75 -16.406 -0.02438
18.75 -15.625 -0.00037005
18.75 -14.844 -0.022623
18.75 -14.063 -0.055804
18.75 -13.281 -0.10232
18.75 -12.5 -0.090183
18.75 -11.719 -0.091593
18.75 -10.938 -0.095422
18.75 -10.156 -0.04491
18.75 -9.375 -0.018789
18.75 -8.5938 0.0021469
18.75 -7.8125 0.029657
18.75 -7.0313 0.0079041
18.75 -6.25 -0.01403
18.75 -5.4688 0.068462
18.75 -4.6875 0.064825
18.75 -3.9063 0.10443
18.75 -3.125 0.15644
18.75 -2.3438 0.1849
18.75 -1.5625 0.17382
18.75 -0.78125 0.13514
18.75 0 0.074278
18.75 0.78125 -0.031526
18.75 1.5625 -0.12158
18.75 2.3438 -0.089534
18.75 3.125 -0.012342
18.75 3.9063 0.059423
18.75 4.6875 0.20148
18.75 5.4688 0.23315
18.75 6.25 0.14825
18.75 7.0313 0.063479
18.75 7.8125 0.0064776
18.75 8.5938 -0.015934
18.75 9.375 0.031245
18.75 10.156 -0.00088981
18.75 10.938 -0.08233
18.75 11.719 -0.092316
18.75 12.5 -0.070498
18.75 13.281 -0.10744
18.75 14.063 -0.17898
18.75 14.844 -0.1289
18.75 15.625 -0.10912
18.75 16.406 -0.11933
18.75 17.188 -0.12221
18.75 17.969 -0.13166
18.75 18.75 -0.10181
18.75 19.531 -0.030709
18.75 20.313 -0.07127
18.75 21.094 -0.052186
18.75 21.875 -0.086
18.75 22.656 -0.12431
18.75 23.438 -0.18679
18.75 24.219 -0.19143
18.75 25 -0.24669
19.531 -24.219 -0.30015
19.531 -23.438 -0.22942
19.531 -22.656 -0.14431
19.531 -21.875 -0.11599
19.531 -21.094 -0.094416
19.531 -20.313 0.013376
19.531 -19.531 0.0477
19.531 -18.75 -0.0030222
19.531 -17.969 -0.0024356
19.531 -17.188 0.0756
19.531 -16.406 0.068211
19.531 -15.625 0.059564
19.531 -14.844 0.0061018
19.531 -14.063 -0.060616
19.531 -13.281 -0.084787
19.531 -12.5 -0.07364
19.531 -11.719 -0.036253
19.531 -10.938 0.031836
19.531 -10.156 0.096806
19.531 -9.375 0.10476
19.531 -8.5938 0.098028
19.531 -7.8125 0.053624
19.531 -7.0313 0.0079972
19.531 -6.25 -0.015398
19.531 -5.4688 0.043286
19.531 -4.6875 0.064922
19.531 -3.9063 0.019678
19.531 -3.125 0.061547
19.531 -2.3438 0.12501
19.531 -1.5625 0.11129
19.531 -0.78125 0.14053
19.531 0 0.095017
19.531 0.78125 -0.032778
19.531 1.5625 -0.10684
19.531 2.3438 -0.087202
19.531 3.125 -0.0077147
19.531 3.9063 0.088738
19.531 4.6875 0.18337
19.531 5.4688 0.15683
19.531 6.25 0.077554
19.531 7.0313 0.018867
19.531 7.8125 -0.018256
19.531 8.5938 -0.04214
19.531 9.375 0.030389
19.531 10.156 -0.020219
19.531 10.938 -0.088928
19.531 11.719 -0.067578
19.531 12.5 -0.071844
19.531 13.281 -0.13967
19.531 14.063 -0.13409
19.531 14.844 -0.064532
19.531 15.625 -0.099155
19.531 16.406 -0.11728
19.531 17.188 -0.10057
19.531 17.969 -0.055898
19.531 18.75 -0.0096557
19.531 19.531 -0.004438
19.531 20.313 -0.030802
19.531 21.094 -0.023272
19.531 21.875 -0.056667
19.531 22.656 -0.052383
19.531 23.438 -0.085721
19.531 24.219 -0.13843
19.531 25 -0.22216
20.313 -24.219 -0.18436
20.313 -23.438 -0.17343
20.313 -22.656 -0.084181
20.313 -21.875 -0.046934
20.313 -21.094 -0.065864
20.313 -20.313 0.047624
20.313 -19.531 0.095981
20.313 -18.75 0.075038
20.313 -17.969 0.068056
20.313 -17.188 0.083417
20.313 -16.406 0.046833
20.313 -15.625 0.04165
20.313 -14.844 0.021673
20.313 -14.063 -0.019031
20.313 -13.281 -0.012317
20.313 -12.5 -0.054439
20.313 -11.719 0.014472
20.313 -10.938 0.13267
20.313 -10.156 0.20792
20.313 -9.375 0.17703
20.313 -8.5938 0.15843
20.313 -7.8125 0.032354
20.313 -7.0313 -0.019889
20.313 -6.25 -0.012469
20.313 -5.4688 0.017695
20.313 -4.6875 0.0012469
20.313 -3.9063 -0.042535
20.313 -3.125 -0.0024826
20.313 -2.3438 0.064097
20.313 -1.5625 0.076025
20.313 -0.78125 0.078339
20.313 0 0.040582
20.313 0.78125 0.014037
20.313 1.5625 -0.039687
20.313 2.3438 -0.04138
20.313 3.125 0.010995
20.313 3.9063 0.072164
20.313 4.6875 0.063317
20.313 5.4688 0.028725
20.313 6.25 0.0072258
20.313 7.0313 0.017519
20.313 7.8125 0.036496
20.313 8.5938 0.0049298
20.313 9.375 0.01912
20.313 10.156 0.0059694
20.313 10.938 -0.014157
20.313 11.719 -0.055445
20.313 12.5 -0.15964
20.313 13.281 -0.18623
20.313 14.063 -0.12188
20.313 14.844 -0.06649
20.313 15.625 -0.07175
20.313 16.406 -0.046328
20.313 17.188 -0.020407
20.313 17.969 0.029479
20.313 18.75 0.048815
20.313 19.531 0.011028
20.313 20.313 0.0066234
20.313 21.094 0.010531
20.313 21.875 -0.011097
20.313 22.656 -0.06044
20.313 23.438 -0.066614
20.313 24.219 -0.10577
20.313 25 -0.14275
21.094 -24.219 -0.014997
21.094 -23.438 -0.0085025
21.094 -22.656 0.02305
21.094 -21.875 0.033474
21.094 -21.094 -0.0024076
21.094 -20.313 0.070484
21.094 -19.531 0.10319
21.094 -18.75 0.04294
21.094 -17.969 0.035495
21.094 -17.188 0.03973
21.094 -16.406 0.11825
21.094 -15.625 0.11734
21.094 -14.844 0.053246
21.094 -14.063 0.010076
21.094 -13.281 0.02255
21.094 -12.5 0.089256
21.094 -11.719 0.12033
21.094 -10.938 0.26562
21.094 -10.156 0.29864
21.094 -9.375 0.29288
21.094 -8.5938 0.25687
21.094 -7.8125 0.11815
21.094 -7.0313 -0.020138
21.094 -6.25 -0.052532
21.094 -5.4688 -0.019813
21.094 -4.6875 -0.041265
21.094 -3.9063 -0.12019
21.094 -3.125 -0.046458
21.094 -2.3438 0.03777
21.094 -1.5625 0.097082
21.094 -0.78125 0.13024
21.094 0 0.02977
21.094 0.78125 0.013635
21.094 1.5625 -0.0047477
21.094 2.3438 -0.023462
21.094 3.125 0.015811
21.094 3.9063 0.056857
21.094 4.6875 0.0086097
21.094 5.4688 -0.068801
21.094 6.25 -0.04313
21.094 7.0313 -0.045257
21.094 7.8125 -0.00017088
21.094 8.5938 0.016375
21.094 9.375 -0.0044671
21.094 10.156 0.045538
21.094 10.938 0.042801
21.094 11.719 -0.071405
21.094 12.5 -0.16879
21.094 13.281 -0.16266
21.094 14.063 -0.083488
21.094 14.844 -0.060579
21.094 15.625 -0.084324
21.094 16.406 -0.095475
21.094 17.188 -0.033914
21.094 17.969 0.081907
21.094 18.75 0.084538
21.094 19.531 0.034438
21.094 20.313 0.013686
21.094 21.094 0.021058
21.094 21.875 -0.0086224
21.094 22.656 -0.038226
21.094 23.438 -0.080589
21.094 24.219 -0.13998
21.094 25 -0.10786
21.875 -24.219 0.082299
21.875 -23.438 0.15932
21.875 -22.656 0.12731
21.875 -21.875 0.10486
21.875 -21.094 0.049329
21.875 -20.313 0.055372
21.875 -19.531 0.015403
21.875 -18.75 -0.076153
21.875 -17.969 -0.0035615
21.875 -17.188 0.068795
21.875 -16.406 0.16594
21.875 -15.625 0.22226
21.875 -14.844 0.16894
21.875 -14.063 0.14727
21.875 -13.281 0.15297
21.875 -12.5 0.20797
21.875 -11.719 0.27453
21.875 -10.938 0.30836
21.875 -10.156 0.34241
21.875 -9.375 0.36464
21.875 -8.5938 0.28796
21.875 -7.8125 0.1499
21.875 -7.0313 -0.0074314
21.875 -6.25 -0.076679
21.875 -5.4688 -0.010796
21.875 -4.6875 -0.022156
21.875 -3.9063 -0.081522
21.875 -3.125 -0.023023
21.875 -2.3438 0.072911
21.875 -1.5625 0.13813
21.875 -0.78125 0.1487
21.875 0 0.086613
21.875 0.78125 0.023365
21.875 1.5625 0.012864
21.875 2.3438 -0.0033684
21.875 3.125 -0.027236
21.875 3.9063 -0.0015987
21.875 4.6875 0.005477
21.875 5.4688 -0.088498
21.875 6.25 -0.093033
21.875 7.0313 -0.082987
21.875 7.8125 -0.030868
21.875 8.5938 0.060807
21.875 9.375 0.0069018
21.875 10.156 0.033844
21.875 10.938 -0.0067446
21.875 11.719 -0.11375
21.875 12.5 -0.21423
21.875 13.281 -0.21911
21.875 14.063 -0.10837
21.875 14.844 -0.084975
21.875 15.625 -0.088871
21.875 16.406 -0.087699
21.875 17.188 -0.013501
21.875 17.969 0.043676
21.875 18.75 0.076429
21.875 19.531 0.076786
21.875 20.313 0.015036
21.875 21.094 -0.10277
21.875 21.875 -0.097858
21.875 22.656 -0.047864
21.875 23.438 -0.089785
21.875 24.219 -0.11015
21.875 25 -0.05859
22.656 -24.219 0.21478
22.656 -23.438 0.20874
22.656 -22.656 0.17007
22.656 -21.875 0.16986
22.656 -21.094 0.11541
22.656 -20.313 0.060493
22.656 -19.531 -0.03221
22.656 -18.75 -0.081738
22.656 -17.969 -0.013154
22.656 -17.188 0.11653
22.656 -16.406 0.24953
22.656 -15.625 0.32199
22.656 -14.844 0.33021
22.656 -14.063 0.30802
22.656 -13.281 0.25079
22.656 -12.5 0.31472
22.656 -11.719 0.35056
22.656 -10.938 0.33187
22.656 -10.156 0.33032
22.656 -9.375 0.32382
22.656 -8.5938 0.2706
22.656 -7.8125 0.2067
22.656 -7.0313 0.088657
22.656 -6.25 -0.019257
22.656 -5.4688 0.029688
22.656 -4.6875 0.089073
22.656 -3.9063 0.049148
22.656 -3.125 0.07986
22.656 -2.3438 0.1467
22.656 -1.5625 0.19722
22.656 -0.78125 0.15319
22.656 0 0.065867
22.656 0.78125 0.003232
22.656 1.5625 0.0054252
22.656 2.3438 0.00017088
22.656 3.125 -0.068032
22.656 3.9063 -0.086837
22.656 4.6875 -0.039792
22.656 5.4688 -0.067912
22.656 6.25 -0.061334
22.656 7.0313 -0.037802
22.656 7.8125 -0.032807
22.656 8.5938 0.03692
22.656 9.375 -0.030697
22.656 10.156 -0.038231
22.656 10.938 -0.057479
22.656 11.719 -0.10031
22.656 12.5 -0.17418
22.656 13.281 -0.27561
22.656 14.063 -0.23017
22.656 14.844 -0.1488
22.656 15.625 -0.10309
22.656 16.406 -0.072796
22.656 17.188 -0.031399
22.656 17.969 -0.042863
22.656 18.75 0.0085736
22.656 19.531 0.062736
22.656 20.313 -0.01917
22.656 21.094 -0.14544
22.656 21.875 -0.17817
22.656 22.656 -0.077171
22.656 23.438 -0.070721
22.656 24.219 -0.07809
22.656 25 0.0563
23.438 -24.219 0.24877
23.438 -23.438 0.23754
23.438 -22.656 0.1925
23.438 -21.875 0.1948
23.438 -21.094 0.10704
23.438 -20.313 0.031289
23.438 -19.531 -0.038317
23.438 -18.75 -0.094236
23.438 -17.969 -0.04138
23.438 -17.188 0.074204
23.438 -16.406 0.24334
23.438 -15.625 0.39269
23.438 -14.844 0.46437
23.438 -14.063 0.40921
23.438 -13.281 0.35701
23.438 -12.5 0.39572
23.438 -11.719 0.36668
23.438 -10.938 0.31484
23.438 -10.156 0.3534
23.438 -9.375 0.36758
23.438 -8.5938 0.33084
23.438 -7.8125 0.26586
23.438 -7.0313 0.09751
23.438 -6.25 0.0055719
23.438 -5.4688 0.06054
23.438 -4.6875 0.16676
23.438 -3.9063 0.15633
23.438 -3.125 0.23082
23.438 -2.3438 0.26752
23.438 -1.5625 0.2632
23.438 -0.78125 0.18185
23.438 0 0.07812
23.438 0.78125 0.033351
23.438 1.5625 -0.011281
23.438 2.3438 -0.030136
23.438 3.125 -0.066668
23.438 3.9063 -0.057161
23.438 4.6875 -0.038626
23.438 5.4688 -0.090158
23.438 6.25 -0.073088
23.438 7.0313 -0.046205
23.438 7.8125 -0.035522
23.438 8.5938 -0.022326
23.438 9.375 -0.0696
23.438 10.156 -0.088742
23.438 10.938 -0.13682
23.438 11.719 -0.15335
23.438 12.5 -0.21374
23.438 13.281 -0.28373
23.438 14.063 -0.28636
23.438 14.844 -0.18646
23.438 15.625 -0.13874
23.438 16.406 -0.13818
23.438 17.188 -0.15819
23.438 17.969 -0.14127
23.438 18.75 -0.075026
23.438 19.531 -0.050382
23.438 20.313 -0.086598
23.438 21.094 -0.22913
23.438 21.875 -0.29333
23.438 22.656 -0.19429
23.438 23.438 -0.12441
23.438 24.219 -0.091693
23.438 25 0.11148
24.219 -24.219 0.23501
24.219 -23.438 0.27525
24.219 -22.656 0.2356
24.219 -21.875 0.16709
24.219 -21.094 0.053421
24.219 -20.313 0.002206
24.219 -19.531 -0.045871
24.219 -18.75 -0.067037
24.219 -17.969 -0.081193
24.219 -17.188 0.029314
24.219 -16.406 0.27507
24.219 -15.625 0.5134
24.219 -14.844 0.56066
24.219 -14.063 0.50265
24.219 -13.281 0.49132
24.219 -12.5 0.49145
24.219 -11.719 0.42274
24.219 -10.938 0.29702
24.219 -10.156 0.36566
24.219 -9.375 0.39324
24.219 -8.5938 0.36485
24.219 -7.8125 0.24363
24.219 -7.0313 0.049196
24.219 -6.25 0.028526
24.219 -5.4688 0.10614
24.219 -4.6875 0.21982
24.219 -3.9063 0.23544
24.219 -3.125 0.32874
24.219 -2.3438 0.33972
24.219 -1.5625 0.25843
24.219 -0.78125 0.17577
24.219 0 0.065898
24.219 0.78125 -0.011192
24.219 1.5625 -0.066493
24.219 2.3438 -0.037633
24.219 3.125 -0.060572
24.219 3.9063 -0.010182
24.219 4.6875 0.029485
24.219 5.4688 -0.02829
24.219 6.25 -0.092826
24.219 7.0313 -0.088554
24.219 7.8125 -0.064252
24.219 8.5938 -0.16028
24.219 9.375 -0.17391
24.219 10.156 -0.16645
24.219 10.938 -0.23036
24.219 11.719 -0.24875
24.219 12.5 -0.26329
24.219 13.281 -0.28427
24.219 14.063 -0.27456
24.219 14.844 -0.24385
24.219 15.625 -0.19639
24.219 16.406 -0.17266
24.219 17.188 -0.19468
24.219 17.969 -0.21253
24.219 18.75 -0.17468
24.219 19.531 -0.17313
24.219 20.313 -0.23588
24.219 21.094 -0.31607
24.219 21.875 -0.34034
24.219 22.656 -0.24938
24.219 23.438 -0.13704
24.219 24.219 -0.068364
24.219 25 0.065325
25 -24.219 0.25093
25 -23.438 0.32878
25 -22.656 0.25276
25 -21.875 0.12061
25 -21.094 0.0045692
25 -20.313 -0.046445
25 -19.531 -0.07786
25 -18.75 -0.0858
25 -17.969 -0.084897
25 -17.188 0.080805
25 -16.406 0.34632
25 -15.625 0.58048
25 -14.844 0.66008
25 -14.063 0.61284
25 -13.281 0.52328
25 -12.5 0.48657
25 -11.719 0.45584
25 -10.938 0.32612
25 -10.156 0.35523
25 -9.375 0.35018
25 -8.5938 0.30639
25 -7.8125 0.24925
25 -7.0313 0.10999
25 -6.25 0.08888
25 -5.4688 0.12619
25 -4.6875 0.20493
25 -3.9063 0.23582
25 -3.125 0.3035
25 -2.3438 0.28856
25 -1.5625 0.19702
25 -0.78125 0.14844
25 0 0.045554
25 0.78125 -0.045322
25 1.5625 -0.11015
25 2.3438 -0.10562
25 3.125 -0.11666
25 3.9063 0.0052658
25 4.6875 0.083119
25 5.4688 0.0028769
25 6.25 -0.12179
25 7.0313 -0.14105
25 7.8125 -0.099853
25 8.5938 -0.18157
25 9.375 -0.27276
25 10.156 -0.26093
25 10.938 -0.28179
25 11.719 -0.34792
25 12.5 -0.30493
25 13.281 -0.29231
25 14.063 -0.24417
25 14.844 -0.24919
25 15.625 -0.27114
25 16.406 -0.21679
25 17.188 -0.20174
25 17.969 -0.25345
25 18.75 -0.25623
25 19.531 -0.28849
25 20.313 -0.36422
25 21.094 -0.37915
25 21.875 -0.36399
25 22.656 -0.25218
25 23.438 -0.12385
25 24.219 -0.038796
25 25 0.13319
