-24.219 -24.219 0.62967
-24.219 -23.438 0.61282
-24.219 -22.656 0.52825
-24.219 -21.875 0.39832
-24.219 -21.094 0.093515
-24.219 -20.313 -0.22795
-24.219 -19.531 -0.40294
-24.219 -18.75 -0.36974
-24.219 -17.969 -0.092016
-24.219 -17.188 0.064347
-24.219 -16.406 0.19612
-24.219 -15.625 0.20764
-24.219 -14.844 0.2776
-24.219 -14.063 0.25891
-24.219 -13.281 0.15707
-24.219 -12.5 0.089239
-24.219 -11.719 0.051788
-24.219 -10.938 0.050368
-24.219 -10.156 0.063092
-24.219 -9.375 0.0011429
-24.219 -8.5938 -0.055521
-24.219 -7.8125 -0.19385
-24.219 -7.0313 -0.31619
-24.219 -6.25 -0.37023
-24.219 -5.4688 -0.43614
-24.219 -4.6875 -0.43327
-24.219 -3.9063 -0.37116
-24.219 -3.125 -0.16752
-24.219 -2.3438 -0.033966
-24.219 -1.5625 0.072285
-24.219 -0.78125 0.28933
-24.219 0 0.46507
-24.219 0.78125 0.45498
-24.219 1.5625 0.32289
-24.219 2.3438 0.055738
-24.219 3.125 -0.13646
-24.219 3.9063 -0.23028
-24.219 4.6875 -0.27037
-24.219 5.4688 -0.37784
-24.219 6.25 -0.32792
-24.219 7.0313 -0.17109
-24.219 7.8125 0.019759
-24.219 8.5938 0.24726
-24.219 9.375 0.45012
-24.219 10.156 0.68385
-24.219 10.938 0.69547
-24.219 11.719 0.57621
-24.219 12.5 0.30683
-24.219 13.281 0.050177
-24.219 14.063 -0.16792
-24.219 14.844 -0.16051
-24.219 15.625 -0.032258
-24.219 16.406 0.11009
-24.219 17.188 0.26305
-24.219 17.969 0.485
-24.219 18.75 0.50734
-24.219 19.531 0.30396
-24.219 20.313 0.069038
-24.219 21.094 -0.073156
-24.219 21.875 -0.1135
-24.219 22.656 0.0046989
-24.219 23.438 0.18089
-24.219 24.219 0.35255
-24.219 25 0.45509
-23.438 -24.219 0.59468
-23.438 -23.438 0.5873
-23.438 -22.656 0.51651
-23.438 -21.875 0.34948
-23.438 -21.094 0.050913
-23.438 -20.313 -0.26867
-23.438 -19.531 -0.48311
-23.438 -18.75 -0.41658
-23.438 -17.969 -0.15579
-23.438 -17.188 0.092066
-23.438 -16.406 0.21843
-23.438 -15.625 0.2688
-23.438 -14.844 0.32004
-23.438 -14.063 0.26897
-23.438 -13.281 0.18498
-23.438 -12.5 0.12073
-23.438 -11.719 0.049721
-23.438 -10.938 0.0099588
-23.438 -10.156 0.090191
-23.438 -9.375 0.043107
-23.438 -8.5938 0.046039
-23.438 -7.8125 -0.15526
-23.438 -7.0313 -0.27648
-23.438 -6.25 -0.33517
-23.438 -5.4688 -0.4104
-23.438 -4.6875 -0.449
-23.438 -3.9063 -0.38765
-23.438 -3.125 -0.24182
-23.438 -2.3438 -0.067241
-23.438 -1.5625 0.067036
-23.438 -0.78125 0.24676
-23.438 0 0.41913
-23.438 0.78125 0.43079
-23.438 1.5625 0.23374
-23.438 2.3438 0.052908
-23.438 3.125 -0.14031
-23.438 3.9063 -0.3008
-23.438 4.6875 -0.30496
-23.438 5.4688 -0.35261
-23.438 6.25 -0.29999
-23.438 7.0313 -0.11626
-23.438 7.8125 0.088552
-23.438 8.5938 0.34979
-23.438 9.375 0.5152
-23.438 10.156 0.62258
-23.438 10.938 0.63306
-23.438 11.719 0.58221
-23.438 12.5 0.30562
-23.438 13.281 0.063089
-23.438 14.063 -0.1549
-23.438 14.844 -0.1085
-23.438 15.625 0.0083583
-23.438 16.406 0.20676
-23.438 17.188 0.33523
-23.438 17.969 0.47783
-23.438 18.75 0.43555
-23.438 19.531 0.21742
-23.438 20.313 0.028289
-23.438 21.094 -0.097744
-23.438 21.875 -0.16412
-23.438 22.656 -0.057532
-23.438 23.438 0.17786
-23.438 24.219 0.36515
-23.438 25 0.44746
-22.656 -24.219 0.60674
-22.656 -23.438 0.58807
-22.656 -22.656 0.51011
-22.656 -21.875 0.3558
-22.656 -21.094 0.046078
-22.656 -20.313 -0.25998
-22.656 -19.531 -0.50678
-22.656 -18.75 -0.46788
-22.656 -17.969 -0.1501
-22.656 -17.188 0.093429
-22.656 -16.406 0.28333
-22.656 -15.625 0.37724
-22.656 -14.844 0.35501
-22.656 -14.063 0.26248
-22.656 -13.281 0.19857
-22.656 -12.5 0.10693
-22.656 -11.719 0.042126
-22.656 -10.938 0.01335
-22.656 -10.156 0.075702
-22.656 -9.375 0.071839
-22.656 -8.5938 0.081614
-22.656 -7.8125 -0.085339
-22.656 -7.0313 -0.19187
-22.656 -6.25 -0.32972
-22.656 -5.4688 -0.38951
-22.656 -4.6875 -0.40793
-22.656 -3.9063 -0.32603
-22.656 -3.125 -0.23007
-22.656 -2.3438 -0.049759
-22.656 -1.5625 0.076718
-22.656 -0.78125 0.27866
-22.656 0 0.36628
-22.656 0.78125 0.39442
-22.656 1.5625 0.25721
-22.656 2.3438 0.030106
-22.656 3.125 -0.14524
-22.656 3.9063 -0.31491
-22.656 4.6875 -0.3526
-22.656 5.4688 -0.39029
-22.656 6.25 -0.30795
-22.656 7.0313 -0.12213
-22.656 7.8125 0.057687
-22.656 8.5938 0.36369
-22.656 9.375 0.51776
-22.656 10.156 0.6144
-22.656 10.938 0.55456
-22.656 11.719 0.48892
-22.656 12.5 0.27415
-22.656 13.281 0.0398
-22.656 14.063 -0.079863
-22.656 14.844 -0.083023
-22.656 15.625 0.06204
-22.656 16.406 0.26984
-22.656 17.188 0.3645
-22.656 17.969 0.48952
-22.656 18.75 0.4177
-22.656 19.531 0.20877
-22.656 20.313 -0.034708
-22.656 21.094 -0.11822
-22.656 21.875 -0.12924
-22.656 22.656 -0.0606
-22.656 23.438 0.2097
-22.656 24.219 0.39248
-22.656 25 0.49745
-21.875 -24.219 0.59264
-21.875 -23.438 0.56184
-21.875 -22.656 0.52743
-21.875 -21.875 0.35433
-21.875 -21.094 -0.022567
-21.875 -20.313 -0.30097
-21.875 -19.531 -0.51164
-21.875 -18.75 -0.40481
-21.875 -17.969 -0.14075
-21.875 -17.188 0.13984
-21.875 -16.406 0.30724
-21.875 -15.625 0.44442
-21.875 -14.844 0.4317
-21.875 -14.063 0.28018
-21.875 -13.281 0.17838
-21.875 -12.5 0.065385
-21.875 -11.719 0.075554
-21.875 -10.938 0.052958
-21.875 -10.156 0.083513
-21.875 -9.375 0.0034898
-21.875 -8.5938 0.011879
-21.875 -7.8125 -0.089577
-21.875 -7.0313 -0.19258
-21.875 -6.25 -0.29197
-21.875 -5.4688 -0.35221
-21.875 -4.6875 -0.37492
-21.875 -3.9063 -0.28789
-21.875 -3.125 -0.17198
-21.875 -2.3438 -0.085701
-21.875 -1.5625 0.038146
-21.875 -0.78125 0.19636
-21.875 0 0.35653
-21.875 0.78125 0.36426
-21.875 1.5625 0.23115
-21.875 2.3438 0.078822
-21.875 3.125 -0.10958
-21.875 3.9063 -0.27113
-21.875 4.6875 -0.42925
-21.875 5.4688 -0.5167
-21.875 6.25 -0.45526
-21.875 7.0313 -0.20482
-21.875 7.8125 0.0094379
-21.875 8.5938 0.31875
-21.875 9.375 0.50779
-21.875 10.156 0.56157
-21.875 10.938 0.45708
-21.875 11.719 0.33754
-21.875 12.5 0.23106
-21.875 13.281 0.099153
-21.875 14.063 -0.029817
-21.875 14.844 -0.03468
-21.875 15.625 0.063875
-21.875 16.406 0.27507
-21.875 17.188 0.40188
-21.875 17.969 0.53279
-21.875 18.75 0.43617
-21.875 19.531 0.17518
-21.875 20.313 -0.086985
-21.875 21.094 -0.1892
-21.875 21.875 -0.13871
-21.875 22.656 0.0096102
-21.875 23.438 0.26055
-21.875 24.219 0.41843
-21.875 25 0.52959
-21.094 -24.219 0.49909
-21.094 -23.438 0.47472
-21.094 -22.656 0.47916
-21.094 -21.875 0.24703
-21.094 -21.094 -0.14255
-21.094 -20.313 -0.37856
-21.094 -19.531 -0.46627
-21.094 -18.75 -0.40824
-21.094 -17.969 -0.11231
-21.094 -17.188 0.13987
-21.094 -16.406 0.25604
-21.094 -15.625 0.34626
-21.094 -14.844 0.36903
-21.094 -14.063 0.18519
-21.094 -13.281 0.1188
-21.094 -12.5 0.00044445
-21.094 -11.719 -0.0021294
-21.094 -10.938 0.0077187
-21.094 -10.156 0.044741
-21.094 -9.375 0.03469
-21.094 -8.5938 0.04741
-21.094 -7.8125 -0.13376
-21.094 -7.0313 -0.22882
-21.094 -6.25 -0.30823
-21.094 -5.4688 -0.35193
-21.094 -4.6875 -0.3552
-21.094 -3.9063 -0.29454
-21.094 -3.125 -0.20791
-21.094 -2.3438 -0.13783
-21.094 -1.5625 -0.0048234
-21.094 -0.78125 0.10515
-21.094 0 0.27468
-21.094 0.78125 0.31552
-21.094 1.5625 0.23231
-21.094 2.3438 0.11376
-21.094 3.125 -0.064303
-21.094 3.9063 -0.2407
-21.094 4.6875 -0.44847
-21.094 5.4688 -0.62735
-21.094 6.25 -0.52911
-21.094 7.0313 -0.26496
-21.094 7.8125 -0.025799
-21.094 8.5938 0.27454
-21.094 9.375 0.43176
-21.094 10.156 0.45325
-21.094 10.938 0.36025
-21.094 11.719 0.26371
-21.094 12.5 0.21324
-21.094 13.281 0.092661
-21.094 14.063 -0.067486
-21.094 14.844 -0.079806
-21.094 15.625 0.030423
-21.094 16.406 0.22602
-21.094 17.188 0.34634
-21.094 17.969 0.4609
-21.094 18.75 0.31178
-21.094 19.531 0.066958
-21.094 20.313 -0.18873
-21.094 21.094 -0.26398
-21.094 21.875 -0.25792
-21.094 22.656 -0.028911
-21.094 23.438 0.26778
-21.094 24.219 0.41297
-21.094 25 0.4744
-20.313 -24.219 0.43279
-20.313 -23.438 0.42107
-20.313 -22.656 0.37762
-20.313 -21.875 0.16812
-20.313 -21.094 -0.19552
-20.313 -20.313 -0.38377
-20.313 -19.531 -0.43352
-20.313 -18.75 -0.32563
-20.313 -17.969 -0.049144
-20.313 -17.188 0.10467
-20.313 -16.406 0.23385
-20.313 -15.625 0.31071
-20.313 -14.844 0.30304
-20.313 -14.063 0.16317
-20.313 -13.281 0.10905
-20.313 -12.5 0.03023
-20.313 -11.719 0.013173
-20.313 -10.938 0.027176
-20.313 -10.156 0.091058
-20.313 -9.375 0.058
-20.313 -8.5938 0.062129
-20.313 -7.8125 -0.14339
-20.313 -7.0313 -0.22428
-20.313 -6.25 -0.30909
-20.313 -5.4688 -0.35228
-20.313 -4.6875 -0.34298
-20.313 -3.9063 -0.30982
-20.313 -3.125 -0.22139
-20.313 -2.3438 -0.12009
-20.313 -1.5625 0.0085929
-20.313 -0.78125 0.1007
-20.313 0 0.22325
-20.313 0.78125 0.28348
-20.313 1.5625 0.26372
-20.313 2.3438 0.099596
-20.313 3.125 0.0005201
-20.313 3.9063 -0.22425
-20.313 4.6875 -0.46532
-20.313 5.4688 -0.57147
-20.313 6.25 -0.46198
-20.313 7.0313 -0.32039
-20.313 7.8125 -0.091395
-20.313 8.5938 0.139
-20.313 9.375 0.27778
-20.313 10.156 0.30987
-20.313 10.938 0.27944
-20.313 11.719 0.27079
-20.313 12.5 0.20567
-20.313 13.281 0.093087
-20.313 14.063 -0.11808
-20.313 14.844 -0.1182
-20.313 15.625 0.0088554
-20.313 16.406 0.18895
-20.313 17.188 0.29164
-20.313 17.969 0.36806
-20.313 18.75 0.26491
-20.313 19.531 -0.015308
-20.313 20.313 -0.26928
-20.313 21.094 -0.34676
-20.313 21.875 -0.35061
-20.313 22.656 -0.12328
-20.313 23.438 0.22641
-20.313 24.219 0.38923
-20.313 25 0.4187
-19.531 -24.219 0.42246
-19.531 -23.438 0.34727
-19.531 -22.656 0.25768
-19.531 -21.875 0.098574
-19.531 -21.094 -0.1927
-19.531 -20.313 -0.36396
-19.531 -19.531 -0.35205
-19.531 -18.75 -0.24571
-19.531 -17.969 -0.024036
-19.531 -17.188 0.14476
-19.531 -16.406 0.22823
-19.531 -15.625 0.3038
-19.531 -14.844 0.2987
-19.531 -14.063 0.16335
-19.531 -13.281 0.031446
-19.531 -12.5 0.020079
-19.531 -11.719 0.070524
-19.531 -10.938 0.082257
-19.531 -10.156 0.10718
-19.531 -9.375 0.033821
-19.531 -8.5938 0.054888
-19.531 -7.8125 -0.12358
-19.531 -7.0313 -0.26411
-19.531 -6.25 -0.2685
-19.531 -5.4688 -0.34487
-19.531 -4.6875 -0.33109
-19.531 -3.9063 -0.32366
-19.531 -3.125 -0.17666
-19.531 -2.3438 -0.058371
-19.531 -1.5625 0.017894
-19.531 -0.78125 0.066203
-19.531 0 0.1163
-19.531 0.78125 0.17369
-19.531 1.5625 0.16844
-19.531 2.3438 0.080456
-19.531 3.125 -0.022172
-19.531 3.9063 -0.2852
-19.531 4.6875 -0.49744
-19.531 5.4688 -0.51175
-19.531 6.25 -0.4656
-19.531 7.0313 -0.35157
-19.531 7.8125 -0.13836
-19.531 8.5938 -0.028449
-19.531 9.375 0.11209
-19.531 10.156 0.21789
-19.531 10.938 0.22271
-19.531 11.719 0.17864
-19.531 12.5 0.15041
-19.531 13.281 0.022245
-19.531 14.063 -0.10911
-19.531 14.844 -0.12104
-19.531 15.625 -0.022212
-19.531 16.406 0.1433
-19.531 17.188 0.2764
-19.531 17.969 0.32157
-19.531 18.75 0.26179
-19.531 19.531 0.018743
-19.531 20.313 -0.25223
-19.531 21.094 -0.34175
-19.531 21.875 -0.28509
-19.531 22.656 -0.072254
-19.531 23.438 0.21768
-19.531 24.219 0.38206
-19.531 25 0.39363
-18.75 -24.219 0.41904
-18.75 -23.438 0.32806
-18.75 -22.656 0.2657
-18.75 -21.875 0.11706
-18.75 -21.094 -0.12713
-18.75 -20.313 -0.24298
-18.75 -19.531 -0.28224
-18.75 -18.75 -0.20072
-18.75 -17.969 -0.012897
-18.75 -17.188 0.16684
-18.75 -16.406 0.21914
-18.75 -15.625 0.26581
-18.75 -14.844 0.25424
-18.75 -14.063 0.10466
-18.75 -13.281 -0.023713
-18.75 -12.5 -0.02282
-18.75 -11.719 0.028793
-18.75 -10.938 0.075317
-18.75 -10.156 0.097585
-18.75 -9.375 0.017153
-18.75 -8.5938 0.0088751
-18.75 -7.8125 -0.12276
-18.75 -7.0313 -0.25812
-18.75 -6.25 -0.28325
-18.75 -5.4688 -0.32892
-18.75 -4.6875 -0.37379
-18.75 -3.9063 -0.33695
-18.75 -3.125 -0.15755
-18.75 -2.3438 -0.038453
-18.75 -1.5625 -0.013067
-18.75 -0.78125 -0.0070222
-18.75 0 0.017345
-18.75 0.78125 0.15157
-18.75 1.5625 0.16548
-18.75 2.3438 0.022492
-18.75 3.125 -0.091737
-18.75 3.9063 -0.26402
-18.75 4.6875 -0.36818
-18.75 5.4688 -0.42696
-18.75 6.25 -0.38599
-18.75 7.0313 -0.29911
-18.75 7.8125 -0.20473
-18.75 8.5938 -0.12295
-18.75 9.375 0.022198
-18.75 10.156 0.087453
-18.75 10.938 0.17847
-18.75 11.719 0.166
-18.75 12.5 0.14511
-18.75 13.281 0.019314
-18.75 14.063 -0.10749
-18.75 14.844 -0.12598
-18.75 15.625 -0.030022
-18.75 16.406 0.14885
-18.75 17.188 0.31211
-18.75 17.969 0.37064
-18.75 18.75 0.32254
-18.75 19.531 0.12387
-18.75 20.313 -0.16809
-18.75 21.094 -0.29042
-18.75 21.875 -0.2225
-18.75 22.656 -0.014377
-18.75 23.438 0.2737
-18.75 24.219 0.37915
-18.75 25 0.40681
-17.969 -24.219 0.43673
-17.969 -23.438 0.37056
-17.969 -22.656 0.23
-17.969 -21.875 0.08151
-17.969 -21.094 -0.066723
-17.969 -20.313 -0.08769
-17.969 -19.531 -0.15587
-17.969 -18.75 -0.051416
-17.969 -17.969 0.11069
-17.969 -17.188 0.21215
-17.969 -16.406 0.2418
-17.969 -15.625 0.17155
-17.969 -14.844 0.129
-17.969 -14.063 0.03886
-17.969 -13.281 -0.079451
-17.969 -12.5 -0.085926
-17.969 -11.719 -0.041751
-17.969 -10.938 0.0029374
-17.969 -10.156 0.045679
-17.969 -9.375 0.015359
-17.969 -8.5938 -0.0052601
-17.969 -7.8125 -0.0046156
-17.969 -7.0313 -0.16043
-17.969 -6.25 -0.19762
-17.969 -5.4688 -0.29936
-17.969 -4.6875 -0.38515
-17.969 -3.9063 -0.36251
-17.969 -3.125 -0.20845
-17.969 -2.3438 -0.14136
-17.969 -1.5625 -0.10896
-17.969 -0.78125 -0.081909
-17.969 0 -0.012422
-17.969 0.78125 0.10395
-17.969 1.5625 0.15833
-17.969 2.3438 0.054429
-17.969 3.125 -0.12218
-17.969 3.9063 -0.22563
-17.969 4.6875 -0.27392
-17.969 5.4688 -0.37501
-17.969 6.25 -0.33682
-17.969 7.0313 -0.28319
-17.969 7.8125 -0.2181
-17.969 8.5938 -0.15086
-17.969 9.375 -0.02523
-17.969 10.156 0.02221
-17.969 10.938 0.12262
-17.969 11.719 0.11317
-17.969 12.5 0.067981
-17.969 13.281 -0.10051
-17.969 14.063 -0.18819
-17.969 14.844 -0.16091
-17.969 15.625 -0.036157
-17.969 16.406 0.16183
-17.969 17.188 0.39547
-17.969 17.969 0.47076
-17.969 18.75 0.43644
-17.969 19.531 0.22411
-17.969 20.313 -0.087287
-17.969 21.094 -0.21403
-17.969 21.875 -0.18341
-17.969 22.656 -0.032218
-17.969 23.438 0.27346
-17.969 24.219 0.33184
-17.969 25 0.42365
-17.188 -24.219 0.44776
-17.188 -23.438 0.34841
-17.188 -22.656 0.18471
-17.188 -21.875 0.058997
-17.188 -21.094 -0.065393
-17.188 -20.313 -0.097884
-17.188 -19.531 -0.081324
-17.188 -18.75 0.04207
-17.188 -17.969 0.23299
-17.188 -17.188 0.2958
-17.188 -16.406 0.24473
-17.188 -15.625 0.095689
-17.188 -14.844 0.0068591
-17.188 -14.063 -0.091547
-17.188 -13.281 -0.093738
-17.188 -12.5 -0.1753
-17.188 -11.719 -0.1206
-17.188 -10.938 -0.067949
-17.188 -10.156 0.012695
-17.188 -9.375 -0.053782
-17.188 -8.5938 -0.069664
-17.188 -7.8125 -0.063038
-17.188 -7.0313 -0.10364
-17.188 -6.25 -0.19322
-17.188 -5.4688 -0.31977
-17.188 -4.6875 -0.37376
-17.188 -3.9063 -0.31186
-17.188 -3.125 -0.23381
-17.188 -2.3438 -0.19795
-17.188 -1.5625 -0.1685
-17.188 -0.78125 -0.17231
-17.188 0 -0.062079
-17.188 0.78125 0.057648
-17.188 1.5625 0.086022
-17.188 2.3438 0.051658
-17.188 3.125 -0.17321
-17.188 3.9063 -0.2567
-17.188 4.6875 -0.25974
-17.188 5.4688 -0.33135
-17.188 6.25 -0.33359
-17.188 7.0313 -0.26661
-17.188 7.8125 -0.26116
-17.188 8.5938 -0.18602
-17.188 9.375 -0.068372
-17.188 10.156 0.058597
-17.188 10.938 0.04621
-17.188 11.719 -0.01914
-17.188 12.5 -0.10275
-17.188 13.281 -0.24236
-17.188 14.063 -0.34538
-17.188 14.844 -0.26126
-17.188 15.625 -0.011047
-17.188 16.406 0.27742
-17.188 17.188 0.41328
-17.188 17.969 0.5142
-17.188 18.75 0.43937
-17.188 19.531 0.25089
-17.188 20.313 -0.057374
-17.188 21.094 -0.20482
-17.188 21.875 -0.16667
-17.188 22.656 -0.050325
-17.188 23.438 0.15428
-17.188 24.219 0.27001
-17.188 25 0.40103
-16.406 -24.219 0.35322
-16.406 -23.438 0.20113
-16.406 -22.656 0.12833
-16.406 -21.875 0.038365
-16.406 -21.094 -0.074197
-16.406 -20.313 -0.12083
-16.406 -19.531 -0.046511
-16.406 -18.75 0.119
-16.406 -17.969 0.28554
-16.406 -17.188 0.26005
-16.406 -16.406 0.18474
-16.406 -15.625 0.07087
-16.406 -14.844 -0.10949
-16.406 -14.063 -0.24925
-16.406 -13.281 -0.17633
-16.406 -12.5 -0.16612
-16.406 -11.719 -0.12695
-16.406 -10.938 -0.095518
-16.406 -10.156 0.029513
-16.406 -9.375 -0.062122
-16.406 -8.5938 -0.066303
-16.406 -7.8125 -0.056009
-16.406 -7.0313 -0.082768
-16.406 -6.25 -0.23492
-16.406 -5.4688 -0.35983
-16.406 -4.6875 -0.37666
-16.406 -3.9063 -0.31779
-16.406 -3.125 -0.2444
-16.406 -2.3438 -0.15951
-16.406 -1.5625 -0.19575
-16.406 -0.78125 -0.18173
-16.406 0 -0.027097
-16.406 0.78125 0.0054759
-16.406 1.5625 0.10668
-16.406 2.3438 0.084229
-16.406 3.125 -0.16446
-16.406 3.9063 -0.24102
-16.406 4.6875 -0.27808
-16.406 5.4688 -0.33039
-16.406 6.25 -0.28659
-16.406 7.0313 -0.26879
-16.406 7.8125 -0.24528
-16.406 8.5938 -0.13333
-16.406 9.375 0.00098945
-16.406 10.156 0.080012
-16.406 10.938 -0.009651
-16.406 11.719 -0.13969
-16.406 12.5 -0.22675
-16.406 13.281 -0.33912
-16.406 14.063 -0.39449
-16.406 14.844 -0.25477
-16.406 15.625 0.0010612
-16.406 16.406 0.28188
-16.406 17.188 0.42867
-16.406 17.969 0.43788
-16.406 18.75 0.33368
-16.406 19.531 0.14554
-16.406 20.313 -0.14277
-16.406 21.094 -0.26649
-16.406 21.875 -0.20133
-16.406 22.656 -0.084897
-16.406 23.438 0.045234
-16.406 24.219 0.22892
-16.406 25 0.36748
-15.625 -24.219 0.28238
-15.625 -23.438 0.087704
-15.625 -22.656 0.028574
-15.625 -21.875 -0.0033509
-15.625 -21.094 -0.09649
-15.625 -20.313 -0.12862
-15.625 -19.531 -0.03043
-15.625 -18.75 0.18865
-15.625 -17.969 0.20492
-15.625 -17.188 0.18686
-15.625 -16.406 0.15024
-15.625 -15.625 -0.029263
-15.625 -14.844 -0.20379
-15.625 -14.063 -0.29663
-15.625 -13.281 -0.29125
-15.625 -12.5 -0.19103
-15.625 -11.719 -0.19232
-15.625 -10.938 -0.12872
-15.625 -10.156 0.0037399
-15.625 -9.375 -0.062064
-15.625 -8.5938 -0.057723
-15.625 -7.8125 -0.038235
-15.625 -7.0313 -0.065676
-15.625 -6.25 -0.24654
-15.625 -5.4688 -0.35886
-15.625 -4.6875 -0.36738
-15.625 -3.9063 -0.34509
-15.625 -3.125 -0.31867
-15.625 -2.3438 -0.25949
-15.625 -1.5625 -0.25096
-15.625 -0.78125 -0.18254
-15.625 0 -0.034745
-15.625 0.78125 0.010944
-15.625 1.5625 0.13438
-15.625 2.3438 0.072221
-15.625 3.125 -0.10098
-15.625 3.9063 -0.19988
-15.625 4.6875 -0.2666
-15.625 5.4688 -0.30203
-15.625 6.25 -0.2674
-15.625 7.0313 -0.2337
-15.625 7.8125 -0.15195
-15.625 8.5938 -0.10816
-15.625 9.375 -0.083731
-15.625 10.156 -0.046334
-15.625 10.938 -0.12512
-15.625 11.719 -0.23861
-15.625 12.5 -0.32004
-15.625 13.281 -0.40838
-15.625 14.063 -0.41999
-15.625 14.844 -0.19291
-15.625 15.625 0.012745
-15.625 16.406 0.20503
-15.625 17.188 0.31723
-15.625 17.969 0.3856
-15.625 18.75 0.27936
-15.625 19.531 0.037962
-15.625 20.313 -0.20526
-15.625 21.094 -0.35869
-15.625 21.875 -0.25643
-15.625 22.656 -0.12327
-15.625 23.438 0.0098646
-15.625 24.219 0.15505
-15.625 25 0.30159
-14.844 -24.219 0.14062
-14.844 -23.438 0.013975
-14.844 -22.656 -0.026494
-14.844 -21.875 -0.040108
-14.844 -21.094 -0.11995
-14.844 -20.313 -0.16542
-14.844 -19.531 -0.096038
-14.844 -18.75 0.071321
-14.844 -17.969 0.079604
-14.844 -17.188 0.077203
-14.844 -16.406 0.098401
-14.844 -15.625 -0.045252
-14.844 -14.844 -0.20848
-14.844 -14.063 -0.31549
-14.844 -13.281 -0.35267
-14.844 -12.5 -0.29624
-14.844 -11.719 -0.2439
-14.844 -10.938 -0.11525
-14.844 -10.156 -0.037157
-14.844 -9.375 -0.10597
-14.844 -8.5938 -0.040539
-14.844 -7.8125 0.0034063
-14.844 -7.0313 -0.056388
-14.844 -6.25 -0.23563
-14.844 -5.4688 -0.3453
-14.844 -4.6875 -0.35074
-14.844 -3.9063 -0.37494
-14.844 -3.125 -0.37251
-14.844 -2.3438 -0.3043
-14.844 -1.5625 -0.28811
-14.844 -0.78125 -0.13538
-14.844 0 -0.051113
-14.844 0.78125 0.011821
-14.844 1.5625 0.096702
-14.844 2.3438 -0.023688
-14.844 3.125 -0.18216
-14.844 3.9063 -0.21948
-14.844 4.6875 -0.28556
-14.844 5.4688 -0.29892
-14.844 6.25 -0.26084
-14.844 7.0313 -0.22411
-14.844 7.8125 -0.14894
-14.844 8.5938 -0.10046
-14.844 9.375 -0.14472
-14.844 10.156 -0.20253
-14.844 10.938 -0.27645
-14.844 11.719 -0.27731
-14.844 12.5 -0.36119
-14.844 13.281 -0.44927
-14.844 14.063 -0.43794
-14.844 14.844 -0.25847
-14.844 15.625 -0.06089
-14.844 16.406 0.17114
-14.844 17.188 0.2545
-14.844 17.969 0.31662
-14.844 18.75 0.24086
-14.844 19.531 -0.037223
-14.844 20.313 -0.36615
-14.844 21.094 -0.45931
-14.844 21.875 -0.35518
-14.844 22.656 -0.24317
-14.844 23.438 -0.061422
-14.844 24.219 0.088152
-14.844 25 0.18984
-14.063 -24.219 0.092891
-14.063 -23.438 -0.050303
-14.063 -22.656 -0.069615
-14.063 -21.875 -0.00579
-14.063 -21.094 -0.13694
-14.063 -20.313 -0.20781
-14.063 -19.531 -0.19442
-14.063 -18.75 -0.046166
-14.063 -17.969 0.023406
-14.063 -17.188 0.035667
-14.063 -16.406 0.04393
-14.063 -15.625 -0.080375
-14.063 -14.844 -0.20113
-14.063 -14.063 -0.26958
-14.063 -13.281 -0.3638
-14.063 -12.5 -0.361
-14.063 -11.719 -0.263
-14.063 -10.938 -0.055118
-14.063 -10.156 0.014724
-14.063 -9.375 -0.057655
-14.063 -8.5938 -0.037801
-14.063 -7.8125 0.010933
-14.063 -7.0313 -0.10057
-14.063 -6.25 -0.20604
-14.063 -5.4688 -0.33885
-14.063 -4.6875 -0.33856
-14.063 -3.9063 -0.33563
-14.063 -3.125 -0.25806
-14.063 -2.3438 -0.28873
-14.063 -1.5625 -0.23418
-14.063 -0.78125 -0.16712
-14.063 0 -0.092192
-14.063 0.78125 -0.042479
-14.063 1.5625 0.020661
-14.063 2.3438 -0.10603
-14.063 3.125 -0.19827
-14.063 3.9063 -0.30251
-14.063 4.6875 -0.27216
-14.063 5.4688 -0.25728
-14.063 6.25 -0.22014
-14.063 7.0313 -0.21948
-14.063 7.8125 -0.20472
-14.063 8.5938 -0.21854
-14.063 9.375 -0.2878
-14.063 10.156 -0.34536
-14.063 10.938 -0.39396
-14.063 11.719 -0.3254
-14.063 12.5 -0.38681
-14.063 13.281 -0.47024
-14.063 14.063 -0.44939
-14.063 14.844 -0.33462
-14.063 15.625 -0.14631
-14.063 16.406 0.089403
-14.063 17.188 0.17248
-14.063 17.969 0.17613
-14.063 18.75 0.12751
-14.063 19.531 -0.15967
-14.063 20.313 -0.34464
-14.063 21.094 -0.49201
-14.063 21.875 -0.41032
-14.063 22.656 -0.30462
-14.063 23.438 -0.061511
-14.063 24.219 0.063679
-14.063 25 0.12434
-13.281 -24.219 0.12305
-13.281 -23.438 0.042753
-13.281 -22.656 0.061081
-13.281 -21.875 0.036322
-13.281 -21.094 -0.11774
-13.281 -20.313 -0.17693
-13.281 -19.531 -0.20355
-13.281 -18.75 -0.14641
-13.281 -17.969 -0.015799
-13.281 -17.188 0.0028469
-13.281 -16.406 0.073724
-13.281 -15.625 -0.028525
-13.281 -14.844 -0.17982
-13.281 -14.063 -0.2695
-13.281 -13.281 -0.32853
-13.281 -12.5 -0.29686
-13.281 -11.719 -0.20272
-13.281 -10.938 0.003564
-13.281 -10.156 0.084736
-13.281 -9.375 0.020197
-13.281 -8.5938 0.020815
-13.281 -7.8125 -0.036077
-13.281 -7.0313 -0.18235
-13.281 -6.25 -0.2791
-13.281 -5.4688 -0.31329
-13.281 -4.6875 -0.33813
-13.281 -3.9063 -0.26179
-13.281 -3.125 -0.16426
-13.281 -2.3438 -0.19929
-13.281 -1.5625 -0.16211
-13.281 -0.78125 -0.17646
-13.281 0 -0.16251
-13.281 0.78125 -0.15208
-13.281 1.5625 -0.0044228
-13.281 2.3438 -0.10475
-13.281 3.125 -0.19128
-13.281 3.9063 -0.29679
-13.281 4.6875 -0.25082
-13.281 5.4688 -0.21828
-13.281 6.25 -0.15146
-13.281 7.0313 -0.18346
-13.281 7.8125 -0.21984
-13.281 8.5938 -0.31346
-13.281 9.375 -0.38287
-13.281 10.156 -0.36816
-13.281 10.938 -0.37251
-13.281 11.719 -0.36358
-13.281 12.5 -0.44064
-13.281 13.281 -0.49862
-13.281 14.063 -0.45117
-13.281 14.844 -0.31363
-13.281 15.625 -0.17292
-13.281 16.406 -0.026017
-13.281 17.188 0.056853
-13.281 17.969 0.084499
-13.281 18.75 -0.030944
-13.281 19.531 -0.22346
-13.281 20.313 -0.36562
-13.281 21.094 -0.44395
-13.281 21.875 -0.41973
-13.281 22.656 -0.2646
-13.281 23.438 -0.027795
-13.281 24.219 0.043668
-13.281 25 0.1034
-12.5 -24.219 0.20262
-12.5 -23.438 0.161
-12.5 -22.656 0.15675
-12.5 -21.875 0.096893
-12.5 -21.094 -0.1084
-12.5 -20.313 -0.2198
-12.5 -19.531 -0.2341
-12.5 -18.75 -0.14948
-12.5 -17.969 -0.03824
-12.5 -17.188 0.018397
-12.5 -16.406 0.084103
-12.5 -15.625 0.023606
-12.5 -14.844 -0.14442
-12.5 -14.063 -0.28783
-12.5 -13.281 -0.27236
-12.5 -12.5 -0.24588
-12.5 -11.719 -0.13239
-12.5 -10.938 0.026238
-12.5 -10.156 0.11399
-12.5 -9.375 0.074414
-12.5 -8.5938 0.068318
-12.5 -7.8125 -0.050912
-12.5 -7.0313 -0.19641
-12.5 -6.25 -0.27723
-12.5 -5.4688 -0.33787
-12.5 -4.6875 -0.33017
-12.5 -3.9063 -0.19433
-12.5 -3.125 -0.11339
-12.5 -2.3438 -0.15634
-12.5 -1.5625 -0.14272
-12.5 -0.78125 -0.15649
-12.5 0 -0.16822
-12.5 0.78125 -0.18177
-12.5 1.5625 -0.10659
-12.5 2.3438 -0.18636
-12.5 3.125 -0.26411
-12.5 3.9063 -0.26106
-12.5 4.6875 -0.1934
-12.5 5.4688 -0.15868
-12.5 6.25 -0.11816
-12.5 7.0313 -0.12594
-12.5 7.8125 -0.24945
-12.5 8.5938 -0.37095
-12.5 9.375 -0.39998
-12.5 10.156 -0.42782
-12.5 10.938 -0.41257
-12.5 11.719 -0.35669
-12.5 12.5 -0.48146
-12.5 13.281 -0.52547
-12.5 14.063 -0.4476
-12.5 14.844 -0.2539
-12.5 15.625 -0.066456
-12.5 16.406 0.014744
-12.5 17.188 0.06975
-12.5 17.969 0.026678
-12.5 18.75 -0.14168
-12.5 19.531 -0.26732
-12.5 20.313 -0.38213
-12.5 21.094 -0.41856
-12.5 21.875 -0.43565
-12.5 22.656 -0.29216
-12.5 23.438 -0.0069416
-12.5 24.219 0.072762
-12.5 25 0.15837
-11.719 -24.219 0.28891
-11.719 -23.438 0.27949
-11.719 -22.656 0.24704
-11.719 -21.875 0.16925
-11.719 -21.094 -0.056249
-11.719 -20.313 -0.16953
-11.719 -19.531 -0.15776
-11.719 -18.75 -0.14487
-11.719 -17.969 -0.07185
-11.719 -17.188 0.079386
-11.719 -16.406 0.10534
-11.719 -15.625 0.042339
-11.719 -14.844 -0.061843
-11.719 -14.063 -0.19254
-11.719 -13.281 -0.21961
-11.719 -12.5 -0.21233
-11.719 -11.719 -0.13448
-11.719 -10.938 0.027652
-11.719 -10.156 0.13209
-11.719 -9.375 0.18971
-11.719 -8.5938 0.11395
-11.719 -7.8125 -0.066812
-11.719 -7.0313 -0.17789
-11.719 -6.25 -0.26112
-11.719 -5.4688 -0.36458
-11.719 -4.6875 -0.34175
-11.719 -3.9063 -0.22292
-11.719 -3.125 -0.11031
-11.719 -2.3438 -0.081165
-11.719 -1.5625 -0.062333
-11.719 -0.78125 -0.067217
-11.719 0 -0.10458
-11.719 0.78125 -0.15804
-11.719 1.5625 -0.15121
-11.719 2.3438 -0.23542
-11.719 3.125 -0.27262
-11.719 3.9063 -0.21969
-11.719 4.6875 -0.14468
-11.719 5.4688 -0.18102
-11.719 6.25 -0.19501
-11.719 7.0313 -0.20752
-11.719 7.8125 -0.25372
-11.719 8.5938 -0.31106
-11.719 9.375 -0.32124
-11.719 10.156 -0.39863
-11.719 10.938 -0.37493
-11.719 11.719 -0.32294
-11.719 12.5 -0.45213
-11.719 13.281 -0.51631
-11.719 14.063 -0.42487
-11.719 14.844 -0.23091
-11.719 15.625 -0.062941
-11.719 16.406 0.032845
-11.719 17.188 0.088216
-11.719 17.969 -0.031584
-11.719 18.75 -0.19069
-11.719 19.531 -0.29263
-11.719 20.313 -0.36333
-11.719 21.094 -0.42606
-11.719 21.875 -0.44861
-11.719 22.656 -0.2881
-11.719 23.438 -0.028652
-11.719 24.219 0.11163
-11.719 25 0.19247
-10.938 -24.219 0.32661
-10.938 -23.438 0.32764
-10.938 -22.656 0.34229
-10.938 -21.875 0.265
-10.938 -21.094 -0.0037733
-10.938 -20.313 -0.15018
-10.938 -19.531 -0.11329
-10.938 -18.75 -0.060182
-10.938 -17.969 0.00042945
-10.938 -17.188 0.17948
-10.938 -16.406 0.10448
-10.938 -15.625 0.068945
-10.938 -14.844 0.024782
-10.938 -14.063 -0.064684
-10.938 -13.281 -0.16637
-10.938 -12.5 -0.11697
-10.938 -11.719 -0.048828
-10.938 -10.938 0.043908
-10.938 -10.156 0.19049
-10.938 -9.375 0.20581
-10.938 -8.5938 0.063138
-10.938 -7.8125 -0.10253
-10.938 -7.0313 -0.23149
-10.938 -6.25 -0.24722
-10.938 -5.4688 -0.34019
-10.938 -4.6875 -0.34121
-10.938 -3.9063 -0.24391
-10.938 -3.125 -0.091253
-10.938 -2.3438 -0.039169
-10.938 -1.5625 -0.03894
-10.938 -0.78125 -0.047154
-10.938 0 -0.0062214
-10.938 0.78125 -0.052837
-10.938 1.5625 -0.11978
-10.938 2.3438 -0.21725
-10.938 3.125 -0.18921
-10.938 3.9063 -0.15363
-10.938 4.6875 -0.14473
-10.938 5.4688 -0.19789
-10.938 6.25 -0.24806
-10.938 7.0313 -0.28638
-10.938 7.8125 -0.23948
-10.938 8.5938 -0.2272
-10.938 9.375 -0.22598
-10.938 10.156 -0.37178
-10.938 10.938 -0.35463
-10.938 11.719 -0.32665
-10.938 12.5 -0.40437
-10.938 13.281 -0.44689
-10.938 14.063 -0.34207
-10.938 14.844 -0.16919
-10.938 15.625 -0.069715
-10.938 16.406 0.025584
-10.938 17.188 0.043866
-10.938 17.969 -0.059491
-10.938 18.75 -0.17022
-10.938 19.531 -0.27889
-10.938 20.313 -0.39935
-10.938 21.094 -0.49156
-10.938 21.875 -0.43571
-10.938 22.656 -0.28994
-10.938 23.438 -0.016024
-10.938 24.219 0.15371
-10.938 25 0.24595
-10.156 -24.219 0.3836
-10.156 -23.438 0.38614
-10.156 -22.656 0.38503
-10.156 -21.875 0.22319
-10.156 -21.094 -0.033856
-10.156 -20.313 -0.11692
-10.156 -19.531 -0.083188
-10.156 -18.75 0.045932
-10.156 -17.969 0.13054
-10.156 -17.188 0.20033
-10.156 -16.406 0.14569
-10.156 -15.625 0.10705
-10.156 -14.844 0.061496
-10.156 -14.063 -0.064395
-10.156 -13.281 -0.097318
-10.156 -12.5 -0.034937
-10.156 -11.719 0.0035588
-10.156 -10.938 0.094188
-10.156 -10.156 0.21704
-10.156 -9.375 0.21043
-10.156 -8.5938 0.0386
-10.156 -7.8125 -0.10189
-10.156 -7.0313 -0.23653
-10.156 -6.25 -0.24804
-10.156 -5.4688 -0.36922
-10.156 -4.6875 -0.38567
-10.156 -3.9063 -0.27344
-10.156 -3.125 -0.10036
-10.156 -2.3438 -0.03337
-10.156 -1.5625 -0.080052
-10.156 -0.78125 -0.012386
-10.156 0 0.040053
-10.156 0.78125 -0.039091
-10.156 1.5625 -0.085551
-10.156 2.3438 -0.12144
-10.156 3.125 -0.078457
-10.156 3.9063 -0.068622
-10.156 4.6875 -0.11868
-10.156 5.4688 -0.19342
-10.156 6.25 -0.28763
-10.156 7.0313 -0.31491
-10.156 7.8125 -0.21723
-10.156 8.5938 -0.1662
-10.156 9.375 -0.15043
-10.156 10.156 -0.25292
-10.156 10.938 -0.29928
-10.156 11.719 -0.28351
-10.156 12.5 -0.28669
-10.156 13.281 -0.29744
-10.156 14.063 -0.25487
-10.156 14.844 -0.17069
-10.156 15.625 -0.076688
-10.156 16.406 0.018577
-10.156 17.188 0.050685
-10.156 17.969 0.00037374
-10.156 18.75 -0.14505
-10.156 19.531 -0.28126
-10.156 20.313 -0.45971
-10.156 21.094 -0.48811
-10.156 21.875 -0.4024
-10.156 22.656 -0.26889
-10.156 23.438 -0.0050427
-10.156 24.219 0.27222
-10.156 25 0.3769
-9.375 -24.219 0.45601
-9.375 -23.438 0.44676
-9.375 -22.656 0.43239
-9.375 -21.875 0.22681
-9.375 -21.094 -0.06171
-9.375 -20.313 -0.11732
-9.375 -19.531 -0.098881
-9.375 -18.75 0.060768
-9.375 -17.969 0.20379
-9.375 -17.188 0.28622
-9.375 -16.406 0.23454
-9.375 -15.625 0.15335
-9.375 -14.844 0.064059
-9.375 -14.063 -0.033341
-9.375 -13.281 -0.027558
-9.375 -12.5 0.015577
-9.375 -11.719 0.13638
-9.375 -10.938 0.1913
-9.375 -10.156 0.20055
-9.375 -9.375 0.15952
-9.375 -8.5938 0.019703
-9.375 -7.8125 -0.073752
-9.375 -7.0313 -0.21799
-9.375 -6.25 -0.28805
-9.375 -5.4688 -0.36854
-9.375 -4.6875 -0.38158
-9.375 -3.9063 -0.26604
-9.375 -3.125 -0.082808
-9.375 -2.3438 -0.046708
-9.375 -1.5625 -0.062621
-9.375 -0.78125 -0.0035601
-9.375 0 0.0022712
-9.375 0.78125 0.0063878
-9.375 1.5625 -0.033645
-9.375 2.3438 -0.05108
-9.375 3.125 0.0020047
-9.375 3.9063 0.0081691
-9.375 4.6875 -0.070723
-9.375 5.4688 -0.16416
-9.375 6.25 -0.29606
-9.375 7.0313 -0.31938
-9.375 7.8125 -0.17165
-9.375 8.5938 -0.15532
-9.375 9.375 -0.15133
-9.375 10.156 -0.18563
-9.375 10.938 -0.24108
-9.375 11.719 -0.15191
-9.375 12.5 -0.11454
-9.375 13.281 -0.1212
-9.375 14.063 -0.12093
-9.375 14.844 -0.096214
-9.375 15.625 -0.061637
-9.375 16.406 0.012158
-9.375 17.188 0.080862
-9.375 17.969 0.049259
-9.375 18.75 -0.11797
-9.375 19.531 -0.31036
-9.375 20.313 -0.44865
-9.375 21.094 -0.49831
-9.375 21.875 -0.40433
-9.375 22.656 -0.28072
-9.375 23.438 0.017705
-9.375 24.219 0.33579
-9.375 25 0.46288
-8.5938 -24.219 0.5676
-8.5938 -23.438 0.54134
-8.5938 -22.656 0.44952
-8.5938 -21.875 0.27176
-8.5938 -21.094 -0.0070458
-8.5938 -20.313 -0.12604
-8.5938 -19.531 -0.11191
-8.5938 -18.75 0.0024453
-8.5938 -17.969 0.20607
-8.5938 -17.188 0.3764
-8.5938 -16.406 0.32579
-8.5938 -15.625 0.26895
-8.5938 -14.844 0.13924
-8.5938 -14.063 -0.021964
-8.5938 -13.281 0.0070779
-8.5938 -12.5 0.14326
-8.5938 -11.719 0.21577
-8.5938 -10.938 0.23277
-8.5938 -10.156 0.21661
-8.5938 -9.375 0.16439
-8.5938 -8.5938 0.03397
-8.5938 -7.8125 -0.13573
-8.5938 -7.0313 -0.23058
-8.5938 -6.25 -0.22395
-8.5938 -5.4688 -0.23858
-8.5938 -4.6875 -0.30178
-8.5938 -3.9063 -0.24231
-8.5938 -3.125 -0.13704
-8.5938 -2.3438 -0.092592
-8.5938 -1.5625 -0.031601
-8.5938 -0.78125 0.033512
-8.5938 0 0.0085286
-8.5938 0.78125 0.030562
-8.5938 1.5625 0.031065
-8.5938 2.3438 0.068789
-8.5938 3.125 0.11557
-8.5938 3.9063 0.09254
-8.5938 4.6875 -0.073657
-8.5938 5.4688 -0.20895
-8.5938 6.25 -0.24283
-8.5938 7.0313 -0.27794
-8.5938 7.8125 -0.19633
-8.5938 8.5938 -0.17345
-8.5938 9.375 -0.1372
-8.5938 10.156 -0.13218
-8.5938 10.938 -0.16394
-8.5938 11.719 -0.083406
-8.5938 12.5 0.021267
-8.5938 13.281 0.028005
-8.5938 14.063 0.040225
-8.5938 14.844 0.0046952
-8.5938 15.625 0.032649
-8.5938 16.406 0.07469
-8.5938 17.188 0.091545
-8.5938 17.969 0.053831
-8.5938 18.75 -0.072109
-8.5938 19.531 -0.21886
-8.5938 20.313 -0.37113
-8.5938 21.094 -0.49641
-8.5938 21.875 -0.3906
-8.5938 22.656 -0.15077
-8.5938 23.438 0.13716
-8.5938 24.219 0.41191
-8.5938 25 0.52333
-7.8125 -24.219 0.55823
-7.8125 -23.438 0.57419
-7.8125 -22.656 0.4356
-7.8125 -21.875 0.25779
-7.8125 -21.094 0.0040093
-7.8125 -20.313 -0.11233
-7.8125 -19.531 -0.10514
-7.8125 -18.75 0.037003
-7.8125 -17.969 0.22477
-7.8125 -17.188 0.37456
-7.8125 -16.406 0.37852
-7.8125 -15.625 0.303
-7.8125 -14.844 0.16313
-7.8125 -14.063 -0.040955
-7.8125 -13.281 0.012299
-7.8125 -12.5 0.16057
-7.8125 -11.719 0.24324
-7.8125 -10.938 0.28123
-7.8125 -10.156 0.28662
-7.8125 -9.375 0.16554
-7.8125 -8.5938 0.027372
-7.8125 -7.8125 -0.10643
-7.8125 -7.0313 -0.19073
-7.8125 -6.25 -0.1412
-7.8125 -5.4688 -0.13116
-7.8125 -4.6875 -0.15592
-7.8125 -3.9063 -0.21674
-7.8125 -3.125 -0.18457
-7.8125 -2.3438 -0.11469
-7.8125 -1.5625 -0.0038638
-7.8125 -0.78125 0.049649
-7.8125 0 0.094967
-7.8125 0.78125 0.11295
-7.8125 1.5625 0.10459
-7.8125 2.3438 0.11614
-7.8125 3.125 0.13611
-7.8125 3.9063 0.12437
-7.8125 4.6875 -0.075108
-7.8125 5.4688 -0.25438
-7.8125 6.25 -0.22589
-7.8125 7.0313 -0.21898
-7.8125 7.8125 -0.16179
-7.8125 8.5938 -0.14785
-7.8125 9.375 -0.19362
-7.8125 10.156 -0.12897
-7.8125 10.938 -0.12875
-7.8125 11.719 -0.011758
-7.8125 12.5 0.10617
-7.8125 13.281 0.1282
-7.8125 14.063 0.066846
-7.8125 14.844 0.067321
-7.8125 15.625 0.091451
-7.8125 16.406 0.095766
-7.8125 17.188 0.083873
-7.8125 17.969 0.10248
-7.8125 18.75 0.055308
-7.8125 19.531 -0.068049
-7.8125 20.313 -0.31926
-7.8125 21.094 -0.39303
-7.8125 21.875 -0.33166
-7.8125 22.656 -0.098243
-7.8125 23.438 0.2242
-7.8125 24.219 0.39875
-7.8125 25 0.51399
-7.0313 -24.219 0.62595
-7.0313 -23.438 0.62243
-7.0313 -22.656 0.47068
-7.0313 -21.875 0.26273
-7.0313 -21.094 0.024028
-7.0313 -20.313 -0.072029
-7.0313 -19.531 -0.052393
-7.0313 -18.75 0.097261
-7.0313 -17.969 0.29848
-7.0313 -17.188 0.39867
-7.0313 -16.406 0.4046
-7.0313 -15.625 0.34023
-7.0313 -14.844 0.14516
-7.0313 -14.063 -0.062979
-7.0313 -13.281 -0.018844
-7.0313 -12.5 0.13382
-7.0313 -11.719 0.2642
-7.0313 -10.938 0.34825
-7.0313 -10.156 0.3611
-7.0313 -9.375 0.20502
-7.0313 -8.5938 0.073603
-7.0313 -7.8125 -0.021691
-7.0313 -7.0313 -0.10839
-7.0313 -6.25 -0.11053
-7.0313 -5.4688 -0.062362
-7.0313 -4.6875 -0.057761
-7.0313 -3.9063 -0.11664
-7.0313 -3.125 -0.19184
-7.0313 -2.3438 -0.15208
-7.0313 -1.5625 -0.0035461
-7.0313 -0.78125 0.15078
-7.0313 0 0.24056
-7.0313 0.78125 0.16737
-7.0313 1.5625 0.14659
-7.0313 2.3438 0.16153
-7.0313 3.125 0.13637
-7.0313 3.9063 0.094537
-7.0313 4.6875 -0.11188
-7.0313 5.4688 -0.20564
-7.0313 6.25 -0.19718
-7.0313 7.0313 -0.17085
-7.0313 7.8125 -0.11415
-7.0313 8.5938 -0.16927
-7.0313 9.375 -0.19795
-7.0313 10.156 -0.082524
-7.0313 10.938 0.012919
-7.0313 11.719 0.099717
-7.0313 12.5 0.1198
-7.0313 13.281 0.095215
-7.0313 14.063 0.077568
-7.0313 14.844 0.13149
-7.0313 15.625 0.13843
-7.0313 16.406 0.14601
-7.0313 17.188 0.12993
-7.0313 17.969 0.16618
-7.0313 18.75 0.13467
-7.0313 19.531 -0.016452
-7.0313 20.313 -0.23139
-7.0313 21.094 -0.26955
-7.0313 21.875 -0.19748
-7.0313 22.656 -0.034132
-7.0313 23.438 0.24592
-7.0313 24.219 0.39186
-7.0313 25 0.51356
-6.25 -24.219 0.67873
-6.25 -23.438 0.60342
-6.25 -22.656 0.46111
-6.25 -21.875 0.24337
-6.25 -21.094 0.0028449
-6.25 -20.313 -0.038414
-6.25 -19.531 -0.013364
-6.25 -18.75 0.14113
-6.25 -17.969 0.33104
-6.25 -17.188 0.48355
-6.25 -16.406 0.4859
-6.25 -15.625 0.39049
-6.25 -14.844 0.21622
-6.25 -14.063 0.0517
-6.25 -13.281 0.037957
-6.25 -12.5 0.0959
-6.25 -11.719 0.18037
-6.25 -10.938 0.25545
-6.25 -10.156 0.30885
-6.25 -9.375 0.15962
-6.25 -8.5938 0.022565
-6.25 -7.8125 -0.043332
-6.25 -7.0313 -0.053884
-6.25 -6.25 -0.076957
-6.25 -5.4688 -0.083557
-6.25 -4.6875 -0.050563
-6.25 -3.9063 -0.085779
-6.25 -3.125 -0.1889
-6.25 -2.3438 -0.15979
-6.25 -1.5625 -0.048404
-6.25 -0.78125 0.17388
-6.25 0 0.27605
-6.25 0.78125 0.17036
-6.25 1.5625 0.13935
-6.25 2.3438 0.12205
-6.25 3.125 0.13205
-6.25 3.9063 -0.050819
-6.25 4.6875 -0.18277
-6.25 5.4688 -0.19636
-6.25 6.25 -0.21348
-6.25 7.0313 -0.19359
-6.25 7.8125 -0.12408
-6.25 8.5938 -0.15091
-6.25 9.375 -0.17012
-6.25 10.156 -0.10628
-6.25 10.938 0.045783
-6.25 11.719 0.11149
-6.25 12.5 0.07343
-6.25 13.281 0.074599
-6.25 14.063 0.07469
-6.25 14.844 0.12139
-6.25 15.625 0.21194
-6.25 16.406 0.18479
-6.25 17.188 0.17101
-6.25 17.969 0.17076
-6.25 18.75 0.124
-6.25 19.531 -0.036311
-6.25 20.313 -0.17916
-6.25 21.094 -0.21797
-6.25 21.875 -0.097427
-6.25 22.656 0.050097
-6.25 23.438 0.33736
-6.25 24.219 0.42685
-6.25 25 0.53716
-5.4688 -24.219 0.59878
-5.4688 -23.438 0.56652
-5.4688 -22.656 0.4123
-5.4688 -21.875 0.23365
-5.4688 -21.094 -0.016458
-5.4688 -20.313 -0.098087
-5.4688 -19.531 -0.079261
-5.4688 -18.75 0.033916
-5.4688 -17.969 0.28404
-5.4688 -17.188 0.4847
-5.4688 -16.406 0.50789
-5.4688 -15.625 0.4313
-5.4688 -14.844 0.23918
-5.4688 -14.063 0.099416
-5.4688 -13.281 0.049291
-5.4688 -12.5 0.035003
-5.4688 -11.719 0.0023702
-5.4688 -10.938 0.15002
-5.4688 -10.156 0.23425
-5.4688 -9.375 0.14443
-5.4688 -8.5938 -0.019694
-5.4688 -7.8125 -0.043225
-5.4688 -7.0313 -0.07944
-5.4688 -6.25 -0.10745
-5.4688 -5.4688 -0.1128
-5.4688 -4.6875 -0.043528
-5.4688 -3.9063 -0.14694
-5.4688 -3.125 -0.22472
-5.4688 -2.3438 -0.20215
-5.4688 -1.5625 -0.069444
-5.4688 -0.78125 0.097923
-5.4688 0 0.17205
-5.4688 0.78125 0.12987
-5.4688 1.5625 0.15695
-5.4688 2.3438 0.16784
-5.4688 3.125 0.11976
-5.4688 3.9063 -0.11097
-5.4688 4.6875 -0.20355
-5.4688 5.4688 -0.22969
-5.4688 6.25 -0.20349
-5.4688 7.0313 -0.25589
-5.4688 7.8125 -0.20484
-5.4688 8.5938 -0.14464
-5.4688 9.375 -0.16091
-5.4688 10.156 -0.11647
-5.4688 10.938 0.014093
-5.4688 11.719 0.072839
-5.4688 12.5 0.093998
-5.4688 13.281 0.043462
-5.4688 14.063 0.073535
-5.4688 14.844 0.10358
-5.4688 15.625 0.15661
-5.4688 16.406 0.15555
-5.4688 17.188 0.14747
-5.4688 17.969 0.10455
-5.4688 18.75 0.068871
-5.4688 19.531 -0.075855
-5.4688 20.313 -0.19081
-5.4688 21.094 -0.13738
-5.4688 21.875 -0.013475
-5.4688 22.656 0.16205
-5.4688 23.438 0.4366
-5.4688 24.219 0.49738
-5.4688 25 0.54327
-4.6875 -24.219 0.55709
-4.6875 -23.438 0.49712
-4.6875 -22.656 0.39072
-4.6875 -21.875 0.2091
-4.6875 -21.094 -0.078404
-4.6875 -20.313 -0.1482
-4.6875 -19.531 -0.1684
-4.6875 -18.75 -0.076961
-4.6875 -17.969 0.16376
-4.6875 -17.188 0.42574
-4.6875 -16.406 0.49548
-4.6875 -15.625 0.40597
-4.6875 -14.844 0.23265
-4.6875 -14.063 0.12154
-4.6875 -13.281 0.027962
-4.6875 -12.5 0.0033944
-4.6875 -11.719 -0.025632
-4.6875 -10.938 0.12604
-4.6875 -10.156 0.23192
-4.6875 -9.375 0.10241
-4.6875 -8.5938 -0.0013583
-4.6875 -7.8125 -0.031477
-4.6875 -7.0313 -0.099477
-4.6875 -6.25 -0.14534
-4.6875 -5.4688 -0.10862
-4.6875 -4.6875 -0.09921
-4.6875 -3.9063 -0.19586
-4.6875 -3.125 -0.19024
-4.6875 -2.3438 -0.1663
-4.6875 -1.5625 -0.087487
-4.6875 -0.78125 -0.014305
-4.6875 0 0.10098
-4.6875 0.78125 0.16843
-4.6875 1.5625 0.23762
-4.6875 2.3438 0.22159
-4.6875 3.125 0.11554
-4.6875 3.9063 -0.048743
-4.6875 4.6875 -0.18847
-4.6875 5.4688 -0.23354
-4.6875 6.25 -0.18874
-4.6875 7.0313 -0.22043
-4.6875 7.8125 -0.18399
-4.6875 8.5938 -0.10617
-4.6875 9.375 -0.099676
-4.6875 10.156 -0.043307
-4.6875 10.938 0.043992
-4.6875 11.719 0.17253
-4.6875 12.5 0.18171
-4.6875 13.281 0.10621
-4.6875 14.063 0.086963
-4.6875 14.844 0.10779
-4.6875 15.625 0.14946
-4.6875 16.406 0.14118
-4.6875 17.188 0.12449
-4.6875 17.969 0.10256
-4.6875 18.75 0.025101
-4.6875 19.531 -0.11012
-4.6875 20.313 -0.14677
-4.6875 21.094 -0.063761
-4.6875 21.875 0.041244
-4.6875 22.656 0.22605
-4.6875 23.438 0.46746
-4.6875 24.219 0.53578
-4.6875 25 0.55102
-3.9063 -24.219 0.49768
-3.9063 -23.438 0.47025
-3.9063 -22.656 0.42419
-3.9063 -21.875 0.22219
-3.9063 -21.094 -0.070181
-3.9063 -20.313 -0.1558
-3.9063 -19.531 -0.14905
-3.9063 -18.75 -0.12077
-3.9063 -17.969 0.059045
-3.9063 -17.188 0.31581
-3.9063 -16.406 0.4013
-3.9063 -15.625 0.34322
-3.9063 -14.844 0.20928
-3.9063 -14.063 0.093804
-3.9063 -13.281 -0.010656
-3.9063 -12.5 -0.0051206
-3.9063 -11.719 0.027309
-3.9063 -10.938 0.11207
-3.9063 -10.156 0.20868
-3.9063 -9.375 0.081406
-3.9063 -8.5938 0.033343
-3.9063 -7.8125 -0.014086
-3.9063 -7.0313 -0.075247
-3.9063 -6.25 -0.086175
-3.9063 -5.4688 -0.098682
-3.9063 -4.6875 -0.14432
-3.9063 -3.9063 -0.2163
-3.9063 -3.125 -0.14839
-3.9063 -2.3438 -0.11501
-3.9063 -1.5625 -0.071615
-3.9063 -0.78125 0.0037455
-3.9063 0 0.14019
-3.9063 0.78125 0.24482
-3.9063 1.5625 0.31904
-3.9063 2.3438 0.25826
-3.9063 3.125 0.15206
-3.9063 3.9063 -0.014474
-3.9063 4.6875 -0.16983
-3.9063 5.4688 -0.2177
-3.9063 6.25 -0.14522
-3.9063 7.0313 -0.16927
-3.9063 7.8125 -0.1587
-3.9063 8.5938 -0.13232
-3.9063 9.375 -0.057213
-3.9063 10.156 -0.037143
-3.9063 10.938 0.10232
-3.9063 11.719 0.29898
-3.9063 12.5 0.30257
-3.9063 13.281 0.20951
-3.9063 14.063 0.11775
-3.9063 14.844 0.030689
-3.9063 15.625 0.073377
-3.9063 16.406 0.16837
-3.9063 17.188 0.20755
-3.9063 17.969 0.11692
-3.9063 18.75 0.0015689
-3.9063 19.531 -0.13095
-3.9063 20.313 -0.16326
-3.9063 21.094 -0.081354
-3.9063 21.875 0.085523
-3.9063 22.656 0.1896
-3.9063 23.438 0.40825
-3.9063 24.219 0.51207
-3.9063 25 0.52823
-3.125 -24.219 0.4453
-3.125 -23.438 0.44734
-3.125 -22.656 0.42615
-3.125 -21.875 0.23084
-3.125 -21.094 -0.049844
-3.125 -20.313 -0.14646
-3.125 -19.531 -0.14505
-3.125 -18.75 -0.06731
-3.125 -17.969 0.06412
-3.125 -17.188 0.25373
-3.125 -16.406 0.33942
-3.125 -15.625 0.30761
-3.125 -14.844 0.24157
-3.125 -14.063 0.088674
-3.125 -13.281 -0.02022
-3.125 -12.5 -0.031939
-3.125 -11.719 -0.0022394
-3.125 -10.938 0.073135
-3.125 -10.156 0.16786
-3.125 -9.375 0.070167
-3.125 -8.5938 -0.010652
-3.125 -7.8125 0.022276
-3.125 -7.0313 -0.0012354
-3.125 -6.25 -0.035801
-3.125 -5.4688 -0.062777
-3.125 -4.6875 -0.16931
-3.125 -3.9063 -0.20617
-3.125 -3.125 -0.080166
-3.125 -2.3438 -0.038604
-3.125 -1.5625 0.0013737
-3.125 -0.78125 0.046953
-3.125 0 0.15803
-3.125 0.78125 0.26738
-3.125 1.5625 0.32114
-3.125 2.3438 0.26326
-3.125 3.125 0.17475
-3.125 3.9063 0.032343
-3.125 4.6875 -0.062624
-3.125 5.4688 -0.14297
-3.125 6.25 -0.15729
-3.125 7.0313 -0.14556
-3.125 7.8125 -0.099787
-3.125 8.5938 -0.055631
-3.125 9.375 -0.00041192
-3.125 10.156 0.047292
-3.125 10.938 0.16431
-3.125 11.719 0.36667
-3.125 12.5 0.34903
-3.125 13.281 0.25627
-3.125 14.063 0.13298
-3.125 14.844 0.039696
-3.125 15.625 0.08081
-3.125 16.406 0.23705
-3.125 17.188 0.34632
-3.125 17.969 0.20777
-3.125 18.75 0.074989
-3.125 19.531 -0.07901
-3.125 20.313 -0.078255
-3.125 21.094 -0.047439
-3.125 21.875 0.09125
-3.125 22.656 0.19534
-3.125 23.438 0.41026
-3.125 24.219 0.47599
-3.125 25 0.50633
-2.3438 -24.219 0.42104
-2.3438 -23.438 0.36924
-2.3438 -22.656 0.38315
-2.3438 -21.875 0.25007
-2.3438 -21.094 -0.033865
-2.3438 -20.313 -0.16572
-2.3438 -19.531 -0.16753
-2.3438 -18.75 -0.095994
-2.3438 -17.969 0.0057711
-2.3438 -17.188 0.15984
-2.3438 -16.406 0.29925
-2.3438 -15.625 0.31394
-2.3438 -14.844 0.23771
-2.3438 -14.063 0.060874
-2.3438 -13.281 -0.0054108
-2.3438 -12.5 -0.085975
-2.3438 -11.719 -0.10293
-2.3438 -10.938 0.043431
-2.3438 -10.156 0.10341
-2.3438 -9.375 0.047257
-2.3438 -8.5938 0.056608
-2.3438 -7.8125 0.026532
-2.3438 -7.0313 -0.0082733
-2.3438 -6.25 -0.05596
-2.3438 -5.4688 -0.088868
-2.3438 -4.6875 -0.18813
-2.3438 -3.9063 -0.21809
-2.3438 -3.125 -0.091816
-2.3438 -2.3438 0.0099655
-2.3438 -1.5625 -0.011538
-2.3438 -0.78125 0.030733
-2.3438 0 0.14155
-2.3438 0.78125 0.23525
-2.3438 1.5625 0.27048
-2.3438 2.3438 0.22976
-2.3438 3.125 0.14214
-2.3438 3.9063 0.070616
-2.3438 4.6875 0.0030691
-2.3438 5.4688 -0.13297
-2.3438 6.25 -0.15597
-2.3438 7.0313 -0.12664
-2.3438 7.8125 -0.094458
-2.3438 8.5938 -0.046298
-2.3438 9.375 0.0455
-2.3438 10.156 0.11564
-2.3438 10.938 0.18132
-2.3438 11.719 0.3181
-2.3438 12.5 0.25795
-2.3438 13.281 0.207
-2.3438 14.063 0.17409
-2.3438 14.844 0.16358
-2.3438 15.625 0.14753
-2.3438 16.406 0.31398
-2.3438 17.188 0.41384
-2.3438 17.969 0.28617
-2.3438 18.75 0.085889
-2.3438 19.531 -0.016877
-2.3438 20.313 -0.077363
-2.3438 21.094 -0.040272
-2.3438 21.875 0.073461
-2.3438 22.656 0.20089
-2.3438 23.438 0.33563
-2.3438 24.219 0.4185
-2.3438 25 0.4534
-1.5625 -24.219 0.39577
-1.5625 -23.438 0.35352
-1.5625 -22.656 0.36755
-1.5625 -21.875 0.25138
-1.5625 -21.094 0.029051
-1.5625 -20.313 -0.13789
-1.5625 -19.531 -0.16438
-1.5625 -18.75 -0.10702
-1.5625 -17.969 0.018629
-1.5625 -17.188 0.14184
-1.5625 -16.406 0.29553
-1.5625 -15.625 0.27836
-1.5625 -14.844 0.17731
-1.5625 -14.063 -0.0094935
-1.5625 -13.281 -0.1313
-1.5625 -12.5 -0.2322
-1.5625 -11.719 -0.18801
-1.5625 -10.938 -0.061078
-1.5625 -10.156 0.052233
-1.5625 -9.375 0.051941
-1.5625 -8.5938 0.05194
-1.5625 -7.8125 -0.057714
-1.5625 -7.0313 -0.040002
-1.5625 -6.25 -0.052793
-1.5625 -5.4688 -0.11512
-1.5625 -4.6875 -0.22064
-1.5625 -3.9063 -0.21475
-1.5625 -3.125 -0.12411
-1.5625 -2.3438 -0.023794
-1.5625 -1.5625 -0.037833
-1.5625 -0.78125 0.0050016
-1.5625 0 0.095685
-1.5625 0.78125 0.23754
-1.5625 1.5625 0.26109
-1.5625 2.3438 0.20379
-1.5625 3.125 0.065645
-1.5625 3.9063 0.039904
-1.5625 4.6875 0.0064221
-1.5625 5.4688 -0.072795
-1.5625 6.25 -0.15109
-1.5625 7.0313 -0.069083
-1.5625 7.8125 -0.029432
-1.5625 8.5938 0.0067186
-1.5625 9.375 0.08567
-1.5625 10.156 0.13862
-1.5625 10.938 0.14993
-1.5625 11.719 0.2483
-1.5625 12.5 0.1888
-1.5625 13.281 0.15506
-1.5625 14.063 0.15617
-1.5625 14.844 0.1917
-1.5625 15.625 0.23047
-1.5625 16.406 0.38954
-1.5625 17.188 0.44408
-1.5625 17.969 0.34897
-1.5625 18.75 0.21269
-1.5625 19.531 0.074937
-1.5625 20.313 0.015434
-1.5625 21.094 0.081888
-1.5625 21.875 0.16796
-1.5625 22.656 0.20297
-1.5625 23.438 0.31635
-1.5625 24.219 0.39595
-1.5625 25 0.33913
-0.78125 -24.219 0.26504
-0.78125 -23.438 0.34813
-0.78125 -22.656 0.33427
-0.78125 -21.875 0.2165
-0.78125 -21.094 0.04072
-0.78125 -20.313 -0.064406
-0.78125 -19.531 -0.093416
-0.78125 -18.75 -0.093471
-0.78125 -17.969 0.0096222
-0.78125 -17.188 0.16149
-0.78125 -16.406 0.25129
-0.78125 -15.625 0.18197
-0.78125 -14.844 0.14598
-0.78125 -14.063 -0.049562
-0.78125 -13.281 -0.17002
-0.78125 -12.5 -0.24591
-0.78125 -11.719 -0.17738
-0.78125 -10.938 -0.067571
-0.78125 -10.156 -0.038798
-0.78125 -9.375 0.0011627
-0.78125 -8.5938 -0.046612
-0.78125 -7.8125 -0.11791
-0.78125 -7.0313 -0.10763
-0.78125 -6.25 -0.1078
-0.78125 -5.4688 -0.16758
-0.78125 -4.6875 -0.21249
-0.78125 -3.9063 -0.20869
-0.78125 -3.125 -0.135
-0.78125 -2.3438 -0.07808
-0.78125 -1.5625 -0.068837
-0.78125 -0.78125 -0.092949
-0.78125 0 0.038628
-0.78125 0.78125 0.1503
-0.78125 1.5625 0.21131
-0.78125 2.3438 0.12246
-0.78125 3.125 0.026197
-0.78125 3.9063 -0.057427
-0.78125 4.6875 -0.08199
-0.78125 5.4688 -0.076804
-0.78125 6.25 -0.1105
-0.78125 7.0313 -0.089602
-0.78125 7.8125 -0.064857
-0.78125 8.5938 0.019106
-0.78125 9.375 0.097591
-0.78125 10.156 0.084591
-0.78125 10.938 0.073071
-0.78125 11.719 0.14875
-0.78125 12.5 0.15003
-0.78125 13.281 0.091061
-0.78125 14.063 0.11043
-0.78125 14.844 0.13841
-0.78125 15.625 0.18968
-0.78125 16.406 0.34409
-0.78125 17.188 0.40788
-0.78125 17.969 0.35488
-0.78125 18.75 0.2372
-0.78125 19.531 0.11491
-0.78125 20.313 0.059237
-0.78125 21.094 0.13131
-0.78125 21.875 0.20175
-0.78125 22.656 0.23745
-0.78125 23.438 0.3643
-0.78125 24.219 0.41219
-0.78125 25 0.31616
0 -24.219 0.22353
0 -23.438 0.28599
0 -22.656 0.2813
0 -21.875 0.22568
0 -21.094 0.020299
0 -20.313 -0.095285
0 -19.531 -0.1307
0 -18.75 -0.083409
0 -17.969 0.069035
0 -17.188 0.18913
0 -16.406 0.19783
0 -15.625 0.079851
0 -14.844 0.0447
0 -14.063 -0.098711
0 -13.281 -0.17781
0 -12.5 -0.27437
0 -11.719 -0.16612
0 -10.938 -0.028256
0 -10.156 -0.034741
0 -9.375 -0.039811
0 -8.5938 -0.10426
0 -7.8125 -0.18345
0 -7.0313 -0.14638
0 -6.25 -0.1491
0 -5.4688 -0.24427
0 -4.6875 -0.28664
0 -3.9063 -0.22597
0 -3.125 -0.18892
0 -2.3438 -0.15181
0 -1.5625 -0.14996
0 -0.78125 -0.17147
0 0 -0.043774
0 0.78125 0.07349
0 1.5625 0.062353
0 2.3438 -0.0020863
0 3.125 -0.03631
0 3.9063 -0.12941
0 4.6875 -0.12739
0 5.4688 -0.1186
0 6.25 -0.18376
0 7.0313 -0.15571
0 7.8125 -0.13877
0 8.5938 -0.02944
0 9.375 -0.026805
0 10.156 -0.025202
0 10.938 -0.054691
0 11.719 0.062232
0 12.5 0.064313
0 13.281 0.053221
0 14.063 0.075155
0 14.844 0.10029
0 15.625 0.097995
0 16.406 0.2427
0 17.188 0.30882
0 17.969 0.28683
0 18.75 0.19912
0 19.531 0.080482
0 20.313 0.015023
0 21.094 0.067762
0 21.875 0.17633
0 22.656 0.24198
0 23.438 0.32835
0 24.219 0.35096
0 25 0.2717
0.78125 -24.219 0.288
0.78125 -23.438 0.30662
0.78125 -22.656 0.28832
0.78125 -21.875 0.22563
0.78125 -21.094 -0.0092639
0.78125 -20.313 -0.13957
0.78125 -19.531 -0.17336
0.78125 -18.75 -0.11824
0.78125 -17.969 0.055734
0.78125 -17.188 0.15616
0.78125 -16.406 0.12391
0.78125 -15.625 0.075616
0.78125 -14.844 0.03359
0.78125 -14.063 -0.066802
0.78125 -13.281 -0.17783
0.78125 -12.5 -0.22377
0.78125 -11.719 -0.15489
0.78125 -10.938 0.049773
0.78125 -10.156 0.031026
0.78125 -9.375 -0.0076142
0.78125 -8.5938 -0.039705
0.78125 -7.8125 -0.13666
0.78125 -7.0313 -0.18189
0.78125 -6.25 -0.17524
0.78125 -5.4688 -0.26241
0.78125 -4.6875 -0.29527
0.78125 -3.9063 -0.28696
0.78125 -3.125 -0.21898
0.78125 -2.3438 -0.17421
0.78125 -1.5625 -0.17306
0.78125 -0.78125 -0.15597
0.78125 0 -0.070985
0.78125 0.78125 0.02394
0.78125 1.5625 0.067255
0.78125 2.3438 -0.060832
0.78125 3.125 -0.15156
0.78125 3.9063 -0.16669
0.78125 4.6875 -0.164
0.78125 5.4688 -0.18106
0.78125 6.25 -0.25214
0.78125 7.0313 -0.19353
0.78125 7.8125 -0.17237
0.78125 8.5938 -0.10187
0.78125 9.375 -0.094652
0.78125 10.156 -0.11482
0.78125 10.938 -0.12462
0.78125 11.719 -0.037581
0.78125 12.5 -0.0042873
0.78125 13.281 0.018685
0.78125 14.063 0.063495
0.78125 14.844 0.05536
0.78125 15.625 0.10471
0.78125 16.406 0.15536
0.78125 17.188 0.24756
0.78125 17.969 0.2432
0.78125 18.75 0.17137
0.78125 19.531 0.024661
0.78125 20.313 -0.021036
0.78125 21.094 0.00055001
0.78125 21.875 0.089273
0.78125 22.656 0.13762
0.78125 23.438 0.24318
0.78125 24.219 0.2475
0.78125 25 0.2654
1.5625 -24.219 0.38395
1.5625 -23.438 0.39887
1.5625 -22.656 0.38288
1.5625 -21.875 0.26139
1.5625 -21.094 -0.0056775
1.5625 -20.313 -0.17196
1.5625 -19.531 -0.19128
1.5625 -18.75 -0.11798
1.5625 -17.969 0.019208
1.5625 -17.188 0.090015
1.5625 -16.406 0.097326
1.5625 -15.625 0.093247
1.5625 -14.844 0.10295
1.5625 -14.063 0.030267
1.5625 -13.281 -0.062499
1.5625 -12.5 -0.14436
1.5625 -11.719 -0.060181
1.5625 -10.938 0.08734
1.5625 -10.156 0.12721
1.5625 -9.375 0.10947
1.5625 -8.5938 0.09381
1.5625 -7.8125 -0.062423
1.5625 -7.0313 -0.14878
1.5625 -6.25 -0.18335
1.5625 -5.4688 -0.21014
1.5625 -4.6875 -0.2687
1.5625 -3.9063 -0.17806
1.5625 -3.125 -0.099501
1.5625 -2.3438 -0.060548
1.5625 -1.5625 -0.04189
1.5625 -0.78125 0.020604
1.5625 0 0.038969
1.5625 0.78125 0.067376
1.5625 1.5625 0.071566
1.5625 2.3438 -0.041035
1.5625 3.125 -0.12683
1.5625 3.9063 -0.10351
1.5625 4.6875 -0.080204
1.5625 5.4688 -0.15304
1.5625 6.25 -0.20653
1.5625 7.0313 -0.15842
1.5625 7.8125 -0.13566
1.5625 8.5938 -0.13508
1.5625 9.375 -0.14763
1.5625 10.156 -0.10662
1.5625 10.938 -0.13208
1.5625 11.719 -0.036368
1.5625 12.5 -0.024889
1.5625 13.281 -0.041853
1.5625 14.063 -0.015238
1.5625 14.844 -0.0099547
1.5625 15.625 0.079703
1.5625 16.406 0.19469
1.5625 17.188 0.26099
1.5625 17.969 0.30841
1.5625 18.75 0.18468
1.5625 19.531 0.040505
1.5625 20.313 -0.039205
1.5625 21.094 -0.04746
1.5625 21.875 -0.039308
1.5625 22.656 0.041043
1.5625 23.438 0.20075
1.5625 24.219 0.25319
1.5625 25 0.3209
2.3438 -24.219 0.51084
2.3438 -23.438 0.57097
2.3438 -22.656 0.53193
2.3438 -21.875 0.3065
2.3438 -21.094 0.038923
2.3438 -20.313 -0.15849
2.3438 -19.531 -0.21266
2.3438 -18.75 -0.11015
2.3438 -17.969 0.046205
2.3438 -17.188 0.057707
2.3438 -16.406 0.054908
2.3438 -15.625 0.088149
2.3438 -14.844 0.10957
2.3438 -14.063 0.063325
2.3438 -13.281 -0.011032
2.3438 -12.5 -0.055615
2.3438 -11.719 -0.018331
2.3438 -10.938 0.11734
2.3438 -10.156 0.2545
2.3438 -9.375 0.27042
2.3438 -8.5938 0.18114
2.3438 -7.8125 0.01275
2.3438 -7.0313 -0.11748
2.3438 -6.25 -0.19448
2.3438 -5.4688 -0.20457
2.3438 -4.6875 -0.19227
2.3438 -3.9063 -0.073027
2.3438 -3.125 0.073766
2.3438 -2.3438 0.093087
2.3438 -1.5625 0.091383
2.3438 -0.78125 0.17665
2.3438 0 0.17798
2.3438 0.78125 0.085719
2.3438 1.5625 0.11064
2.3438 2.3438 0.067273
2.3438 3.125 -0.015366
2.3438 3.9063 -0.0050479
2.3438 4.6875 -0.0076301
2.3438 5.4688 -0.036375
2.3438 6.25 -0.083269
2.3438 7.0313 -0.090218
2.3438 7.8125 -0.065194
2.3438 8.5938 -0.12022
2.3438 9.375 -0.14833
2.3438 10.156 -0.043355
2.3438 10.938 -0.082968
2.3438 11.719 -0.034097
2.3438 12.5 0.010308
2.3438 13.281 -0.075327
2.3438 14.063 -0.054314
2.3438 14.844 -0.049264
2.3438 15.625 0.085563
2.3438 16.406 0.23972
2.3438 17.188 0.36534
2.3438 17.969 0.39488
2.3438 18.75 0.23314
2.3438 19.531 0.071979
2.3438 20.313 -0.086018
2.3438 21.094 -0.11132
2.3438 21.875 -0.076934
2.3438 22.656 0.009078
2.3438 23.438 0.21225
2.3438 24.219 0.32737
2.3438 25 0.45591
3.125 -24.219 0.64859
3.125 -23.438 0.70183
3.125 -22.656 0.6356
3.125 -21.875 0.33668
3.125 -21.094 0.11183
3.125 -20.313 -0.083344
3.125 -19.531 -0.15484
3.125 -18.75 -0.10896
3.125 -17.969 0.033371
3.125 -17.188 0.10562
3.125 -16.406 0.11819
3.125 -15.625 0.095364
3.125 -14.844 0.1045
3.125 -14.063 0.0022751
3.125 -13.281 -0.049831
3.125 -12.5 -0.10867
3.125 -11.719 0.017021
3.125 -10.938 0.14484
3.125 -10.156 0.27758
3.125 -9.375 0.27723
3.125 -8.5938 0.1506
3.125 -7.8125 -0.035768
3.125 -7.0313 -0.15401
3.125 -6.25 -0.19783
3.125 -5.4688 -0.1712
3.125 -4.6875 -0.1533
3.125 -3.9063 -0.027038
3.125 -3.125 0.14172
3.125 -2.3438 0.14379
3.125 -1.5625 0.10391
3.125 -0.78125 0.20925
3.125 0 0.2206
3.125 0.78125 0.12165
3.125 1.5625 0.16103
3.125 2.3438 0.11521
3.125 3.125 -0.0067941
3.125 3.9063 0.043959
3.125 4.6875 0.056647
3.125 5.4688 0.036696
3.125 6.25 -0.0093939
3.125 7.0313 -0.037143
3.125 7.8125 -0.061452
3.125 8.5938 -0.1024
3.125 9.375 -0.15572
3.125 10.156 -0.071307
3.125 10.938 -0.10381
3.125 11.719 -0.034936
3.125 12.5 -0.0052786
3.125 13.281 -0.058734
3.125 14.063 -0.081646
3.125 14.844 0.044391
3.125 15.625 0.12889
3.125 16.406 0.33847
3.125 17.188 0.43886
3.125 17.969 0.42734
3.125 18.75 0.2392
3.125 19.531 0.062428
3.125 20.313 -0.087911
3.125 21.094 -0.13043
3.125 21.875 -0.065474
3.125 22.656 0.080451
3.125 23.438 0.21203
3.125 24.219 0.36062
3.125 25 0.48989
3.9063 -24.219 0.73054
3.9063 -23.438 0.75846
3.9063 -22.656 0.62075
3.9063 -21.875 0.40758
3.9063 -21.094 0.16909
3.9063 -20.313 -0.0035507
3.9063 -19.531 -0.11171
3.9063 -18.75 -0.084657
3.9063 -17.969 0.021337
3.9063 -17.188 0.14185
3.9063 -16.406 0.15599
3.9063 -15.625 0.12021
3.9063 -14.844 0.06847
3.9063 -14.063 -0.023428
3.9063 -13.281 -0.072562
3.9063 -12.5 -0.12715
3.9063 -11.719 0.0031632
3.9063 -10.938 0.16073
3.9063 -10.156 0.23806
3.9063 -9.375 0.24581
3.9063 -8.5938 0.15354
3.9063 -7.8125 -0.075593
3.9063 -7.0313 -0.21592
3.9063 -6.25 -0.22456
3.9063 -5.4688 -0.1842
3.9063 -4.6875 -0.11225
3.9063 -3.9063 -0.054529
3.9063 -3.125 0.060062
3.9063 -2.3438 0.17252
3.9063 -1.5625 0.13826
3.9063 -0.78125 0.19122
3.9063 0 0.20526
3.9063 0.78125 0.15646
3.9063 1.5625 0.16002
3.9063 2.3438 0.10983
3.9063 3.125 0.052825
3.9063 3.9063 0.090171
3.9063 4.6875 0.12849
3.9063 5.4688 0.074619
3.9063 6.25 0.053713
3.9063 7.0313 -0.057866
3.9063 7.8125 -0.093544
3.9063 8.5938 -0.096791
3.9063 9.375 -0.15618
3.9063 10.156 -0.12812
3.9063 10.938 -0.11637
3.9063 11.719 -0.058756
3.9063 12.5 0.02491
3.9063 13.281 0.012629
3.9063 14.063 0.0011119
3.9063 14.844 0.06411
3.9063 15.625 0.15503
3.9063 16.406 0.35301
3.9063 17.188 0.41164
3.9063 17.969 0.36992
3.9063 18.75 0.18589
3.9063 19.531 -0.016819
3.9063 20.313 -0.095179
3.9063 21.094 -0.11727
3.9063 21.875 -0.051639
3.9063 22.656 0.10384
3.9063 23.438 0.1818
3.9063 24.219 0.37436
3.9063 25 0.54454
4.6875 -24.219 0.73795
4.6875 -23.438 0.71445
4.6875 -22.656 0.5743
4.6875 -21.875 0.40448
4.6875 -21.094 0.19672
4.6875 -20.313 0.015414
4.6875 -19.531 -0.16003
4.6875 -18.75 -0.09264
4.6875 -17.969 0.043409
4.6875 -17.188 0.22348
4.6875 -16.406 0.22628
4.6875 -15.625 0.14885
4.6875 -14.844 0.033182
4.6875 -14.063 0.037144
4.6875 -13.281 -0.034798
4.6875 -12.5 -0.064833
4.6875 -11.719 0.0035489
4.6875 -10.938 0.16252
4.6875 -10.156 0.31197
4.6875 -9.375 0.26465
4.6875 -8.5938 0.20185
4.6875 -7.8125 0.02087
4.6875 -7.0313 -0.10208
4.6875 -6.25 -0.17783
4.6875 -5.4688 -0.21377
4.6875 -4.6875 -0.16356
4.6875 -3.9063 -0.1251
4.6875 -3.125 0.026526
4.6875 -2.3438 0.11227
4.6875 -1.5625 0.18335
4.6875 -0.78125 0.22951
4.6875 0 0.22615
4.6875 0.78125 0.19998
4.6875 1.5625 0.18869
4.6875 2.3438 0.1404
4.6875 3.125 0.10951
4.6875 3.9063 0.10218
4.6875 4.6875 0.1155
4.6875 5.4688 0.065305
4.6875 6.25 0.047488
4.6875 7.0313 -0.10817
4.6875 7.8125 -0.095296
4.6875 8.5938 -0.13518
4.6875 9.375 -0.19898
4.6875 10.156 -0.16969
4.6875 10.938 -0.10335
4.6875 11.719 0.009361
4.6875 12.5 0.067546
4.6875 13.281 0.059417
4.6875 14.063 0.044768
4.6875 14.844 0.032402
4.6875 15.625 0.13346
4.6875 16.406 0.2709
4.6875 17.188 0.32391
4.6875 17.969 0.33596
4.6875 18.75 0.23626
4.6875 19.531 0.017045
4.6875 20.313 -0.12732
4.6875 21.094 -0.18796
4.6875 21.875 -0.13226
4.6875 22.656 0.012285
4.6875 23.438 0.20753
4.6875 24.219 0.43357
4.6875 25 0.62948
5.4688 -24.219 0.70983
5.4688 -23.438 0.66727
5.4688 -22.656 0.5699
5.4688 -21.875 0.37879
5.4688 -21.094 0.13602
5.4688 -20.313 -0.073747
5.4688 -19.531 -0.22793
5.4688 -18.75 -0.14641
5.4688 -17.969 0.076343
5.4688 -17.188 0.2607
5.4688 -16.406 0.24511
5.4688 -15.625 0.12195
5.4688 -14.844 0.023704
5.4688 -14.063 0.0316
5.4688 -13.281 -0.064596
5.4688 -12.5 -0.041285
5.4688 -11.719 -0.018923
5.4688 -10.938 0.16678
5.4688 -10.156 0.36385
5.4688 -9.375 0.30031
5.4688 -8.5938 0.18407
5.4688 -7.8125 0.048105
5.4688 -7.0313 -0.049415
5.4688 -6.25 -0.16446
5.4688 -5.4688 -0.27633
5.4688 -4.6875 -0.30521
5.4688 -3.9063 -0.17629
5.4688 -3.125 0.021124
5.4688 -2.3438 0.068872
5.4688 -1.5625 0.15416
5.4688 -0.78125 0.278
5.4688 0 0.29302
5.4688 0.78125 0.20575
5.4688 1.5625 0.22453
5.4688 2.3438 0.1137
5.4688 3.125 0.075143
5.4688 3.9063 0.069185
5.4688 4.6875 0.08956
5.4688 5.4688 0.021913
5.4688 6.25 -0.032232
5.4688 7.0313 -0.13492
5.4688 7.8125 -0.18412
5.4688 8.5938 -0.18627
5.4688 9.375 -0.22176
5.4688 10.156 -0.16107
5.4688 10.938 -0.021268
5.4688 11.719 0.054643
5.4688 12.5 0.055773
5.4688 13.281 -0.00065426
5.4688 14.063 -0.036258
5.4688 14.844 -0.045173
5.4688 15.625 0.048911
5.4688 16.406 0.17526
5.4688 17.188 0.24294
5.4688 17.969 0.30579
5.4688 18.75 0.25295
5.4688 19.531 0.063976
5.4688 20.313 -0.16269
5.4688 21.094 -0.28824
5.4688 21.875 -0.27052
5.4688 22.656 -0.13336
5.4688 23.438 0.19905
5.4688 24.219 0.4727
5.4688 25 0.66398
6.25 -24.219 0.66635
6.25 -23.438 0.61322
6.25 -22.656 0.57861
6.25 -21.875 0.41636
6.25 -21.094 0.11949
6.25 -20.313 -0.089865
6.25 -19.531 -0.15865
6.25 -18.75 -0.043458
6.25 -17.969 0.080384
6.25 -17.188 0.23336
6.25 -16.406 0.24833
6.25 -15.625 0.14925
6.25 -14.844 0.058472
6.25 -14.063 0.015117
6.25 -13.281 -0.053932
6.25 -12.5 -0.04447
6.25 -11.719 0.032743
6.25 -10.938 0.24923
6.25 -10.156 0.35424
6.25 -9.375 0.33299
6.25 -8.5938 0.22221
6.25 -7.8125 0.077155
6.25 -7.0313 -0.097299
6.25 -6.25 -0.20733
6.25 -5.4688 -0.31318
6.25 -4.6875 -0.31598
6.25 -3.9063 -0.15811
6.25 -3.125 0.017586
6.25 -2.3438 0.05985
6.25 -1.5625 0.13661
6.25 -0.78125 0.29619
6.25 0 0.34849
6.25 0.78125 0.2396
6.25 1.5625 0.16676
6.25 2.3438 0.099474
6.25 3.125 0.10081
6.25 3.9063 0.10681
6.25 4.6875 0.10278
6.25 5.4688 0.0074945
6.25 6.25 -0.09221
6.25 7.0313 -0.1648
6.25 7.8125 -0.22764
6.25 8.5938 -0.25967
6.25 9.375 -0.22208
6.25 10.156 -0.13679
6.25 10.938 0.0015885
6.25 11.719 0.12564
6.25 12.5 0.065072
6.25 13.281 -0.050951
6.25 14.063 -0.12133
6.25 14.844 -0.096587
6.25 15.625 0.027475
6.25 16.406 0.12535
6.25 17.188 0.25471
6.25 17.969 0.30319
6.25 18.75 0.25499
6.25 19.531 0.079923
6.25 20.313 -0.172
6.25 21.094 -0.37027
6.25 21.875 -0.39959
6.25 22.656 -0.2174
6.25 23.438 0.19898
6.25 24.219 0.47054
6.25 25 0.60376
7.0313 -24.219 0.6626
7.0313 -23.438 0.65116
7.0313 -22.656 0.60546
7.0313 -21.875 0.46712
7.0313 -21.094 0.076733
7.0313 -20.313 -0.10729
7.0313 -19.531 -0.18849
7.0313 -18.75 -0.037361
7.0313 -17.969 0.088366
7.0313 -17.188 0.23691
7.0313 -16.406 0.24427
7.0313 -15.625 0.16681
7.0313 -14.844 0.092774
7.0313 -14.063 0.012832
7.0313 -13.281 -0.022104
7.0313 -12.5 -0.0015368
7.0313 -11.719 0.053103
7.0313 -10.938 0.26081
7.0313 -10.156 0.32262
7.0313 -9.375 0.37382
7.0313 -8.5938 0.22841
7.0313 -7.8125 0.076712
7.0313 -7.0313 -0.094069
7.0313 -6.25 -0.20633
7.0313 -5.4688 -0.29337
7.0313 -4.6875 -0.26293
7.0313 -3.9063 -0.16236
7.0313 -3.125 -0.047696
7.0313 -2.3438 -0.0098291
7.0313 -1.5625 0.11007
7.0313 -0.78125 0.29845
7.0313 0 0.31689
7.0313 0.78125 0.22355
7.0313 1.5625 0.15051
7.0313 2.3438 0.043688
7.0313 3.125 0.077513
7.0313 3.9063 0.12944
7.0313 4.6875 0.11869
7.0313 5.4688 0.0063763
7.0313 6.25 -0.073297
7.0313 7.0313 -0.18656
7.0313 7.8125 -0.25905
7.0313 8.5938 -0.24618
7.0313 9.375 -0.19236
7.0313 10.156 -0.076202
7.0313 10.938 0.093361
7.0313 11.719 0.19217
7.0313 12.5 0.09011
7.0313 13.281 -0.045638
7.0313 14.063 -0.082119
7.0313 14.844 -0.08536
7.0313 15.625 0.027316
7.0313 16.406 0.11363
7.0313 17.188 0.21334
7.0313 17.969 0.2849
7.0313 18.75 0.31303
7.0313 19.531 0.067551
7.0313 20.313 -0.17259
7.0313 21.094 -0.38826
7.0313 21.875 -0.44972
7.0313 22.656 -0.23071
7.0313 23.438 0.17344
7.0313 24.219 0.43053
7.0313 25 0.56049
7.8125 -24.219 0.68239
7.8125 -23.438 0.69749
7.8125 -22.656 0.65454
7.8125 -21.875 0.4177
7.8125 -21.094 0.030747
7.8125 -20.313 -0.16908
7.8125 -19.531 -0.22993
7.8125 -18.75 -0.060037
7.8125 -17.969 0.1291
7.8125 -17.188 0.27322
7.8125 -16.406 0.29369
7.8125 -15.625 0.22298
7.8125 -14.844 0.21303
7.8125 -14.063 0.16848
7.8125 -13.281 0.034635
7.8125 -12.5 0.024677
7.8125 -11.719 0.12925
7.8125 -10.938 0.30176
7.8125 -10.156 0.34298
7.8125 -9.375 0.29856
7.8125 -8.5938 0.18562
7.8125 -7.8125 0.060322
7.8125 -7.0313 -0.060206
7.8125 -6.25 -0.13327
7.8125 -5.4688 -0.21422
7.8125 -4.6875 -0.2241
7.8125 -3.9063 -0.1492
7.8125 -3.125 -0.082461
7.8125 -2.3438 -0.0060127
7.8125 -1.5625 0.10498
7.8125 -0.78125 0.22968
7.8125 0 0.31123
7.8125 0.78125 0.31088
7.8125 1.5625 0.21803
7.8125 2.3438 0.035988
7.8125 3.125 0.029328
7.8125 3.9063 0.10002
7.8125 4.6875 0.11355
7.8125 5.4688 0.042491
7.8125 6.25 -0.055872
7.8125 7.0313 -0.12446
7.8125 7.8125 -0.25095
7.8125 8.5938 -0.22769
7.8125 9.375 -0.12613
7.8125 10.156 -0.015018
7.8125 10.938 0.14178
7.8125 11.719 0.21792
7.8125 12.5 0.098334
7.8125 13.281 -0.025549
7.8125 14.063 -0.012743
7.8125 14.844 0.016566
7.8125 15.625 0.084907
7.8125 16.406 0.13344
7.8125 17.188 0.18637
7.8125 17.969 0.32413
7.8125 18.75 0.3072
7.8125 19.531 0.051998
7.8125 20.313 -0.21912
7.8125 21.094 -0.41962
7.8125 21.875 -0.40127
7.8125 22.656 -0.18361
7.8125 23.438 0.20787
7.8125 24.219 0.47964
7.8125 25 0.6001
8.5938 -24.219 0.65396
8.5938 -23.438 0.65528
8.5938 -22.656 0.60194
8.5938 -21.875 0.38385
8.5938 -21.094 0.05173
8.5938 -20.313 -0.20855
8.5938 -19.531 -0.24983
8.5938 -18.75 -0.11773
8.5938 -17.969 0.070803
8.5938 -17.188 0.26551
8.5938 -16.406 0.30593
8.5938 -15.625 0.34008
8.5938 -14.844 0.30004
8.5938 -14.063 0.22604
8.5938 -13.281 0.11537
8.5938 -12.5 -0.0094645
8.5938 -11.719 0.080043
8.5938 -10.938 0.27599
8.5938 -10.156 0.32862
8.5938 -9.375 0.27683
8.5938 -8.5938 0.18856
8.5938 -7.8125 0.092339
8.5938 -7.0313 -0.02981
8.5938 -6.25 -0.074581
8.5938 -5.4688 -0.11028
8.5938 -4.6875 -0.1587
8.5938 -3.9063 -0.10996
8.5938 -3.125 -0.10161
8.5938 -2.3438 -0.0026121
8.5938 -1.5625 0.11467
8.5938 -0.78125 0.19819
8.5938 0 0.32247
8.5938 0.78125 0.31169
8.5938 1.5625 0.23032
8.5938 2.3438 0.036928
8.5938 3.125 -0.061411
8.5938 3.9063 0.027558
8.5938 4.6875 0.01707
8.5938 5.4688 -0.025355
8.5938 6.25 -0.10615
8.5938 7.0313 -0.17405
8.5938 7.8125 -0.22631
8.5938 8.5938 -0.21837
8.5938 9.375 -0.123
8.5938 10.156 0.089208
8.5938 10.938 0.14035
8.5938 11.719 0.1147
8.5938 12.5 0.019867
8.5938 13.281 -0.062114
8.5938 14.063 -0.0057594
8.5938 14.844 0.075333
8.5938 15.625 0.050202
8.5938 16.406 0.078807
8.5938 17.188 0.15462
8.5938 17.969 0.25818
8.5938 18.75 0.2231
8.5938 19.531 -0.02395
8.5938 20.313 -0.30631
8.5938 21.094 -0.45646
8.5938 21.875 -0.382
8.5938 22.656 -0.1126
8.5938 23.438 0.24884
8.5938 24.219 0.50116
8.5938 25 0.57846
9.375 -24.219 0.6194
9.375 -23.438 0.5775
9.375 -22.656 0.51205
9.375 -21.875 0.26655
9.375 -21.094 -0.076263
9.375 -20.313 -0.24766
9.375 -19.531 -0.28752
9.375 -18.75 -0.16405
9.375 -17.969 0.0049366
9.375 -17.188 0.24216
9.375 -16.406 0.29927
9.375 -15.625 0.30952
9.375 -14.844 0.32438
9.375 -14.063 0.27341
9.375 -13.281 0.1778
9.375 -12.5 -0.0034652
9.375 -11.719 0.010537
9.375 -10.938 0.11276
9.375 -10.156 0.19736
9.375 -9.375 0.20457
9.375 -8.5938 0.11359
9.375 -7.8125 -0.0038698
9.375 -7.0313 -0.012957
9.375 -6.25 -0.059649
9.375 -5.4688 -0.08793
9.375 -4.6875 -0.089563
9.375 -3.9063 -0.048746
9.375 -3.125 -0.060081
9.375 -2.3438 -0.010521
9.375 -1.5625 0.069175
9.375 -0.78125 0.13245
9.375 0 0.28342
9.375 0.78125 0.29665
9.375 1.5625 0.23377
9.375 2.3438 -0.018093
9.375 3.125 -0.19185
9.375 3.9063 -0.10501
9.375 4.6875 -0.085413
9.375 5.4688 -0.18873
9.375 6.25 -0.22048
9.375 7.0313 -0.23514
9.375 7.8125 -0.21293
9.375 8.5938 -0.22909
9.375 9.375 -0.14039
9.375 10.156 0.06882
9.375 10.938 0.063488
9.375 11.719 0.069803
9.375 12.5 -0.04345
9.375 13.281 -0.10713
9.375 14.063 -0.023447
9.375 14.844 0.085117
9.375 15.625 0.076024
9.375 16.406 0.053881
9.375 17.188 0.082511
9.375 17.969 0.13691
9.375 18.75 0.11218
9.375 19.531 -0.13048
9.375 20.313 -0.37449
9.375 21.094 -0.51566
9.375 21.875 -0.38065
9.375 22.656 -0.10744
9.375 23.438 0.2807
9.375 24.219 0.50748
9.375 25 0.56373
10.156 -24.219 0.59345
10.156 -23.438 0.51364
10.156 -22.656 0.41337
10.156 -21.875 0.11903
10.156 -21.094 -0.20951
10.156 -20.313 -0.31287
10.156 -19.531 -0.32037
10.156 -18.75 -0.25602
10.156 -17.969 -0.08707
10.156 -17.188 0.14472
10.156 -16.406 0.31301
10.156 -15.625 0.37307
10.156 -14.844 0.35431
10.156 -14.063 0.26035
10.156 -13.281 0.11491
10.156 -12.5 -0.013471
10.156 -11.719 -0.051566
10.156 -10.938 0.0051119
10.156 -10.156 0.10738
10.156 -9.375 0.07467
10.156 -8.5938 -0.0063159
10.156 -7.8125 -0.039186
10.156 -7.0313 -0.074113
10.156 -6.25 -0.095037
10.156 -5.4688 -0.070563
10.156 -4.6875 -0.011047
10.156 -3.9063 -0.0054668
10.156 -3.125 -0.053593
10.156 -2.3438 -0.053108
10.156 -1.5625 0.0418
10.156 -0.78125 0.078983
10.156 0 0.20898
10.156 0.78125 0.23905
10.156 1.5625 0.18703
10.156 2.3438 -0.018415
10.156 3.125 -0.21149
10.156 3.9063 -0.18098
10.156 4.6875 -0.17666
10.156 5.4688 -0.21375
10.156 6.25 -0.2314
10.156 7.0313 -0.23795
10.156 7.8125 -0.19954
10.156 8.5938 -0.22986
10.156 9.375 -0.12553
10.156 10.156 -0.022641
10.156 10.938 0.0062181
10.156 11.719 0.031893
10.156 12.5 -0.038812
10.156 13.281 -0.10674
10.156 14.063 -0.046237
10.156 14.844 0.072976
10.156 15.625 0.0785
10.156 16.406 0.086881
10.156 17.188 0.084575
10.156 17.969 0.042832
10.156 18.75 0.010418
10.156 19.531 -0.20356
10.156 20.313 -0.51653
10.156 21.094 -0.60886
10.156 21.875 -0.40114
10.156 22.656 -0.042841
10.156 23.438 0.39483
10.156 24.219 0.58981
10.156 25 0.60236
10.938 -24.219 0.56615
10.938 -23.438 0.48652
10.938 -22.656 0.26726
10.938 -21.875 0.0081932
10.938 -21.094 -0.30821
10.938 -20.313 -0.39351
10.938 -19.531 -0.44065
10.938 -18.75 -0.37476
10.938 -17.969 -0.16146
10.938 -17.188 0.10675
10.938 -16.406 0.3196
10.938 -15.625 0.34908
10.938 -14.844 0.3376
10.938 -14.063 0.23193
10.938 -13.281 0.061107
10.938 -12.5 -0.039287
10.938 -11.719 -0.057452
10.938 -10.938 -0.017441
10.938 -10.156 0.03044
10.938 -9.375 -0.058949
10.938 -8.5938 -0.093309
10.938 -7.8125 -0.11735
10.938 -7.0313 -0.085748
10.938 -6.25 -0.047924
10.938 -5.4688 0.0074706
10.938 -4.6875 0.047524
10.938 -3.9063 -0.03712
10.938 -3.125 -0.13989
10.938 -2.3438 -0.18085
10.938 -1.5625 -0.065258
10.938 -0.78125 0.035867
10.938 0 0.17977
10.938 0.78125 0.12554
10.938 1.5625 0.072547
10.938 2.3438 -0.033135
10.938 3.125 -0.149
10.938 3.9063 -0.1733
10.938 4.6875 -0.16977
10.938 5.4688 -0.2212
10.938 6.25 -0.29515
10.938 7.0313 -0.32027
10.938 7.8125 -0.25912
10.938 8.5938 -0.25725
10.938 9.375 -0.18709
10.938 10.156 -0.10721
10.938 10.938 -0.072129
10.938 11.719 -0.026594
10.938 12.5 -0.064679
10.938 13.281 -0.13894
10.938 14.063 -0.073019
10.938 14.844 0.035254
10.938 15.625 0.074417
10.938 16.406 0.11429
10.938 17.188 0.070004
10.938 17.969 0.010371
10.938 18.75 -0.083595
10.938 19.531 -0.28849
10.938 20.313 -0.62436
10.938 21.094 -0.70148
10.938 21.875 -0.47247
10.938 22.656 -0.10616
10.938 23.438 0.3465
10.938 24.219 0.56181
10.938 25 0.56553
11.719 -24.219 0.5359
11.719 -23.438 0.50351
11.719 -22.656 0.22025
11.719 -21.875 -0.10193
11.719 -21.094 -0.3989
11.719 -20.313 -0.50475
11.719 -19.531 -0.54232
11.719 -18.75 -0.46323
11.719 -17.969 -0.20042
11.719 -17.188 0.064477
11.719 -16.406 0.28423
11.719 -15.625 0.36821
11.719 -14.844 0.2669
11.719 -14.063 0.15758
11.719 -13.281 0.015846
11.719 -12.5 -0.041342
11.719 -11.719 -0.07892
11.719 -10.938 -0.072661
11.719 -10.156 -0.0025035
11.719 -9.375 -0.039361
11.719 -8.5938 -0.14123
11.719 -7.8125 -0.12021
11.719 -7.0313 -0.073225
11.719 -6.25 -0.064365
11.719 -5.4688 -0.018272
11.719 -4.6875 -0.0036969
11.719 -3.9063 -0.12128
11.719 -3.125 -0.20338
11.719 -2.3438 -0.20109
11.719 -1.5625 -0.11652
11.719 -0.78125 0.026817
11.719 0 0.16381
11.719 0.78125 0.11109
11.719 1.5625 0.060109
11.719 2.3438 0.012307
11.719 3.125 -0.15133
11.719 3.9063 -0.16801
11.719 4.6875 -0.17728
11.719 5.4688 -0.27843
11.719 6.25 -0.37087
11.719 7.0313 -0.39344
11.719 7.8125 -0.31667
11.719 8.5938 -0.32542
11.719 9.375 -0.21465
11.719 10.156 -0.083797
11.719 10.938 -0.067914
11.719 11.719 -0.0039675
11.719 12.5 -0.090881
11.719 13.281 -0.18414
11.719 14.063 -0.086279
11.719 14.844 -0.026893
11.719 15.625 0.04677
11.719 16.406 0.09069
11.719 17.188 0.09378
11.719 17.969 0.02009
11.719 18.75 -0.17419
11.719 19.531 -0.41417
11.719 20.313 -0.67268
11.719 21.094 -0.688
11.719 21.875 -0.49477
11.719 22.656 -0.155
11.719 23.438 0.28745
11.719 24.219 0.48623
11.719 25 0.53817
12.5 -24.219 0.48261
12.5 -23.438 0.39955
12.5 -22.656 0.16467
12.5 -21.875 -0.11019
12.5 -21.094 -0.4399
12.5 -20.313 -0.62153
12.5 -19.531 -0.62989
12.5 -18.75 -0.44311
12.5 -17.969 -0.23682
12.5 -17.188 0.038745
12.5 -16.406 0.22931
12.5 -15.625 0.3161
12.5 -14.844 0.22154
12.5 -14.063 0.13529
12.5 -13.281 0.022257
12.5 -12.5 -0.073177
12.5 -11.719 -0.14439
12.5 -10.938 -0.065533
12.5 -10.156 -0.017322
12.5 -9.375 -0.12751
12.5 -8.5938 -0.18992
12.5 -7.8125 -0.15029
12.5 -7.0313 -0.08416
12.5 -6.25 -0.081769
12.5 -5.4688 -0.080276
12.5 -4.6875 -0.13327
12.5 -3.9063 -0.24655
12.5 -3.125 -0.20463
12.5 -2.3438 -0.17462
12.5 -1.5625 -0.13717
12.5 -0.78125 -0.034661
12.5 0 0.14257
12.5 0.78125 0.13437
12.5 1.5625 0.082941
12.5 2.3438 -0.0070912
12.5 3.125 -0.16049
12.5 3.9063 -0.21884
12.5 4.6875 -0.23832
12.5 5.4688 -0.33586
12.5 6.25 -0.37846
12.5 7.0313 -0.44771
12.5 7.8125 -0.39606
12.5 8.5938 -0.37906
12.5 9.375 -0.20837
12.5 10.156 -0.053893
12.5 10.938 -0.00061209
12.5 11.719 -0.02665
12.5 12.5 -0.1793
12.5 13.281 -0.22198
12.5 14.063 -0.16731
12.5 14.844 -0.14251
12.5 15.625 0.0048626
12.5 16.406 0.058012
12.5 17.188 0.07929
12.5 17.969 0.023899
12.5 18.75 -0.17041
12.5 19.531 -0.46792
12.5 20.313 -0.63615
12.5 21.094 -0.64533
12.5 21.875 -0.48435
12.5 22.656 -0.13298
12.5 23.438 0.2665
12.5 24.219 0.4494
12.5 25 0.504
13.281 -24.219 0.39577
13.281 -23.438 0.22263
13.281 -22.656 0.047014
13.281 -21.875 -0.14756
13.281 -21.094 -0.43418
13.281 -20.313 -0.64705
13.281 -19.531 -0.61342
13.281 -18.75 -0.4403
13.281 -17.969 -0.22983
13.281 -17.188 -0.0017735
13.281 -16.406 0.18315
13.281 -15.625 0.19872
13.281 -14.844 0.10716
13.281 -14.063 0.028207
13.281 -13.281 0.0025564
13.281 -12.5 -0.063659
13.281 -11.719 -0.1528
13.281 -10.938 -0.058952
13.281 -10.156 -0.039279
13.281 -9.375 -0.10137
13.281 -8.5938 -0.16676
13.281 -7.8125 -0.19832
13.281 -7.0313 -0.13053
13.281 -6.25 -0.1187
13.281 -5.4688 -0.18358
13.281 -4.6875 -0.23893
13.281 -3.9063 -0.2939
13.281 -3.125 -0.22164
13.281 -2.3438 -0.21412
13.281 -1.5625 -0.1508
13.281 -0.78125 -0.0089542
13.281 0 0.14784
13.281 0.78125 0.11328
13.281 1.5625 0.10004
13.281 2.3438 0.058087
13.281 3.125 -0.13264
13.281 3.9063 -0.22315
13.281 4.6875 -0.28189
13.281 5.4688 -0.36765
13.281 6.25 -0.43085
13.281 7.0313 -0.44814
13.281 7.8125 -0.41541
13.281 8.5938 -0.36513
13.281 9.375 -0.20204
13.281 10.156 -0.023075
13.281 10.938 0.011873
13.281 11.719 -0.076563
13.281 12.5 -0.26396
13.281 13.281 -0.29531
13.281 14.063 -0.2524
13.281 14.844 -0.16754
13.281 15.625 -0.059569
13.281 16.406 -0.0021872
13.281 17.188 0.01164
13.281 17.969 -0.094591
13.281 18.75 -0.21698
13.281 19.531 -0.45123
13.281 20.313 -0.5821
13.281 21.094 -0.555
13.281 21.875 -0.48498
13.281 22.656 -0.17964
13.281 23.438 0.22737
13.281 24.219 0.40586
13.281 25 0.48129
14.063 -24.219 0.37301
14.063 -23.438 0.14165
14.063 -22.656 -0.047446
14.063 -21.875 -0.17462
14.063 -21.094 -0.45869
14.063 -20.313 -0.62982
14.063 -19.531 -0.59041
14.063 -18.75 -0.40645
14.063 -17.969 -0.21369
14.063 -17.188 0.018424
14.063 -16.406 0.13782
14.063 -15.625 0.081896
14.063 -14.844 0.041618
14.063 -14.063 -0.039304
14.063 -13.281 -0.060362
14.063 -12.5 -0.13006
14.063 -11.719 -0.15084
14.063 -10.938 -0.057048
14.063 -10.156 -0.034345
14.063 -9.375 -0.14031
14.063 -8.5938 -0.14096
14.063 -7.8125 -0.16262
14.063 -7.0313 -0.12551
14.063 -6.25 -0.19595
14.063 -5.4688 -0.25946
14.063 -4.6875 -0.26267
14.063 -3.9063 -0.30189
14.063 -3.125 -0.24473
14.063 -2.3438 -0.18477
14.063 -1.5625 -0.11955
14.063 -0.78125 -0.031067
14.063 0 0.065469
14.063 0.78125 0.064741
14.063 1.5625 0.08828
14.063 2.3438 0.042433
14.063 3.125 -0.13039
14.063 3.9063 -0.27214
14.063 4.6875 -0.34277
14.063 5.4688 -0.38721
14.063 6.25 -0.41054
14.063 7.0313 -0.38438
14.063 7.8125 -0.34566
14.063 8.5938 -0.30257
14.063 9.375 -0.21433
14.063 10.156 -0.081933
14.063 10.938 -0.028795
14.063 11.719 -0.14921
14.063 12.5 -0.24735
14.063 13.281 -0.2707
14.063 14.063 -0.27943
14.063 14.844 -0.16252
14.063 15.625 -0.091034
14.063 16.406 -0.09577
14.063 17.188 -0.13422
14.063 17.969 -0.23405
14.063 18.75 -0.30713
14.063 19.531 -0.40707
14.063 20.313 -0.48485
14.063 21.094 -0.51038
14.063 21.875 -0.44976
14.063 22.656 -0.21989
14.063 23.438 0.13567
14.063 24.219 0.35958
14.063 25 0.43485
14.844 -24.219 0.34651
14.844 -23.438 0.13139
14.844 -22.656 -0.034562
14.844 -21.875 -0.1879
14.844 -21.094 -0.47574
14.844 -20.313 -0.62808
14.844 -19.531 -0.53439
14.844 -18.75 -0.36379
14.844 -17.969 -0.19666
14.844 -17.188 0.026061
14.844 -16.406 0.11237
14.844 -15.625 0.0064263
14.844 -14.844 -0.055828
14.844 -14.063 -0.14203
14.844 -13.281 -0.17775
14.844 -12.5 -0.18565
14.844 -11.719 -0.19095
14.844 -10.938 -0.074887
14.844 -10.156 -0.1077
14.844 -9.375 -0.20297
14.844 -8.5938 -0.18387
14.844 -7.8125 -0.14783
14.844 -7.0313 -0.1882
14.844 -6.25 -0.25187
14.844 -5.4688 -0.30159
14.844 -4.6875 -0.30802
14.844 -3.9063 -0.29195
14.844 -3.125 -0.2028
14.844 -2.3438 -0.15846
14.844 -1.5625 -0.1387
14.844 -0.78125 -0.045211
14.844 0 0.015893
14.844 0.78125 0.002263
14.844 1.5625 0.082342
14.844 2.3438 0.037966
14.844 3.125 -0.10365
14.844 3.9063 -0.23544
14.844 4.6875 -0.2936
14.844 5.4688 -0.37043
14.844 6.25 -0.39366
14.844 7.0313 -0.37004
14.844 7.8125 -0.31804
14.844 8.5938 -0.31569
14.844 9.375 -0.19191
14.844 10.156 -0.092676
14.844 10.938 -0.051993
14.844 11.719 -0.13253
14.844 12.5 -0.16738
14.844 13.281 -0.17698
14.844 14.063 -0.16629
14.844 14.844 -0.14655
14.844 15.625 -0.12684
14.844 16.406 -0.11117
14.844 17.188 -0.17671
14.844 17.969 -0.20942
14.844 18.75 -0.28551
14.844 19.531 -0.42707
14.844 20.313 -0.48879
14.844 21.094 -0.50104
14.844 21.875 -0.4294
14.844 22.656 -0.24243
14.844 23.438 0.090558
14.844 24.219 0.31458
14.844 25 0.39916
15.625 -24.219 0.31713
15.625 -23.438 0.088788
15.625 -22.656 -0.062681
15.625 -21.875 -0.18803
15.625 -21.094 -0.48609
15.625 -20.313 -0.58377
15.625 -19.531 -0.48483
15.625 -18.75 -0.35699
15.625 -17.969 -0.19464
15.625 -17.188 0.0075889
15.625 -16.406 0.069887
15.625 -15.625 -0.033996
15.625 -14.844 -0.10101
15.625 -14.063 -0.15053
15.625 -13.281 -0.25278
15.625 -12.5 -0.24318
15.625 -11.719 -0.21998
15.625 -10.938 -0.15466
15.625 -10.156 -0.18819
15.625 -9.375 -0.23991
15.625 -8.5938 -0.21923
15.625 -7.8125 -0.20043
15.625 -7.0313 -0.23819
15.625 -6.25 -0.24843
15.625 -5.4688 -0.28997
15.625 -4.6875 -0.3338
15.625 -3.9063 -0.33579
15.625 -3.125 -0.22191
15.625 -2.3438 -0.18332
15.625 -1.5625 -0.14978
15.625 -0.78125 -0.095506
15.625 0 0.018503
15.625 0.78125 0.062257
15.625 1.5625 0.07523
15.625 2.3438 0.0081397
15.625 3.125 -0.043427
15.625 3.9063 -0.17831
15.625 4.6875 -0.30721
15.625 5.4688 -0.39554
15.625 6.25 -0.35135
15.625 7.0313 -0.37907
15.625 7.8125 -0.26986
15.625 8.5938 -0.2129
15.625 9.375 -0.13681
15.625 10.156 -0.077045
15.625 10.938 -0.047724
15.625 11.719 -0.066299
15.625 12.5 -0.071384
15.625 13.281 -0.10783
15.625 14.063 -0.13696
15.625 14.844 -0.13634
15.625 15.625 -0.099394
15.625 16.406 -0.12087
15.625 17.188 -0.16161
15.625 17.969 -0.13216
15.625 18.75 -0.18953
15.625 19.531 -0.39578
15.625 20.313 -0.48131
15.625 21.094 -0.52232
15.625 21.875 -0.38962
15.625 22.656 -0.24586
15.625 23.438 0.082941
15.625 24.219 0.29341
15.625 25 0.3713
16.406 -24.219 0.2863
16.406 -23.438 0.058442
16.406 -22.656 -0.087368
16.406 -21.875 -0.20127
16.406 -21.094 -0.44374
16.406 -20.313 -0.51805
16.406 -19.531 -0.419
16.406 -18.75 -0.37686
16.406 -17.969 -0.18868
16.406 -17.188 -0.026756
16.406 -16.406 0.03268
16.406 -15.625 -0.059669
16.406 -14.844 -0.093922
16.406 -14.063 -0.13974
16.406 -13.281 -0.24157
16.406 -12.5 -0.2548
16.406 -11.719 -0.17928
16.406 -10.938 -0.19293
16.406 -10.156 -0.24691
16.406 -9.375 -0.22837
16.406 -8.5938 -0.16455
16.406 -7.8125 -0.19444
16.406 -7.0313 -0.2354
16.406 -6.25 -0.22283
16.406 -5.4688 -0.25307
16.406 -4.6875 -0.31365
16.406 -3.9063 -0.38238
16.406 -3.125 -0.28721
16.406 -2.3438 -0.19459
16.406 -1.5625 -0.13785
16.406 -0.78125 -0.029265
16.406 0 0.095176
16.406 0.78125 0.16009
16.406 1.5625 0.16663
16.406 2.3438 0.10343
16.406 3.125 -0.017169
16.406 3.9063 -0.146
16.406 4.6875 -0.33349
16.406 5.4688 -0.4316
16.406 6.25 -0.37933
16.406 7.0313 -0.33599
16.406 7.8125 -0.21913
16.406 8.5938 -0.13648
16.406 9.375 -0.073506
16.406 10.156 0.03972
16.406 10.938 0.063786
16.406 11.719 0.081771
16.406 12.5 0.026399
16.406 13.281 -0.027534
16.406 14.063 -0.079346
16.406 14.844 -0.093627
16.406 15.625 -0.091987
16.406 16.406 -0.073156
16.406 17.188 -0.097815
16.406 17.969 -0.045699
16.406 18.75 -0.17046
16.406 19.531 -0.29281
16.406 20.313 -0.37235
16.406 21.094 -0.41576
16.406 21.875 -0.32029
16.406 22.656 -0.17751
16.406 23.438 0.14121
16.406 24.219 0.40275
16.406 25 0.38223
17.188 -24.219 0.27276
17.188 -23.438 0.10599
17.188 -22.656 -0.066488
17.188 -21.875 -0.20441
17.188 -21.094 -0.40058
17.188 -20.313 -0.42647
17.188 -19.531 -0.32077
17.188 -18.75 -0.34459
17.188 -17.969 -0.22416
17.188 -17.188 -0.068972
17.188 -16.406 -0.015811
17.188 -15.625 -0.068863
17.188 -14.844 -0.022335
17.188 -14.063 -0.083095
17.188 -13.281 -0.22601
17.188 -12.5 -0.25127
17.188 -11.719 -0.17144
17.188 -10.938 -0.19522
17.188 -10.156 -0.17843
17.188 -9.375 -0.18058
17.188 -8.5938 -0.13177
17.188 -7.8125 -0.16018
17.188 -7.0313 -0.24041
17.188 -6.25 -0.22741
17.188 -5.4688 -0.29235
17.188 -4.6875 -0.36823
17.188 -3.9063 -0.37135
17.188 -3.125 -0.30286
17.188 -2.3438 -0.21897
17.188 -1.5625 -0.12933
17.188 -0.78125 0.035335
17.188 0 0.24178
17.188 0.78125 0.27831
17.188 1.5625 0.22877
17.188 2.3438 0.15789
17.188 3.125 0.098294
17.188 3.9063 -0.091951
17.188 4.6875 -0.26189
17.188 5.4688 -0.40668
17.188 6.25 -0.39455
17.188 7.0313 -0.2384
17.188 7.8125 -0.1435
17.188 8.5938 -0.11597
17.188 9.375 -0.045955
17.188 10.156 0.08949
17.188 10.938 0.16704
17.188 11.719 0.27869
17.188 12.5 0.22027
17.188 13.281 0.057237
17.188 14.063 0.0014284
17.188 14.844 -0.011012
17.188 15.625 -0.037186
17.188 16.406 -0.052202
17.188 17.188 -0.0068443
17.188 17.969 8.0244e-05
17.188 18.75 -0.10818
17.188 19.531 -0.12439
17.188 20.313 -0.16256
17.188 21.094 -0.31813
17.188 21.875 -0.24459
17.188 22.656 -0.077729
17.188 23.438 0.20235
17.188 24.219 0.38859
17.188 25 0.37549
17.969 -24.219 0.30953
17.969 -23.438 0.14225
17.969 -22.656 0.04067
17.969 -21.875 -0.094173
17.969 -21.094 -0.25039
17.969 -20.313 -0.31633
17.969 -19.531 -0.28577
17.969 -18.75 -0.36847
17.969 -17.969 -0.33138
17.969 -17.188 -0.1269
17.969 -16.406 0.0050084
17.969 -15.625 -0.028996
17.969 -14.844 -0.020954
17.969 -14.063 -0.080756
17.969 -13.281 -0.1781
17.969 -12.5 -0.19246
17.969 -11.719 -0.1288
17.969 -10.938 -0.083538
17.969 -10.156 -0.060058
17.969 -9.375 -0.09251
17.969 -8.5938 -0.040505
17.969 -7.8125 -0.1046
17.969 -7.0313 -0.16781
17.969 -6.25 -0.20964
17.969 -5.4688 -0.34189
17.969 -4.6875 -0.40494
17.969 -3.9063 -0.40675
17.969 -3.125 -0.39743
17.969 -2.3438 -0.30083
17.969 -1.5625 -0.15665
17.969 -0.78125 0.058877
17.969 0 0.26526
17.969 0.78125 0.3304
17.969 1.5625 0.28144
17.969 2.3438 0.20144
17.969 3.125 0.12691
17.969 3.9063 -0.0089908
17.969 4.6875 -0.24994
17.969 5.4688 -0.40706
17.969 6.25 -0.40684
17.969 7.0313 -0.23761
17.969 7.8125 -0.16659
17.969 8.5938 -0.12456
17.969 9.375 -0.087914
17.969 10.156 0.079607
17.969 10.938 0.22974
17.969 11.719 0.3771
17.969 12.5 0.32491
17.969 13.281 0.13978
17.969 14.063 0.079936
17.969 14.844 0.10329
17.969 15.625 0.0015979
17.969 16.406 -0.035678
17.969 17.188 -0.028112
17.969 17.969 -0.050981
17.969 18.75 -0.064503
17.969 19.531 0.015195
17.969 20.313 -0.08123
17.969 21.094 -0.19919
17.969 21.875 -0.13977
17.969 22.656 0.061882
17.969 23.438 0.31289
17.969 24.219 0.33988
17.969 25 0.31247
18.75 -24.219 0.29404
18.75 -23.438 0.20227
18.75 -22.656 0.13405
18.75 -21.875 0.070581
18.75 -21.094 -0.070957
18.75 -20.313 -0.19145
18.75 -19.531 -0.30672
18.75 -18.75 -0.41939
18.75 -17.969 -0.36871
18.75 -17.188 -0.15876
18.75 -16.406 0.023943
18.75 -15.625 0.056581
18.75 -14.844 0.018769
18.75 -14.063 -0.046949
18.75 -13.281 -0.12364
18.75 -12.5 -0.18912
18.75 -11.719 -0.1256
18.75 -10.938 -0.016738
18.75 -10.156 0.050206
18.75 -9.375 0.022153
18.75 -8.5938 0.052053
18.75 -7.8125 0.036299
18.75 -7.0313 -0.03076
18.75 -6.25 -0.11409
18.75 -5.4688 -0.27355
18.75 -4.6875 -0.45102
18.75 -3.9063 -0.49998
18.75 -3.125 -0.45551
18.75 -2.3438 -0.35961
18.75 -1.5625 -0.20225
18.75 -0.78125 0.082899
18.75 0 0.33541
18.75 0.78125 0.40257
18.75 1.5625 0.31265
18.75 2.3438 0.26271
18.75 3.125 0.14022
18.75 3.9063 -0.010162
18.75 4.6875 -0.206
18.75 5.4688 -0.40447
18.75 6.25 -0.45435
18.75 7.0313 -0.32997
18.75 7.8125 -0.28842
18.75 8.5938 -0.23065
18.75 9.375 -0.15252
18.75 10.156 0.056932
18.75 10.938 0.21745
18.75 11.719 0.40193
18.75 12.5 0.35205
18.75 13.281 0.20942
18.75 14.063 0.1515
18.75 14.844 0.11889
18.75 15.625 0.037701
18.75 16.406 -0.046557
18.75 17.188 -0.11149
18.75 17.969 -0.041213
18.75 18.75 0.0094097
18.75 19.531 0.04028
18.75 20.313 -0.053406
18.75 21.094 -0.13542
18.75 21.875 -0.057541
18.75 22.656 0.13496
18.75 23.438 0.37631
18.75 24.219 0.32963
18.75 25 0.26941
19.531 -24.219 0.26305
19.531 -23.438 0.26385
19.531 -22.656 0.20964
19.531 -21.875 0.18414
19.531 -21.094 0.078099
19.531 -20.313 -0.06636
19.531 -19.531 -0.30605
19.531 -18.75 -0.42622
19.531 -17.969 -0.31491
19.531 -17.188 -0.1267
19.531 -16.406 -0.0035815
19.531 -15.625 0.060488
19.531 -14.844 0.014051
19.531 -14.063 0.01295
19.531 -13.281 -0.12976
19.531 -12.5 -0.17744
19.531 -11.719 -0.1234
19.531 -10.938 0.034532
19.531 -10.156 0.068719
19.531 -9.375 0.11821
19.531 -8.5938 0.19117
19.531 -7.8125 0.16697
19.531 -7.0313 0.060244
19.531 -6.25 -0.083743
19.531 -5.4688 -0.2658
19.531 -4.6875 -0.42484
19.531 -3.9063 -0.50117
19.531 -3.125 -0.44642
19.531 -2.3438 -0.35427
19.531 -1.5625 -0.12391
19.531 -0.78125 0.22226
19.531 0 0.44669
19.531 0.78125 0.48607
19.531 1.5625 0.40875
19.531 2.3438 0.31436
19.531 3.125 0.16707
19.531 3.9063 -0.031617
19.531 4.6875 -0.21209
19.531 5.4688 -0.38787
19.531 6.25 -0.42874
19.531 7.0313 -0.42507
19.531 7.8125 -0.34832
19.531 8.5938 -0.28191
19.531 9.375 -0.11423
19.531 10.156 0.048375
19.531 10.938 0.24327
19.531 11.719 0.40409
19.531 12.5 0.42487
19.531 13.281 0.23782
19.531 14.063 0.18667
19.531 14.844 0.08551
19.531 15.625 -0.035721
19.531 16.406 -0.093281
19.531 17.188 -0.03836
19.531 17.969 -0.025483
19.531 18.75 0.027956
19.531 19.531 0.012127
19.531 20.313 -0.071471
19.531 21.094 -0.13815
19.531 21.875 -0.0097285
19.531 22.656 0.13668
19.531 23.438 0.30828
19.531 24.219 0.28929
19.531 25 0.23694
20.313 -24.219 0.19902
20.313 -23.438 0.3045
20.313 -22.656 0.3634
20.313 -21.875 0.33105
20.313 -21.094 0.18738
20.313 -20.313 -0.040281
20.313 -19.531 -0.29999
20.313 -18.75 -0.42437
20.313 -17.969 -0.31352
20.313 -17.188 -0.10449
20.313 -16.406 -0.0030788
20.313 -15.625 0.0049364
20.313 -14.844 -0.033592
20.313 -14.063 -0.024242
20.313 -13.281 -0.11152
20.313 -12.5 -0.1399
20.313 -11.719 -0.086446
20.313 -10.938 0.060285
20.313 -10.156 0.099918
20.313 -9.375 0.11036
20.313 -8.5938 0.21761
20.313 -7.8125 0.16816
20.313 -7.0313 0.024859
20.313 -6.25 -0.11787
20.313 -5.4688 -0.30985
20.313 -4.6875 -0.40681
20.313 -3.9063 -0.46195
20.313 -3.125 -0.46768
20.313 -2.3438 -0.34461
20.313 -1.5625 -0.097678
20.313 -0.78125 0.23439
20.313 0 0.4801
20.313 0.78125 0.57915
20.313 1.5625 0.46685
20.313 2.3438 0.29386
20.313 3.125 0.11402
20.313 3.9063 -0.038326
20.313 4.6875 -0.23062
20.313 5.4688 -0.43873
20.313 6.25 -0.55726
20.313 7.0313 -0.50504
20.313 7.8125 -0.35945
20.313 8.5938 -0.29274
20.313 9.375 -0.12409
20.313 10.156 0.05559
20.313 10.938 0.23037
20.313 11.719 0.43432
20.313 12.5 0.39988
20.313 13.281 0.2829
20.313 14.063 0.15229
20.313 14.844 0.0062052
20.313 15.625 -0.090995
20.313 16.406 -0.10846
20.313 17.188 -0.059952
20.313 17.969 -0.050456
20.313 18.75 0.031982
20.313 19.531 0.01263
20.313 20.313 -0.016532
20.313 21.094 -0.11185
20.313 21.875 -0.068196
20.313 22.656 0.073146
20.313 23.438 0.21155
20.313 24.219 0.24923
20.313 25 0.18708
21.094 -24.219 0.23501
21.094 -23.438 0.41385
21.094 -22.656 0.52063
21.094 -21.875 0.49476
21.094 -21.094 0.25461
21.094 -20.313 -0.074401
21.094 -19.531 -0.35977
21.094 -18.75 -0.4412
21.094 -17.969 -0.36021
21.094 -17.188 -0.1566
21.094 -16.406 -0.0053487
21.094 -15.625 0.030164
21.094 -14.844 -0.018638
21.094 -14.063 -0.020199
21.094 -13.281 0.0062481
21.094 -12.5 -0.086012
21.094 -11.719 -0.041061
21.094 -10.938 0.10052
21.094 -10.156 0.17499
21.094 -9.375 0.18371
21.094 -8.5938 0.18226
21.094 -7.8125 0.10547
21.094 -7.0313 0.0015508
21.094 -6.25 -0.15287
21.094 -5.4688 -0.27729
21.094 -4.6875 -0.34006
21.094 -3.9063 -0.49054
21.094 -3.125 -0.4888
21.094 -2.3438 -0.29117
21.094 -1.5625 -0.046589
21.094 -0.78125 0.26104
21.094 0 0.52438
21.094 0.78125 0.57872
21.094 1.5625 0.43744
21.094 2.3438 0.25753
21.094 3.125 0.070527
21.094 3.9063 -0.081944
21.094 4.6875 -0.28356
21.094 5.4688 -0.48285
21.094 6.25 -0.59574
21.094 7.0313 -0.56205
21.094 7.8125 -0.43566
21.094 8.5938 -0.37799
21.094 9.375 -0.17273
21.094 10.156 0.049567
21.094 10.938 0.26081
21.094 11.719 0.42659
21.094 12.5 0.40387
21.094 13.281 0.27648
21.094 14.063 0.09469
21.094 14.844 -0.089739
21.094 15.625 -0.13433
21.094 16.406 -0.13503
21.094 17.188 -0.11104
21.094 17.969 0.0032618
21.094 18.75 0.069231
21.094 19.531 0.076226
21.094 20.313 0.026689
21.094 21.094 -0.056665
21.094 21.875 -0.14396
21.094 22.656 -0.058608
21.094 23.438 0.12459
21.094 24.219 0.18827
21.094 25 0.17257
21.875 -24.219 0.43123
21.875 -23.438 0.49232
21.875 -22.656 0.56914
21.875 -21.875 0.56765
21.875 -21.094 0.29811
21.875 -20.313 -0.050614
21.875 -19.531 -0.37968
21.875 -18.75 -0.50941
21.875 -17.969 -0.42223
21.875 -17.188 -0.19314
21.875 -16.406 0.015355
21.875 -15.625 0.024614
21.875 -14.844 0.0078995
21.875 -14.063 0.053835
21.875 -13.281 0.023128
21.875 -12.5 -0.021142
21.875 -11.719 0.096879
21.875 -10.938 0.142
21.875 -10.156 0.1984
21.875 -9.375 0.17115
21.875 -8.5938 0.13471
21.875 -7.8125 0.026512
21.875 -7.0313 -0.022453
21.875 -6.25 -0.1444
21.875 -5.4688 -0.25506
21.875 -4.6875 -0.38117
21.875 -3.9063 -0.4915
21.875 -3.125 -0.44969
21.875 -2.3438 -0.2153
21.875 -1.5625 0.049378
21.875 -0.78125 0.36396
21.875 0 0.52897
21.875 0.78125 0.59571
21.875 1.5625 0.49148
21.875 2.3438 0.23655
21.875 3.125 0.033813
21.875 3.9063 -0.11689
21.875 4.6875 -0.3031
21.875 5.4688 -0.5056
21.875 6.25 -0.5889
21.875 7.0313 -0.56095
21.875 7.8125 -0.48816
21.875 8.5938 -0.37579
21.875 9.375 -0.14186
21.875 10.156 0.09471
21.875 10.938 0.28953
21.875 11.719 0.51269
21.875 12.5 0.43832
21.875 13.281 0.28536
21.875 14.063 0.051697
21.875 14.844 -0.094589
21.875 15.625 -0.055495
21.875 16.406 -0.10644
21.875 17.188 -0.1097
21.875 17.969 0.067198
21.875 18.75 0.16913
21.875 19.531 0.13133
21.875 20.313 0.063904
21.875 21.094 -0.05977
21.875 21.875 -0.17502
21.875 22.656 -0.1218
21.875 23.438 0.065463
21.875 24.219 0.12684
21.875 25 0.22176
22.656 -24.219 0.49338
22.656 -23.438 0.54836
22.656 -22.656 0.6216
22.656 -21.875 0.55661
22.656 -21.094 0.27795
22.656 -20.313 -0.093518
22.656 -19.531 -0.40618
22.656 -18.75 -0.60545
22.656 -17.969 -0.40198
22.656 -17.188 -0.12216
22.656 -16.406 0.0067484
22.656 -15.625 0.025466
22.656 -14.844 0.037134
22.656 -14.063 0.029731
22.656 -13.281 0.0017794
22.656 -12.5 -0.0065468
22.656 -11.719 0.10471
22.656 -10.938 0.14517
22.656 -10.156 0.20778
22.656 -9.375 0.18559
22.656 -8.5938 0.09046
22.656 -7.8125 -0.03072
22.656 -7.0313 -0.057264
22.656 -6.25 -0.19718
22.656 -5.4688 -0.36076
22.656 -4.6875 -0.41257
22.656 -3.9063 -0.47353
22.656 -3.125 -0.38536
22.656 -2.3438 -0.10593
22.656 -1.5625 0.17565
22.656 -0.78125 0.42194
22.656 0 0.5779
22.656 0.78125 0.56186
22.656 1.5625 0.50551
22.656 2.3438 0.27417
22.656 3.125 0.047184
22.656 3.9063 -0.12739
22.656 4.6875 -0.32756
22.656 5.4688 -0.45427
22.656 6.25 -0.54402
22.656 7.0313 -0.49561
22.656 7.8125 -0.41867
22.656 8.5938 -0.26378
22.656 9.375 -0.022374
22.656 10.156 0.26415
22.656 10.938 0.42824
22.656 11.719 0.58099
22.656 12.5 0.42486
22.656 13.281 0.24873
22.656 14.063 0.068175
22.656 14.844 -0.010614
22.656 15.625 -0.022787
22.656 16.406 -0.014203
22.656 17.188 -0.058792
22.656 17.969 0.13965
22.656 18.75 0.27563
22.656 19.531 0.20297
22.656 20.313 0.09575
22.656 21.094 -0.0077823
22.656 21.875 -0.16934
22.656 22.656 -0.13098
22.656 23.438 0.023477
22.656 24.219 0.13192
22.656 25 0.30409
23.438 -24.219 0.59441
23.438 -23.438 0.62747
23.438 -22.656 0.67819
23.438 -21.875 0.55398
23.438 -21.094 0.20236
23.438 -20.313 -0.15739
23.438 -19.531 -0.41679
23.438 -18.75 -0.49347
23.438 -17.969 -0.27327
23.438 -17.188 -0.028318
23.438 -16.406 0.10729
23.438 -15.625 0.13682
23.438 -14.844 0.15974
23.438 -14.063 0.085495
23.438 -13.281 0.0093831
23.438 -12.5 0.012493
23.438 -11.719 0.072437
23.438 -10.938 0.10837
23.438 -10.156 0.16613
23.438 -9.375 0.14752
23.438 -8.5938 0.066066
23.438 -7.8125 -0.038986
23.438 -7.0313 -0.10599
23.438 -6.25 -0.245
23.438 -5.4688 -0.38441
23.438 -4.6875 -0.40295
23.438 -3.9063 -0.39725
23.438 -3.125 -0.20832
23.438 -2.3438 0.041503
23.438 -1.5625 0.24518
23.438 -0.78125 0.40733
23.438 0 0.50748
23.438 0.78125 0.54595
23.438 1.5625 0.4787
23.438 2.3438 0.25679
23.438 3.125 0.018702
23.438 3.9063 -0.1061
23.438 4.6875 -0.22744
23.438 5.4688 -0.38243
23.438 6.25 -0.4972
23.438 7.0313 -0.43302
23.438 7.8125 -0.25314
23.438 8.5938 -0.088617
23.438 9.375 0.15327
23.438 10.156 0.39806
23.438 10.938 0.52811
23.438 11.719 0.56924
23.438 12.5 0.3716
23.438 13.281 0.18307
23.438 14.063 0.059638
23.438 14.844 0.0048916
23.438 15.625 -0.0040414
23.438 16.406 0.055935
23.438 17.188 0.083106
23.438 17.969 0.30883
23.438 18.75 0.44903
23.438 19.531 0.29878
23.438 20.313 0.10809
23.438 21.094 0.052119
23.438 21.875 -0.07331
23.438 22.656 -0.056582
23.438 23.438 0.1128
23.438 24.219 0.23199
23.438 25 0.38356
24.219 -24.219 0.65472
24.219 -23.438 0.66903
24.219 -22.656 0.65382
24.219 -21.875 0.52647
24.219 -21.094 0.16306
24.219 -20.313 -0.17816
24.219 -19.531 -0.39305
24.219 -18.75 -0.43516
24.219 -17.969 -0.2107
24.219 -17.188 -0.031715
24.219 -16.406 0.092524
24.219 -15.625 0.12788
24.219 -14.844 0.22603
24.219 -14.063 0.12557
24.219 -13.281 0.087437
24.219 -12.5 0.02268
24.219 -11.719 0.022192
24.219 -10.938 0.045961
24.219 -10.156 0.071884
24.219 -9.375 0.054946
24.219 -8.5938 0.021785
24.219 -7.8125 -0.12362
24.219 -7.0313 -0.25838
24.219 -6.25 -0.37717
24.219 -5.4688 -0.4224
24.219 -4.6875 -0.44478
24.219 -3.9063 -0.34691
24.219 -3.125 -0.13728
24.219 -2.3438 0.061672
24.219 -1.5625 0.21425
24.219 -0.78125 0.40142
24.219 0 0.52246
24.219 0.78125 0.55348
24.219 1.5625 0.44979
24.219 2.3438 0.18891
24.219 3.125 -0.080958
24.219 3.9063 -0.16652
24.219 4.6875 -0.23615
24.219 5.4688 -0.34496
24.219 6.25 -0.40383
24.219 7.0313 -0.34428
24.219 7.8125 -0.17626
24.219 8.5938 0.037111
24.219 9.375 0.28965
24.219 10.156 0.49318
24.219 10.938 0.60977
24.219 11.719 0.55178
24.219 12.5 0.33861
24.219 13.281 0.13213
24.219 14.063 -0.060918
24.219 14.844 -0.10824
24.219 15.625 -0.082672
24.219 16.406 0.071274
24.219 17.188 0.20966
24.219 17.969 0.39985
24.219 18.75 0.48273
24.219 19.531 0.34576
24.219 20.313 0.10687
24.219 21.094 0.05136
24.219 21.875 -0.0084368
24.219 22.656 0.045721
24.219 23.438 0.21392
24.219 24.219 0.335
24.219 25 0.46125
25 -24.219 0.64679
25 -23.438 0.66256
25 -22.656 0.58686
25 -21.875 0.43889
25 -21.094 0.15558
25 -20.313 -0.15752
25 -19.531 -0.3844
25 -18.75 -0.3943
25 -17.969 -0.12456
25 -17.188 0.019992
25 -16.406 0.12701
25 -15.625 0.17819
25 -14.844 0.22757
25 -14.063 0.18625
25 -13.281 0.10941
25 -12.5 0.01682
25 -11.719 0.019815
25 -10.938 0.047442
25 -10.156 0.060693
25 -9.375 -0.0044399
25 -8.5938 -0.073777
25 -7.8125 -0.21363
25 -7.0313 -0.35534
25 -6.25 -0.44246
25 -5.4688 -0.47265
25 -4.6875 -0.44497
25 -3.9063 -0.32951
25 -3.125 -0.12954
25 -2.3438 0.016464
25 -1.5625 0.16897
25 -0.78125 0.36851
25 0 0.47562
25 0.78125 0.51808
25 1.5625 0.40294
25 2.3438 0.090281
25 3.125 -0.16356
25 3.9063 -0.20038
25 4.6875 -0.25933
25 5.4688 -0.3583
25 6.25 -0.33659
25 7.0313 -0.25158
25 7.8125 -0.10182
25 8.5938 0.17157
25 9.375 0.36301
25 10.156 0.60027
25 10.938 0.6465
25 11.719 0.54296
25 12.5 0.31382
25 13.281 0.066606
25 14.063 -0.16602
25 14.844 -0.17808
25 15.625 -0.078583
25 16.406 0.075616
25 17.188 0.23871
25 17.969 0.47825
25 18.75 0.4781
25 19.531 0.36092
25 20.313 0.11106
25 21.094 -0.041815
25 21.875 -0.024682
25 22.656 0.052766
25 23.438 0.21415
25 24.219 0.367
25 25 0.45914
