-24.219 -24.219 -0.012302
-24.219 -23.438 0.031331
-24.219 -22.656 -0.039282
-24.219 -21.875 0.018307
-24.219 -21.094 -0.0034098
-24.219 -20.313 0.004544
-24.219 -19.531 0.0063811
-24.219 -18.75 0.011093
-24.219 -17.969 -0.030172
-24.219 -17.188 0.035846
-24.219 -16.406 -0.023797
-24.219 -15.625 0.0074733
-24.219 -14.844 -0.0096784
-24.219 -14.063 -0.013314
-24.219 -13.281 0.01303
-24.219 -12.5 0.00016098
-24.219 -11.719 -0.016114
-24.219 -10.938 0.027839
-24.219 -10.156 -0.024937
-24.219 -9.375 0.011997
-24.219 -8.5938 -0.008745
-24.219 -7.8125 0.015721
-24.219 -7.0313 -0.012184
-24.219 -6.25 0.022838
-24.219 -5.4688 -0.030314
-24.219 -4.6875 0.011781
-24.219 -3.9063 0.0080388
-24.219 -3.125 -0.0094716
-24.219 -2.3438 -0.00049975
-24.219 -1.5625 0.0088318
-24.219 -0.78125 -0.0083099
-24.219 0 0.015434
-24.219 0.78125 -0.020055
-24.219 1.5625 0.0096006
-24.219 2.3438 -0.013586
-24.219 3.125 0.029753
-24.219 3.9063 -0.014163
-24.219 4.6875 0.0029211
-24.219 5.4688 -0.016507
-24.219 6.25 0.016948
-24.219 7.0313 -0.032327
-24.219 7.8125 0.031852
-24.219 8.5938 -0.00034728
-24.219 9.375 -0.00719
-24.219 10.156 0.013541
-24.219 10.938 -0.010156
-24.219 11.719 -0.013978
-24.219 12.5 0.025531
-24.219 13.281 -0.027783
-24.219 14.063 -0.0039653
-24.219 14.844 0.033975
-24.219 15.625 -0.0028939
-24.219 16.406 -0.017068
-24.219 17.188 0.006914
-24.219 17.969 -0.011274
-24.219 18.75 0.01984
-24.219 19.531 -0.020289
-24.219 20.313 0.022003
-24.219 21.094 -0.016582
-24.219 21.875 0.012965
-24.219 22.656 -0.0078774
-24.219 23.438 -0.0077791
-24.219 24.219 -0.021295
-24.219 25 0.024717
-23.438 -24.219 -0.011196
-23.438 -23.438 0.0049065
-23.438 -22.656 -0.020416
-23.438 -21.875 0.025558
-23.438 -21.094 -0.011306
-23.438 -20.313 0.00055364
-23.438 -19.531 -0.0044352
-23.438 -18.75 0.011671
-23.438 -17.969 -0.010911
-23.438 -17.188 -0.014817
-23.438 -16.406 0.018122
-23.438 -15.625 -0.014651
-23.438 -14.844 0.017163
-23.438 -14.063 -0.0050503
-23.438 -13.281 0.013706
-23.438 -12.5 -0.0057718
-23.438 -11.719 -0.016737
-23.438 -10.938 0.024738
-23.438 -10.156 -0.032277
-23.438 -9.375 0.0078541
-23.438 -8.5938 0.01518
-23.438 -7.8125 0.0041685
-23.438 -7.0313 -0.020218
-23.438 -6.25 0.0028672
-23.438 -5.4688 0.0030206
-23.438 -4.6875 0.0018653
-23.438 -3.9063 0.0074761
-23.438 -3.125 -0.01315
-23.438 -2.3438 0.018021
-23.438 -1.5625 -0.0093292
-23.438 -0.78125 0.00028528
-23.438 0 -0.03538
-23.438 0.78125 0.020671
-23.438 1.5625 0.022909
-23.438 2.3438 -0.023577
-23.438 3.125 0.012533
-23.438 3.9063 -0.012371
-23.438 4.6875 0.015534
-23.438 5.4688 -0.017573
-23.438 6.25 0.00059979
-23.438 7.0313 0.015925
-23.438 7.8125 -0.014642
-23.438 8.5938 -0.0024472
-23.438 9.375 0.013825
-23.438 10.156 0.0028294
-23.438 10.938 -0.024509
-23.438 11.719 0.008024
-23.438 12.5 0.024482
-23.438 13.281 -0.019021
-23.438 14.063 -0.0015926
-23.438 14.844 0.019683
-23.438 15.625 -0.020377
-23.438 16.406 0.014247
-23.438 17.188 -0.011236
-23.438 17.969 -0.012544
-23.438 18.75 0.018868
-23.438 19.531 0.0053064
-23.438 20.313 -0.0038842
-23.438 21.094 -0.0095484
-23.438 21.875 0.011763
-23.438 22.656 0.0078366
-23.438 23.438 0.00010745
-23.438 24.219 -0.0070111
-23.438 25 0.011167
-22.656 -24.219 0.0085149
-22.656 -23.438 0.037098
-22.656 -22.656 -0.043956
-22.656 -21.875 0.015899
-22.656 -21.094 0.0059625
-22.656 -20.313 0.019851
-22.656 -19.531 -0.051172
-22.656 -18.75 0.02058
-22.656 -17.969 -0.0062585
-22.656 -17.188 0.0074012
-22.656 -16.406 0.02593
-22.656 -15.625 -0.038951
-22.656 -14.844 0.0039943
-22.656 -14.063 0.0039137
-22.656 -13.281 -0.0031271
-22.656 -12.5 0.027735
-22.656 -11.719 -0.023171
-22.656 -10.938 0.0082984
-22.656 -10.156 0.0083187
-22.656 -9.375 -0.0094572
-22.656 -8.5938 -0.0025823
-22.656 -7.8125 0.0060282
-22.656 -7.0313 -0.01416
-22.656 -6.25 0.012869
-22.656 -5.4688 -0.0058279
-22.656 -4.6875 0.0082731
-22.656 -3.9063 0.008742
-22.656 -3.125 -0.0082219
-22.656 -2.3438 -0.022077
-22.656 -1.5625 0.01813
-22.656 -0.78125 0.0033297
-22.656 0 -0.013405
-22.656 0.78125 0.017532
-22.656 1.5625 0.007098
-22.656 2.3438 -0.015368
-22.656 3.125 0.016974
-22.656 3.9063 -0.015106
-22.656 4.6875 0.015312
-22.656 5.4688 -0.018811
-22.656 6.25 0.00034143
-22.656 7.0313 0.021367
-22.656 7.8125 -0.021606
-22.656 8.5938 -0.0036953
-22.656 9.375 0.021919
-22.656 10.156 -0.02296
-22.656 10.938 0.014057
-22.656 11.719 0.0080504
-22.656 12.5 -0.01066
-22.656 13.281 0.0074376
-22.656 14.063 0.01134
-22.656 14.844 -0.029112
-22.656 15.625 -0.00071482
-22.656 16.406 0.0068563
-22.656 17.188 0.010185
-22.656 17.969 -0.0040691
-22.656 18.75 0.0042011
-22.656 19.531 -0.001445
-22.656 20.313 0.009
-22.656 21.094 -0.030832
-22.656 21.875 0.0029137
-22.656 22.656 0.026835
-22.656 23.438 -0.010898
-22.656 24.219 -0.013309
-22.656 25 -0.0038678
-21.875 -24.219 -0.030821
-21.875 -23.438 0.023551
-21.875 -22.656 -0.00070222
-21.875 -21.875 -0.0077748
-21.875 -21.094 -0.0054785
-21.875 -20.313 0.01446
-21.875 -19.531 -0.013927
-21.875 -18.75 0.030286
-21.875 -17.969 -0.030186
-21.875 -17.188 0.0094367
-21.875 -16.406 0.020516
-21.875 -15.625 -0.028007
-21.875 -14.844 0.022593
-21.875 -14.063 0.014417
-21.875 -13.281 -0.035769
-21.875 -12.5 -0.0090395
-21.875 -11.719 -0.0048507
-21.875 -10.938 0.0046056
-21.875 -10.156 0.020518
-21.875 -9.375 0.00010984
-21.875 -8.5938 -0.0027204
-21.875 -7.8125 0.00087552
-21.875 -7.0313 -0.0074647
-21.875 -6.25 0.0019594
-21.875 -5.4688 -0.00074658
-21.875 -4.6875 0.0047385
-21.875 -3.9063 0.0032234
-21.875 -3.125 -0.0031833
-21.875 -2.3438 -0.013009
-21.875 -1.5625 0.019919
-21.875 -0.78125 -0.0025802
-21.875 0 0.003208
-21.875 0.78125 0.0035247
-21.875 1.5625 -0.017553
-21.875 2.3438 0.01226
-21.875 3.125 -0.00091843
-21.875 3.9063 -0.018607
-21.875 4.6875 0.0045243
-21.875 5.4688 0.013811
-21.875 6.25 0.0071497
-21.875 7.0313 0.0050836
-21.875 7.8125 -0.0035642
-21.875 8.5938 -0.020161
-21.875 9.375 0.014768
-21.875 10.156 -0.0098829
-21.875 10.938 0.014078
-21.875 11.719 -0.018383
-21.875 12.5 0.0088104
-21.875 13.281 0.01019
-21.875 14.063 -0.013819
-21.875 14.844 -0.0015429
-21.875 15.625 0.0093648
-21.875 16.406 -0.020362
-21.875 17.188 0.017861
-21.875 17.969 -0.0035317
-21.875 18.75 0.0092
-21.875 19.531 -0.027909
-21.875 20.313 0.021475
-21.875 21.094 -0.022869
-21.875 21.875 0.020203
-21.875 22.656 0.0033147
-21.875 23.438 -0.029869
-21.875 24.219 0.018876
-21.875 25 0.010082
-21.094 -24.219 0.0054052
-21.094 -23.438 -0.0019555
-21.094 -22.656 0.00076768
-21.094 -21.875 -0.01025
-21.094 -21.094 0.0052926
-21.094 -20.313 0.010556
-21.094 -19.531 -0.013719
-21.094 -18.75 -0.0074869
-21.094 -17.969 -0.007439
-21.094 -17.188 0.022499
-21.094 -16.406 0.0019854
-21.094 -15.625 -0.014619
-21.094 -14.844 0.0034728
-21.094 -14.063 0.010838
-21.094 -13.281 0.005812
-21.094 -12.5 0.0071127
-21.094 -11.719 0.0097904
-21.094 -10.938 -0.024507
-21.094 -10.156 0.011664
-21.094 -9.375 -0.0040879
-21.094 -8.5938 -0.0037073
-21.094 -7.8125 0.0052269
-21.094 -7.0313 0.021787
-21.094 -6.25 -0.040987
-21.094 -5.4688 0.022424
-21.094 -4.6875 -0.0021378
-21.094 -3.9063 0.0013035
-21.094 -3.125 -0.017103
-21.094 -2.3438 0.013935
-21.094 -1.5625 -0.00064995
-21.094 -0.78125 0.015581
-21.094 0 -0.019092
-21.094 0.78125 0.0024201
-21.094 1.5625 -0.0095389
-21.094 2.3438 0.020013
-21.094 3.125 -0.0136
-21.094 3.9063 -0.0055965
-21.094 4.6875 -0.012283
-21.094 5.4688 0.026581
-21.094 6.25 -0.022646
-21.094 7.0313 0.022305
-21.094 7.8125 0.0020933
-21.094 8.5938 -0.02306
-21.094 9.375 -0.0050841
-21.094 10.156 0.019885
-21.094 10.938 -0.011808
-21.094 11.719 -0.0012078
-21.094 12.5 0.017747
-21.094 13.281 -0.00012799
-21.094 14.063 -0.029284
-21.094 14.844 0.029906
-21.094 15.625 -0.011658
-21.094 16.406 0.015211
-21.094 17.188 -0.015934
-21.094 17.969 0.0058289
-21.094 18.75 0.010726
-21.094 19.531 -0.0018671
-21.094 20.313 0.021773
-21.094 21.094 -0.015496
-21.094 21.875 -0.027951
-21.094 22.656 0.044741
-21.094 23.438 -0.014422
-21.094 24.219 0.0042349
-21.094 25 -0.0071671
-20.313 -24.219 0.010305
-20.313 -23.438 -0.0069001
-20.313 -22.656 -0.012053
-20.313 -21.875 0.028526
-20.313 -21.094 0.0051776
-20.313 -20.313 -0.0096939
-20.313 -19.531 -0.0028323
-20.313 -18.75 0.0032603
-20.313 -17.969 0.0029251
-20.313 -17.188 -0.0021694
-20.313 -16.406 -2.9144e-05
-20.313 -15.625 -0.0028347
-20.313 -14.844 0.00045116
-20.313 -14.063 -0.016366
-20.313 -13.281 0.015909
-20.313 -12.5 -0.01271
-20.313 -11.719 0.0063444
-20.313 -10.938 -0.011431
-20.313 -10.156 0.011593
-20.313 -9.375 -0.0010043
-20.313 -8.5938 -0.0055372
-20.313 -7.8125 -0.0027968
-20.313 -7.0313 0.00082257
-20.313 -6.25 0.0019158
-20.313 -5.4688 0.016287
-20.313 -4.6875 -0.03107
-20.313 -3.9063 0.015026
-20.313 -3.125 -0.0070455
-20.313 -2.3438 0.029235
-20.313 -1.5625 -0.034668
-20.313 -0.78125 0.0057899
-20.313 0 -0.013883
-20.313 0.78125 0.01092
-20.313 1.5625 0.0036203
-20.313 2.3438 0.0019294
-20.313 3.125 -0.0098917
-20.313 3.9063 0.037571
-20.313 4.6875 -0.01675
-20.313 5.4688 -0.0011674
-20.313 6.25 -0.015391
-20.313 7.0313 0.0041883
-20.313 7.8125 0.014511
-20.313 8.5938 0.00051606
-20.313 9.375 -0.0055886
-20.313 10.156 0.022115
-20.313 10.938 -0.030656
-20.313 11.719 0.014121
-20.313 12.5 -0.014052
-20.313 13.281 0.012135
-20.313 14.063 -0.010469
-20.313 14.844 -0.0020498
-20.313 15.625 0.009395
-20.313 16.406 -0.0068254
-20.313 17.188 -0.0080539
-20.313 17.969 0.020749
-20.313 18.75 -0.027133
-20.313 19.531 -0.00065253
-20.313 20.313 0.0033079
-20.313 21.094 0.006026
-20.313 21.875 -0.013096
-20.313 22.656 0.0097694
-20.313 23.438 0.0030083
-20.313 24.219 -0.0022773
-20.313 25 -0.010086
-19.531 -24.219 0.011391
-19.531 -23.438 -0.0029031
-19.531 -22.656 -0.033364
-19.531 -21.875 0.019928
-19.531 -21.094 -0.0001883
-19.531 -20.313 -0.019165
-19.531 -19.531 -0.0029809
-19.531 -18.75 0.01506
-19.531 -17.969 0.0053899
-19.531 -17.188 0.0016928
-19.531 -16.406 -0.0046735
-19.531 -15.625 -0.021046
-19.531 -14.844 0.02987
-19.531 -14.063 -0.021701
-19.531 -13.281 0.006584
-19.531 -12.5 0.006474
-19.531 -11.719 -0.025742
-19.531 -10.938 -0.00064731
-19.531 -10.156 0.022679
-19.531 -9.375 -0.0071475
-19.531 -8.5938 -0.017356
-19.531 -7.8125 0.0068024
-19.531 -7.0313 0.0096736
-19.531 -6.25 0.0056363
-19.531 -5.4688 -0.0046705
-19.531 -4.6875 0.0017732
-19.531 -3.9063 0.0032207
-19.531 -3.125 -0.022536
-19.531 -2.3438 0.010396
-19.531 -1.5625 0.0025936
-19.531 -0.78125 -0.010128
-19.531 0 0.022226
-19.531 0.78125 -0.0017909
-19.531 1.5625 -0.010568
-19.531 2.3438 0.0059932
-19.531 3.125 -0.0067814
-19.531 3.9063 0.0023703
-19.531 4.6875 -0.023119
-19.531 5.4688 0.03374
-19.531 6.25 -0.030509
-19.531 7.0313 0.020286
-19.531 7.8125 -0.0023847
-19.531 8.5938 -0.020929
-19.531 9.375 0.0042382
-19.531 10.156 0.016575
-19.531 10.938 0.0025741
-19.531 11.719 -0.01082
-19.531 12.5 -0.0070543
-19.531 13.281 0.023815
-19.531 14.063 0.0023629
-19.531 14.844 -0.022778
-19.531 15.625 0.030838
-19.531 16.406 -0.017583
-19.531 17.188 -0.0044558
-19.531 17.969 0.0068066
-19.531 18.75 -0.0027192
-19.531 19.531 0.0060206
-19.531 20.313 -0.013119
-19.531 21.094 0.0063198
-19.531 21.875 0.0019503
-19.531 22.656 0.00019917
-19.531 23.438 0.012851
-19.531 24.219 -0.01821
-19.531 25 0.0075893
-18.75 -24.219 -0.02377
-18.75 -23.438 0.01767
-18.75 -22.656 -0.017263
-18.75 -21.875 0.036476
-18.75 -21.094 -0.026272
-18.75 -20.313 0.0099982
-18.75 -19.531 -0.0056664
-18.75 -18.75 0.01493
-18.75 -17.969 -0.012967
-18.75 -17.188 0.019077
-18.75 -16.406 -0.022943
-18.75 -15.625 0.0029543
-18.75 -14.844 -0.0029785
-18.75 -14.063 0.012489
-18.75 -13.281 -0.0027348
-18.75 -12.5 0.022972
-18.75 -11.719 -0.025226
-18.75 -10.938 0.028755
-18.75 -10.156 0.007763
-18.75 -9.375 0.014485
-18.75 -8.5938 -0.036987
-18.75 -7.8125 0.017704
-18.75 -7.0313 -0.013075
-18.75 -6.25 0.014801
-18.75 -5.4688 -0.026284
-18.75 -4.6875 0.014418
-18.75 -3.9063 0.0099846
-18.75 -3.125 -0.0018297
-18.75 -2.3438 -0.00038156
-18.75 -1.5625 0.0092879
-18.75 -0.78125 -0.016946
-18.75 0 0.019119
-18.75 0.78125 -0.0078976
-18.75 1.5625 0.01514
-18.75 2.3438 -0.017309
-18.75 3.125 -0.00075581
-18.75 3.9063 0.014451
-18.75 4.6875 -0.017666
-18.75 5.4688 0.0068379
-18.75 6.25 -0.004414
-18.75 7.0313 0.016593
-18.75 7.8125 -0.0037978
-18.75 8.5938 -0.001997
-18.75 9.375 0.001606
-18.75 10.156 -0.012447
-18.75 10.938 0.011384
-18.75 11.719 -0.0038902
-18.75 12.5 0.0094035
-18.75 13.281 -0.0082115
-18.75 14.063 -0.020915
-18.75 14.844 0.028023
-18.75 15.625 -0.012585
-18.75 16.406 0.0031896
-18.75 17.188 0.011442
-18.75 17.969 -0.029701
-18.75 18.75 0.024507
-18.75 19.531 0.010043
-18.75 20.313 -0.0034989
-18.75 21.094 -0.012058
-18.75 21.875 0.0016046
-18.75 22.656 0.0052502
-18.75 23.438 -0.0080397
-18.75 24.219 0.00020769
-18.75 25 0.016461
-17.969 -24.219 -0.027616
-17.969 -23.438 0.019396
-17.969 -22.656 -0.0057103
-17.969 -21.875 0.018126
-17.969 -21.094 -0.012897
-17.969 -20.313 0.010511
-17.969 -19.531 -0.011005
-17.969 -18.75 -0.0013843
-17.969 -17.969 -0.0064289
-17.969 -17.188 0.01317
-17.969 -16.406 -0.0018496
-17.969 -15.625 -0.0013875
-17.969 -14.844 -0.0024028
-17.969 -14.063 -0.010053
-17.969 -13.281 -0.0024708
-17.969 -12.5 0.018713
-17.969 -11.719 -0.029382
-17.969 -10.938 0.018125
-17.969 -10.156 -0.021995
-17.969 -9.375 -0.013762
-17.969 -8.5938 0.022954
-17.969 -7.8125 0.019583
-17.969 -7.0313 -0.029059
-17.969 -6.25 0.0014729
-17.969 -5.4688 0.0025708
-17.969 -4.6875 0.0068677
-17.969 -3.9063 -0.00095822
-17.969 -3.125 0.0020278
-17.969 -2.3438 -0.016154
-17.969 -1.5625 0.037007
-17.969 -0.78125 -0.023647
-17.969 0 -0.012472
-17.969 0.78125 0.0039477
-17.969 1.5625 -0.012154
-17.969 2.3438 -3.3057e-05
-17.969 3.125 0.0078467
-17.969 3.9063 0.016464
-17.969 4.6875 -0.017637
-17.969 5.4688 -0.0035998
-17.969 6.25 0.0084747
-17.969 7.0313 -0.00048974
-17.969 7.8125 -0.0046182
-17.969 8.5938 0.00054906
-17.969 9.375 -0.0062551
-17.969 10.156 0.012681
-17.969 10.938 -0.012199
-17.969 11.719 0.009248
-17.969 12.5 -0.005964
-17.969 13.281 -0.0074474
-17.969 14.063 -0.0072378
-17.969 14.844 0.023018
-17.969 15.625 -0.029627
-17.969 16.406 0.022591
-17.969 17.188 0.0044083
-17.969 17.969 0.0004566
-17.969 18.75 -0.0067415
-17.969 19.531 -0.008242
-17.969 20.313 0.013501
-17.969 21.094 -0.0076159
-17.969 21.875 -0.023666
-17.969 22.656 0.026637
-17.969 23.438 -0.020548
-17.969 24.219 0.0045657
-17.969 25 0.015992
-17.188 -24.219 -0.010199
-17.188 -23.438 0.016236
-17.188 -22.656 -0.010947
-17.188 -21.875 -0.026744
-17.188 -21.094 0.031222
-17.188 -20.313 -0.0062115
-17.188 -19.531 -0.010971
-17.188 -18.75 -0.00041678
-17.188 -17.969 0.00070798
-17.188 -17.188 -0.0079009
-17.188 -16.406 0.011883
-17.188 -15.625 -0.0057468
-17.188 -14.844 0.0094394
-17.188 -14.063 -0.0015366
-17.188 -13.281 -0.0063158
-17.188 -12.5 0.023504
-17.188 -11.719 -0.0016835
-17.188 -10.938 -0.029022
-17.188 -10.156 0.023812
-17.188 -9.375 -0.017782
-17.188 -8.5938 0.0045923
-17.188 -7.8125 -0.011477
-17.188 -7.0313 0.031579
-17.188 -6.25 -0.0089454
-17.188 -5.4688 -0.029141
-17.188 -4.6875 0.019737
-17.188 -3.9063 0.013204
-17.188 -3.125 -0.010505
-17.188 -2.3438 -0.029916
-17.188 -1.5625 0.0073858
-17.188 -0.78125 0.017869
-17.188 0 -0.0061146
-17.188 0.78125 0.032009
-17.188 1.5625 -0.040147
-17.188 2.3438 0.024552
-17.188 3.125 -0.0042906
-17.188 3.9063 0.013152
-17.188 4.6875 -0.01445
-17.188 5.4688 0.012733
-17.188 6.25 -0.011235
-17.188 7.0313 -0.0071405
-17.188 7.8125 0.026724
-17.188 8.5938 -0.0027824
-17.188 9.375 -0.020557
-17.188 10.156 0.011813
-17.188 10.938 -0.017298
-17.188 11.719 0.0029486
-17.188 12.5 0.014606
-17.188 13.281 0.016826
-17.188 14.063 -0.019514
-17.188 14.844 0.0235
-17.188 15.625 -0.045065
-17.188 16.406 0.028341
-17.188 17.188 -0.017108
-17.188 17.969 0.0053214
-17.188 18.75 -0.009684
-17.188 19.531 0.0015809
-17.188 20.313 0.016174
-17.188 21.094 0.015296
-17.188 21.875 -0.036864
-17.188 22.656 0.029887
-17.188 23.438 -0.0037263
-17.188 24.219 -0.00062444
-17.188 25 0.0059225
-16.406 -24.219 0.0026514
-16.406 -23.438 0.010034
-16.406 -22.656 -0.0048288
-16.406 -21.875 -0.02714
-16.406 -21.094 0.025091
-16.406 -20.313 -0.0042305
-16.406 -19.531 -0.00060953
-16.406 -18.75 0.0036129
-16.406 -17.969 0.011421
-16.406 -17.188 0.0066126
-16.406 -16.406 -0.018577
-16.406 -15.625 0.013327
-16.406 -14.844 -0.0086661
-16.406 -14.063 0.0023411
-16.406 -13.281 -0.0085283
-16.406 -12.5 0.020656
-16.406 -11.719 -0.0051729
-16.406 -10.938 -0.013803
-16.406 -10.156 0.02077
-16.406 -9.375 -0.0029258
-16.406 -8.5938 0.0093303
-16.406 -7.8125 -0.01681
-16.406 -7.0313 0.0043982
-16.406 -6.25 0.0056966
-16.406 -5.4688 -0.0020715
-16.406 -4.6875 0.007917
-16.406 -3.9063 -0.0071407
-16.406 -3.125 -0.00051403
-16.406 -2.3438 0.019747
-16.406 -1.5625 -0.022765
-16.406 -0.78125 0.011445
-16.406 0 -0.010712
-16.406 0.78125 0.024393
-16.406 1.5625 -0.022404
-16.406 2.3438 0.0024954
-16.406 3.125 0.00021628
-16.406 3.9063 0.016316
-16.406 4.6875 -0.036272
-16.406 5.4688 0.021378
-16.406 6.25 0.0037275
-16.406 7.0313 0.01038
-16.406 7.8125 -0.017124
-16.406 8.5938 0.00021391
-16.406 9.375 0.01418
-16.406 10.156 -0.011876
-16.406 10.938 -0.00067193
-16.406 11.719 0.012615
-16.406 12.5 0.0056928
-16.406 13.281 -0.020437
-16.406 14.063 -0.015834
-16.406 14.844 0.057645
-16.406 15.625 -0.039987
-16.406 16.406 0.029855
-16.406 17.188 -0.031321
-16.406 17.969 -0.0001724
-16.406 18.75 0.020825
-16.406 19.531 -0.0025145
-16.406 20.313 -0.0061254
-16.406 21.094 -0.0025684
-16.406 21.875 0.0036193
-16.406 22.656 0.013054
-16.406 23.438 -0.019524
-16.406 24.219 0.00022172
-16.406 25 0.0082963
-15.625 -24.219 -0.006369
-15.625 -23.438 0.0061607
-15.625 -22.656 -0.010482
-15.625 -21.875 -0.0059693
-15.625 -21.094 0.023423
-15.625 -20.313 -0.012527
-15.625 -19.531 -0.0024688
-15.625 -18.75 0.014369
-15.625 -17.969 -0.017556
-15.625 -17.188 0.0099253
-15.625 -16.406 -0.00070679
-15.625 -15.625 -0.0029346
-15.625 -14.844 -0.008068
-15.625 -14.063 0.0030467
-15.625 -13.281 -0.0017565
-15.625 -12.5 0.0099542
-15.625 -11.719 -0.028042
-15.625 -10.938 0.0097158
-15.625 -10.156 0.0091534
-15.625 -9.375 -0.022053
-15.625 -8.5938 0.025139
-15.625 -7.8125 0.0052634
-15.625 -7.0313 -0.030121
-15.625 -6.25 -0.0047676
-15.625 -5.4688 0.023877
-15.625 -4.6875 -0.00027809
-15.625 -3.9063 -0.025815
-15.625 -3.125 0.026802
-15.625 -2.3438 -0.0036454
-15.625 -1.5625 -0.00086436
-15.625 -0.78125 0.0050715
-15.625 0 -0.021806
-15.625 0.78125 -0.0079987
-15.625 1.5625 0.018639
-15.625 2.3438 0.0070361
-15.625 3.125 -0.00047163
-15.625 3.9063 -0.033158
-15.625 4.6875 0.014175
-15.625 5.4688 0.01199
-15.625 6.25 -0.011449
-15.625 7.0313 -0.0033739
-15.625 7.8125 0.0088506
-15.625 8.5938 -0.022247
-15.625 9.375 0.0058954
-15.625 10.156 0.034809
-15.625 10.938 -0.030524
-15.625 11.719 -0.00075951
-15.625 12.5 0.019404
-15.625 13.281 -0.029984
-15.625 14.063 0.0039125
-15.625 14.844 0.018952
-15.625 15.625 -0.015474
-15.625 16.406 0.008809
-15.625 17.188 0.0080793
-15.625 17.969 0.0014699
-15.625 18.75 0.00019502
-15.625 19.531 -0.0041329
-15.625 20.313 -0.0035183
-15.625 21.094 -0.013983
-15.625 21.875 0.00038562
-15.625 22.656 0.013646
-15.625 23.438 -0.0068367
-15.625 24.219 0.019074
-15.625 25 -0.023485
-14.844 -24.219 0.0086649
-14.844 -23.438 0.028974
-14.844 -22.656 -0.039615
-14.844 -21.875 0.014323
-14.844 -21.094 0.025723
-14.844 -20.313 -0.027123
-14.844 -19.531 0.0097066
-14.844 -18.75 -0.0039417
-14.844 -17.969 -0.02674
-14.844 -17.188 0.020459
-14.844 -16.406 0.014348
-14.844 -15.625 -0.0048935
-14.844 -14.844 -0.031621
-14.844 -14.063 0.030899
-14.844 -13.281 -0.012627
-14.844 -12.5 0.016888
-14.844 -11.719 -0.017726
-14.844 -10.938 -0.0019272
-14.844 -10.156 0.017382
-14.844 -9.375 -0.013983
-14.844 -8.5938 0.003393
-14.844 -7.8125 -0.0055449
-14.844 -7.0313 0.025154
-14.844 -6.25 -0.014637
-14.844 -5.4688 -0.005831
-14.844 -4.6875 0.017845
-14.844 -3.9063 -0.01951
-14.844 -3.125 0.0091102
-14.844 -2.3438 -0.013391
-14.844 -1.5625 0.0088916
-14.844 -0.78125 -0.0040899
-14.844 0 0.019653
-14.844 0.78125 -0.009331
-14.844 1.5625 -0.012673
-14.844 2.3438 0.00035487
-14.844 3.125 0.029118
-14.844 3.9063 -0.016073
-14.844 4.6875 0.0091914
-14.844 5.4688 -0.015162
-14.844 6.25 0.010677
-14.844 7.0313 -0.02761
-14.844 7.8125 0.030947
-14.844 8.5938 -0.021054
-14.844 9.375 -0.003714
-14.844 10.156 0.029045
-14.844 10.938 -0.022224
-14.844 11.719 -0.0064583
-14.844 12.5 0.033963
-14.844 13.281 -0.029929
-14.844 14.063 0.014406
-14.844 14.844 -0.0085368
-14.844 15.625 -0.0056182
-14.844 16.406 0.010557
-14.844 17.188 -0.019273
-14.844 17.969 -0.00028264
-14.844 18.75 0.014741
-14.844 19.531 -0.013104
-14.844 20.313 0.02518
-14.844 21.094 -0.016077
-14.844 21.875 -0.0090873
-14.844 22.656 0.020937
-14.844 23.438 0.00061107
-14.844 24.219 -0.010562
-14.844 25 -0.012148
-14.063 -24.219 -0.022723
-14.063 -23.438 0.025801
-14.063 -22.656 -0.024943
-14.063 -21.875 0.025196
-14.063 -21.094 0.0015603
-14.063 -20.313 -0.016459
-14.063 -19.531 0.020412
-14.063 -18.75 -0.0073752
-14.063 -17.969 -0.0058146
-14.063 -17.188 -0.0048612
-14.063 -16.406 -0.018834
-14.063 -15.625 0.042062
-14.063 -14.844 -0.0066862
-14.063 -14.063 -0.0054048
-14.063 -13.281 0.0046845
-14.063 -12.5 0.021732
-14.063 -11.719 -0.039153
-14.063 -10.938 0.00044829
-14.063 -10.156 0.030869
-14.063 -9.375 -0.013941
-14.063 -8.5938 0.011856
-14.063 -7.8125 -0.036445
-14.063 -7.0313 0.026551
-14.063 -6.25 0.0089489
-14.063 -5.4688 -0.0072922
-14.063 -4.6875 -0.011404
-14.063 -3.9063 0.007139
-14.063 -3.125 0.0040684
-14.063 -2.3438 0.006319
-14.063 -1.5625 0.00088192
-14.063 -0.78125 -0.021753
-14.063 0 0.029517
-14.063 0.78125 -0.0050544
-14.063 1.5625 -0.010749
-14.063 2.3438 -0.010264
-14.063 3.125 -0.003877
-14.063 3.9063 0.01898
-14.063 4.6875 -0.0035217
-14.063 5.4688 -0.0071296
-14.063 6.25 0.030001
-14.063 7.0313 -0.019727
-14.063 7.8125 0.0032276
-14.063 8.5938 0.0044491
-14.063 9.375 0.011219
-14.063 10.156 -0.016427
-14.063 10.938 0.0079396
-14.063 11.719 -0.013425
-14.063 12.5 0.011398
-14.063 13.281 -0.0060899
-14.063 14.063 0.0063848
-14.063 14.844 0.0093597
-14.063 15.625 -0.011656
-14.063 16.406 0.01434
-14.063 17.188 -0.021702
-14.063 17.969 0.0022599
-14.063 18.75 0.017506
-14.063 19.531 -0.015581
-14.063 20.313 0.0031386
-14.063 21.094 0.0029445
-14.063 21.875 0.0007803
-14.063 22.656 -0.0031937
-14.063 23.438 -0.014207
-14.063 24.219 0.014926
-14.063 25 0.014242
-13.281 -24.219 0.008281
-13.281 -23.438 -0.015191
-13.281 -22.656 0.0031433
-13.281 -21.875 -0.003513
-13.281 -21.094 9.977e-05
-13.281 -20.313 -0.0084051
-13.281 -19.531 0.008518
-13.281 -18.75 0.0017452
-13.281 -17.969 0.016593
-13.281 -17.188 -0.0065158
-13.281 -16.406 -0.012719
-13.281 -15.625 0.0041928
-13.281 -14.844 -0.0093076
-13.281 -14.063 0.002769
-13.281 -13.281 0.0152
-13.281 -12.5 -0.0081045
-13.281 -11.719 -0.0082342
-13.281 -10.938 -0.00049733
-13.281 -10.156 0.033343
-13.281 -9.375 -0.044642
-13.281 -8.5938 0.038347
-13.281 -7.8125 -0.009423
-13.281 -7.0313 -0.0028719
-13.281 -6.25 -0.020101
-13.281 -5.4688 0.011932
-13.281 -4.6875 -0.01251
-13.281 -3.9063 0.031923
-13.281 -3.125 -0.034083
-13.281 -2.3438 -0.009028
-13.281 -1.5625 0.032642
-13.281 -0.78125 -0.026149
-13.281 0 0.0064495
-13.281 0.78125 -0.018089
-13.281 1.5625 0.024915
-13.281 2.3438 -0.00080131
-13.281 3.125 -0.00033072
-13.281 3.9063 0.010336
-13.281 4.6875 -0.021208
-13.281 5.4688 0.0018492
-13.281 6.25 -0.0072974
-13.281 7.0313 0.028747
-13.281 7.8125 -0.014752
-13.281 8.5938 8.687e-05
-13.281 9.375 -0.0072509
-13.281 10.156 0.021048
-13.281 10.938 -0.030509
-13.281 11.719 0.016137
-13.281 12.5 0.012839
-13.281 13.281 -0.023417
-13.281 14.063 0.0069863
-13.281 14.844 0.012628
-13.281 15.625 -0.017505
-13.281 16.406 0.0099483
-13.281 17.188 -0.0012197
-13.281 17.969 -0.010249
-13.281 18.75 0.018627
-13.281 19.531 -0.0024816
-13.281 20.313 -0.020446
-13.281 21.094 0.018158
-13.281 21.875 0.007635
-13.281 22.656 -0.012528
-13.281 23.438 -0.0043205
-13.281 24.219 0.0039282
-13.281 25 -0.00615
-12.5 -24.219 0.0042657
-12.5 -23.438 0.0071858
-12.5 -22.656 0.011099
-12.5 -21.875 -0.0076047
-12.5 -21.094 0.0033091
-12.5 -20.313 -0.0028602
-12.5 -19.531 -0.0092015
-12.5 -18.75 0.01207
-12.5 -17.969 -0.018822
-12.5 -17.188 0.006249
-12.5 -16.406 0.02283
-12.5 -15.625 -0.017968
-12.5 -14.844 -0.013529
-12.5 -14.063 0.016705
-12.5 -13.281 0.0031585
-12.5 -12.5 -0.006537
-12.5 -11.719 -0.00068962
-12.5 -10.938 -0.0072169
-12.5 -10.156 0.021105
-12.5 -9.375 -0.051784
-12.5 -8.5938 0.021833
-12.5 -7.8125 -0.0082747
-12.5 -7.0313 0.024105
-12.5 -6.25 -0.014228
-12.5 -5.4688 0.011398
-12.5 -4.6875 -0.013325
-12.5 -3.9063 0.028584
-12.5 -3.125 -0.013205
-12.5 -2.3438 -0.017086
-12.5 -1.5625 0.022092
-12.5 -0.78125 -0.00065912
-12.5 0 -0.003774
-12.5 0.78125 0.0028913
-12.5 1.5625 0.013976
-12.5 2.3438 -0.014789
-12.5 3.125 0.0054954
-12.5 3.9063 -0.0084714
-12.5 4.6875 -0.006895
-12.5 5.4688 0.022575
-12.5 6.25 -0.035595
-12.5 7.0313 0.016515
-12.5 7.8125 0.016467
-12.5 8.5938 -0.0071717
-12.5 9.375 -0.017802
-12.5 10.156 -0.0035089
-12.5 10.938 -0.0097146
-12.5 11.719 0.03965
-12.5 12.5 -0.027245
-12.5 13.281 0.0098247
-12.5 14.063 0.0082334
-12.5 14.844 -0.0068649
-12.5 15.625 -0.018764
-12.5 16.406 0.024316
-12.5 17.188 0.001809
-12.5 17.969 -0.0059194
-12.5 18.75 -0.0024593
-12.5 19.531 0.0070201
-12.5 20.313 -0.0074902
-12.5 21.094 0.012116
-12.5 21.875 -0.015511
-12.5 22.656 0.0033098
-12.5 23.438 0.0044532
-12.5 24.219 0.013681
-12.5 25 -0.019311
-11.719 -24.219 -0.0062741
-11.719 -23.438 0.011015
-11.719 -22.656 -0.02159
-11.719 -21.875 -0.00071091
-11.719 -21.094 0.012943
-11.719 -20.313 -0.0052818
-11.719 -19.531 -0.0055136
-11.719 -18.75 -0.0019903
-11.719 -17.969 0.0026386
-11.719 -17.188 0.014704
-11.719 -16.406 -0.008817
-11.719 -15.625 3.7523e-05
-11.719 -14.844 -0.0068265
-11.719 -14.063 -0.00084332
-11.719 -13.281 -0.012373
-11.719 -12.5 0.038074
-11.719 -11.719 -0.030856
-11.719 -10.938 0.0043328
-11.719 -10.156 0.018389
-11.719 -9.375 -0.010684
-11.719 -8.5938 0.0094021
-11.719 -7.8125 0.010457
-11.719 -7.0313 -0.0070853
-11.719 -6.25 -0.014904
-11.719 -5.4688 0.012022
-11.719 -4.6875 0.005959
-11.719 -3.9063 -0.0085808
-11.719 -3.125 -0.010829
-11.719 -2.3438 0.0047993
-11.719 -1.5625 -0.0020774
-11.719 -0.78125 0.0025216
-11.719 0 0.014513
-11.719 0.78125 -0.011556
-11.719 1.5625 -0.0054625
-11.719 2.3438 -0.010167
-11.719 3.125 0.0083814
-11.719 3.9063 0.020127
-11.719 4.6875 -0.016692
-11.719 5.4688 0.0066617
-11.719 6.25 -0.017085
-11.719 7.0313 0.0053237
-11.719 7.8125 0.012677
-11.719 8.5938 -0.013627
-11.719 9.375 0.023021
-11.719 10.156 -0.014956
-11.719 10.938 0.0025902
-11.719 11.719 0.0097778
-11.719 12.5 -0.020893
-11.719 13.281 0.01775
-11.719 14.063 -0.014337
-11.719 14.844 0.006662
-11.719 15.625 -0.0044535
-11.719 16.406 -0.0078663
-11.719 17.188 0.012685
-11.719 17.969 -0.020847
-11.719 18.75 0.020286
-11.719 19.531 -0.016477
-11.719 20.313 0.010333
-11.719 21.094 0.0009624
-11.719 21.875 -0.013542
-11.719 22.656 0.011222
-11.719 23.438 0.012068
-11.719 24.219 -0.025735
-11.719 25 0.020669
-10.938 -24.219 0.0017234
-10.938 -23.438 0.0058795
-10.938 -22.656 -0.018223
-10.938 -21.875 0.011681
-10.938 -21.094 -0.0060477
-10.938 -20.313 0.0091873
-10.938 -19.531 -0.0036393
-10.938 -18.75 0.010788
-10.938 -17.969 -0.013104
-10.938 -17.188 -0.0012923
-10.938 -16.406 0.0028515
-10.938 -15.625 0.010412
-10.938 -14.844 -0.018561
-10.938 -14.063 0.016724
-10.938 -13.281 -0.018939
-10.938 -12.5 0.019925
-10.938 -11.719 -0.010654
-10.938 -10.938 0.00069285
-10.938 -10.156 -0.0038554
-10.938 -9.375 -0.0075969
-10.938 -8.5938 0.021954
-10.938 -7.8125 0.001756
-10.938 -7.0313 -0.02378
-10.938 -6.25 -0.0061837
-10.938 -5.4688 0.0038124
-10.938 -4.6875 0.0020754
-10.938 -3.9063 0.000473
-10.938 -3.125 0.011057
-10.938 -2.3438 0.014537
-10.938 -1.5625 -0.037083
-10.938 -0.78125 0.020545
-10.938 0 -0.010734
-10.938 0.78125 -0.0042436
-10.938 1.5625 0.0060601
-10.938 2.3438 -0.0060365
-10.938 3.125 0.022877
-10.938 3.9063 -0.019457
-10.938 4.6875 -0.011124
-10.938 5.4688 0.025602
-10.938 6.25 -0.0068463
-10.938 7.0313 0.0061623
-10.938 7.8125 -0.010121
-10.938 8.5938 -0.018157
-10.938 9.375 0.027151
-10.938 10.156 -0.0094428
-10.938 10.938 0.00089689
-10.938 11.719 -0.0047975
-10.938 12.5 0.0071297
-10.938 13.281 0.001284
-10.938 14.063 -0.018948
-10.938 14.844 0.0095689
-10.938 15.625 0.0085503
-10.938 16.406 -0.013444
-10.938 17.188 0.011574
-10.938 17.969 -0.0037305
-10.938 18.75 0.012609
-10.938 19.531 -0.0083022
-10.938 20.313 -0.0051825
-10.938 21.094 -0.0076632
-10.938 21.875 0.020266
-10.938 22.656 -0.015645
-10.938 23.438 0.020355
-10.938 24.219 -0.033075
-10.938 25 0.013563
-10.156 -24.219 0.0013338
-10.156 -23.438 0.011092
-10.156 -22.656 -0.015127
-10.156 -21.875 0.00078512
-10.156 -21.094 -0.00065011
-10.156 -20.313 0.0044857
-10.156 -19.531 0.0033456
-10.156 -18.75 0.0011937
-10.156 -17.969 -0.027634
-10.156 -17.188 0.017879
-10.156 -16.406 0.01867
-10.156 -15.625 -0.013359
-10.156 -14.844 -0.00071646
-10.156 -14.063 0.030703
-10.156 -13.281 -0.023934
-10.156 -12.5 -0.0093677
-10.156 -11.719 0.011932
-10.156 -10.938 -0.0081616
-10.156 -10.156 0.0088469
-10.156 -9.375 -0.0041637
-10.156 -8.5938 0.0018621
-10.156 -7.8125 0.0021802
-10.156 -7.0313 -0.0039469
-10.156 -6.25 0.0088466
-10.156 -5.4688 0.00012672
-10.156 -4.6875 0.003855
-10.156 -3.9063 -0.0021837
-10.156 -3.125 0.00028642
-10.156 -2.3438 -0.0073634
-10.156 -1.5625 0.013644
-10.156 -0.78125 -0.0097775
-10.156 0 0.0036481
-10.156 0.78125 0.0080419
-10.156 1.5625 0.0062224
-10.156 2.3438 -0.012106
-10.156 3.125 -0.0015756
-10.156 3.9063 0.022431
-10.156 4.6875 -0.023432
-10.156 5.4688 0.022433
-10.156 6.25 -0.034174
-10.156 7.0313 0.028074
-10.156 7.8125 0.0065451
-10.156 8.5938 -0.0099364
-10.156 9.375 -2.264e-05
-10.156 10.156 -0.0091548
-10.156 10.938 0.02666
-10.156 11.719 -0.019161
-10.156 12.5 -0.019797
-10.156 13.281 0.019774
-10.156 14.063 0.01436
-10.156 14.844 -0.01546
-10.156 15.625 0.0090492
-10.156 16.406 0.017491
-10.156 17.188 -0.0191
-10.156 17.969 -0.0053715
-10.156 18.75 0.01082
-10.156 19.531 -0.0082029
-10.156 20.313 0.013561
-10.156 21.094 -0.0082607
-10.156 21.875 0.013182
-10.156 22.656 -0.024493
-10.156 23.438 0.016543
-10.156 24.219 -0.0057405
-10.156 25 0.010326
-9.375 -24.219 -0.018807
-9.375 -23.438 0.012315
-9.375 -22.656 -0.02214
-9.375 -21.875 0.021267
-9.375 -21.094 0.0050431
-9.375 -20.313 -0.0082352
-9.375 -19.531 0.0038356
-9.375 -18.75 -0.0086735
-9.375 -17.969 -0.01124
-9.375 -17.188 0.031114
-9.375 -16.406 -0.015142
-9.375 -15.625 -0.0052911
-9.375 -14.844 0.009039
-9.375 -14.063 -0.024975
-9.375 -13.281 0.016581
-9.375 -12.5 -0.018823
-9.375 -11.719 0.014223
-9.375 -10.938 0.0072438
-9.375 -10.156 -0.009192
-9.375 -9.375 0.012114
-9.375 -8.5938 -0.016014
-9.375 -7.8125 0.0132
-9.375 -7.0313 -0.01197
-9.375 -6.25 0.0020406
-9.375 -5.4688 0.01502
-9.375 -4.6875 -0.023844
-9.375 -3.9063 0.0090337
-9.375 -3.125 0.0073761
-9.375 -2.3438 -0.027544
-9.375 -1.5625 0.021946
-9.375 -0.78125 -0.0069135
-9.375 0 0.0078556
-9.375 0.78125 -0.0098185
-9.375 1.5625 -0.0067533
-9.375 2.3438 0.0051502
-9.375 3.125 -0.0009435
-9.375 3.9063 0.0022348
-9.375 4.6875 -0.010121
-9.375 5.4688 0.010338
-9.375 6.25 -0.017567
-9.375 7.0313 0.0099591
-9.375 7.8125 0.0041649
-9.375 8.5938 -0.0042365
-9.375 9.375 -0.01021
-9.375 10.156 0.0099964
-9.375 10.938 0.0068896
-9.375 11.719 -0.019918
-9.375 12.5 0.025601
-9.375 13.281 -0.01199
-9.375 14.063 -0.00084903
-9.375 14.844 0.0016621
-9.375 15.625 -0.0073019
-9.375 16.406 0.0052561
-9.375 17.188 -0.00022517
-9.375 17.969 -0.0049887
-9.375 18.75 0.00043085
-9.375 19.531 -0.019046
-9.375 20.313 0.026695
-9.375 21.094 -0.0065721
-9.375 21.875 0.00087278
-9.375 22.656 -0.0052305
-9.375 23.438 0.0017218
-9.375 24.219 -0.0086197
-9.375 25 0.0086682
-8.5938 -24.219 0.0058294
-8.5938 -23.438 0.024985
-8.5938 -22.656 -0.016319
-8.5938 -21.875 -0.00097417
-8.5938 -21.094 0.00063827
-8.5938 -20.313 0.006342
-8.5938 -19.531 -0.0033608
-8.5938 -18.75 0.00072113
-8.5938 -17.969 0.0069453
-8.5938 -17.188 -0.0014882
-8.5938 -16.406 -0.0080758
-8.5938 -15.625 -0.0085998
-8.5938 -14.844 0.017937
-8.5938 -14.063 -0.02201
-8.5938 -13.281 0.031287
-8.5938 -12.5 -0.0049404
-8.5938 -11.719 -0.0027366
-8.5938 -10.938 0.010628
-8.5938 -10.156 -0.021116
-8.5938 -9.375 0.011917
-8.5938 -8.5938 -0.012979
-8.5938 -7.8125 0.0092423
-8.5938 -7.0313 -0.020112
-8.5938 -6.25 0.011968
-8.5938 -5.4688 0.0018181
-8.5938 -4.6875 -0.0025989
-8.5938 -3.9063 0.015417
-8.5938 -3.125 -0.011212
-8.5938 -2.3438 0.0037843
-8.5938 -1.5625 0.0024988
-8.5938 -0.78125 0.0056738
-8.5938 0 -0.0018519
-8.5938 0.78125 0.0062108
-8.5938 1.5625 -0.020371
-8.5938 2.3438 0.0087481
-8.5938 3.125 0.013443
-8.5938 3.9063 -0.01204
-8.5938 4.6875 0.0020403
-8.5938 5.4688 -0.014181
-8.5938 6.25 0.021884
-8.5938 7.0313 -0.0032802
-8.5938 7.8125 -0.010654
-8.5938 8.5938 0.0075963
-8.5938 9.375 0.006292
-8.5938 10.156 -0.015873
-8.5938 10.938 0.014081
-8.5938 11.719 -0.015935
-8.5938 12.5 0.035682
-8.5938 13.281 -0.028864
-8.5938 14.063 0.0020174
-8.5938 14.844 0.0061252
-8.5938 15.625 0.028147
-8.5938 16.406 -0.027779
-8.5938 17.188 -0.0063075
-8.5938 17.969 0.0067019
-8.5938 18.75 0.021243
-8.5938 19.531 -0.010604
-8.5938 20.313 -0.0077268
-8.5938 21.094 0.010361
-8.5938 21.875 -0.033409
-8.5938 22.656 0.020327
-8.5938 23.438 0.021193
-8.5938 24.219 -0.013617
-8.5938 25 -0.015489
-7.8125 -24.219 0.0083055
-7.8125 -23.438 -0.016006
-7.8125 -22.656 0.00064123
-7.8125 -21.875 -0.0038175
-7.8125 -21.094 0.013578
-7.8125 -20.313 -0.014346
-7.8125 -19.531 -0.0019068
-7.8125 -18.75 0.019863
-7.8125 -17.969 -0.012274
-7.8125 -17.188 -0.0065029
-7.8125 -16.406 0.019589
-7.8125 -15.625 -0.019186
-7.8125 -14.844 0.0097108
-7.8125 -14.063 -0.021279
-7.8125 -13.281 0.027913
-7.8125 -12.5 -0.035763
-7.8125 -11.719 0.029689
-7.8125 -10.938 -0.0032842
-7.8125 -10.156 -0.0077046
-7.8125 -9.375 -0.01372
-7.8125 -8.5938 0.026565
-7.8125 -7.8125 -0.0010057
-7.8125 -7.0313 -0.003682
-7.8125 -6.25 0.010385
-7.8125 -5.4688 -0.017111
-7.8125 -4.6875 0.015952
-7.8125 -3.9063 0.0033465
-7.8125 -3.125 -0.0068989
-7.8125 -2.3438 -0.012111
-7.8125 -1.5625 0.014669
-7.8125 -0.78125 -0.020642
-7.8125 0 0.01541
-7.8125 0.78125 0.0091387
-7.8125 1.5625 -0.036167
-7.8125 2.3438 0.033194
-7.8125 3.125 -0.018984
-7.8125 3.9063 0.0098614
-7.8125 4.6875 0.0015257
-7.8125 5.4688 0.017841
-7.8125 6.25 -0.020827
-7.8125 7.0313 0.0080937
-7.8125 7.8125 0.0016201
-7.8125 8.5938 -0.020584
-7.8125 9.375 0.021654
-7.8125 10.156 -0.018985
-7.8125 10.938 0.016148
-7.8125 11.719 -0.0040393
-7.8125 12.5 -0.0063883
-7.8125 13.281 -0.012059
-7.8125 14.063 0.020282
-7.8125 14.844 -0.012494
-7.8125 15.625 -0.0090501
-7.8125 16.406 -0.015491
-7.8125 17.188 0.032493
-7.8125 17.969 -0.020565
-7.8125 18.75 0.01494
-7.8125 19.531 -0.006158
-7.8125 20.313 -0.016215
-7.8125 21.094 0.030403
-7.8125 21.875 -0.024715
-7.8125 22.656 0.015877
-7.8125 23.438 -0.0093234
-7.8125 24.219 0.010485
-7.8125 25 0.005647
-7.0313 -24.219 0.0041873
-7.0313 -23.438 -0.009271
-7.0313 -22.656 0.010103
-7.0313 -21.875 -0.01759
-7.0313 -21.094 0.036867
-7.0313 -20.313 -0.028644
-7.0313 -19.531 -0.010582
-7.0313 -18.75 0.019049
-7.0313 -17.969 -0.014278
-7.0313 -17.188 -0.0019966
-7.0313 -16.406 0.023213
-7.0313 -15.625 -0.010413
-7.0313 -14.844 -0.0025163
-7.0313 -14.063 -0.011809
-7.0313 -13.281 0.013815
-7.0313 -12.5 0.0041785
-7.0313 -11.719 0.00056413
-7.0313 -10.938 -0.016747
-7.0313 -10.156 0.019153
-7.0313 -9.375 -0.0080952
-7.0313 -8.5938 0.0079539
-7.0313 -7.8125 -0.018072
-7.0313 -7.0313 0.0013354
-7.0313 -6.25 0.014593
-7.0313 -5.4688 -0.013977
-7.0313 -4.6875 0.0086693
-7.0313 -3.9063 -0.015782
-7.0313 -3.125 -0.0019783
-7.0313 -2.3438 -0.013294
-7.0313 -1.5625 0.020764
-7.0313 -0.78125 -0.0024106
-7.0313 0 -0.010376
-7.0313 0.78125 0.011927
-7.0313 1.5625 -0.0099668
-7.0313 2.3438 0.0018686
-7.0313 3.125 0.0052226
-7.0313 3.9063 0.010736
-7.0313 4.6875 -0.018623
-7.0313 5.4688 0.025653
-7.0313 6.25 -0.031714
-7.0313 7.0313 0.010129
-7.0313 7.8125 0.0015257
-7.0313 8.5938 -0.016479
-7.0313 9.375 0.027832
-7.0313 10.156 -0.003941
-7.0313 10.938 0.0042415
-7.0313 11.719 -0.011405
-7.0313 12.5 -0.0048301
-7.0313 13.281 0.016763
-7.0313 14.063 -0.0047044
-7.0313 14.844 -0.0046757
-7.0313 15.625 -0.0083029
-7.0313 16.406 0.013056
-7.0313 17.188 -0.0070205
-7.0313 17.969 -0.005033
-7.0313 18.75 0.0045989
-7.0313 19.531 -0.0008986
-7.0313 20.313 0.012722
-7.0313 21.094 0.013212
-7.0313 21.875 -0.027479
-7.0313 22.656 0.013627
-7.0313 23.438 -0.021828
-7.0313 24.219 0.0024557
-7.0313 25 0.0048246
-6.25 -24.219 -0.011006
-6.25 -23.438 -0.010451
-6.25 -22.656 0.015201
-6.25 -21.875 -0.006419
-6.25 -21.094 0.0042703
-6.25 -20.313 0.0037186
-6.25 -19.531 0.0014175
-6.25 -18.75 -0.0095414
-6.25 -17.969 0.013346
-6.25 -17.188 -0.021847
-6.25 -16.406 0.021175
-6.25 -15.625 -0.0055233
-6.25 -14.844 0.0031359
-6.25 -14.063 0.016408
-6.25 -13.281 -0.0052851
-6.25 -12.5 -0.015517
-6.25 -11.719 0.0062155
-6.25 -10.938 -0.0014093
-6.25 -10.156 0.0040847
-6.25 -9.375 -0.0013728
-6.25 -8.5938 -0.0027166
-6.25 -7.8125 0.0006126
-6.25 -7.0313 -0.0074706
-6.25 -6.25 0.0044442
-6.25 -5.4688 0.0085761
-6.25 -4.6875 -0.0025254
-6.25 -3.9063 -0.003155
-6.25 -3.125 0.017846
-6.25 -2.3438 -0.019283
-6.25 -1.5625 -0.0032867
-6.25 -0.78125 0.030526
-6.25 0 -0.017092
-6.25 0.78125 -0.0019348
-6.25 1.5625 0.019616
-6.25 2.3438 -0.0037113
-6.25 3.125 -0.014081
-6.25 3.9063 0.0045623
-6.25 4.6875 -0.0066201
-6.25 5.4688 -0.00093634
-6.25 6.25 -0.0077044
-6.25 7.0313 0.021971
-6.25 7.8125 0.0014436
-6.25 8.5938 -0.0024525
-6.25 9.375 -0.020447
-6.25 10.156 0.013237
-6.25 10.938 -0.013525
-6.25 11.719 0.0072993
-6.25 12.5 0.016903
-6.25 13.281 -0.017235
-6.25 14.063 0.0045742
-6.25 14.844 0.0076969
-6.25 15.625 -0.0050955
-6.25 16.406 0.0071211
-6.25 17.188 -0.015773
-6.25 17.969 0.023295
-6.25 18.75 -0.022932
-6.25 19.531 0.016936
-6.25 20.313 -0.020558
-6.25 21.094 0.0017025
-6.25 21.875 -0.0027321
-6.25 22.656 0.020983
-6.25 23.438 0.017252
-6.25 24.219 -0.041287
-6.25 25 0.028693
-5.4688 -24.219 -0.013646
-5.4688 -23.438 -0.0051969
-5.4688 -22.656 0.00023321
-5.4688 -21.875 0.0032347
-5.4688 -21.094 -0.012035
-5.4688 -20.313 0.011649
-5.4688 -19.531 0.0091286
-5.4688 -18.75 -0.0083727
-5.4688 -17.969 -0.0041097
-5.4688 -17.188 -0.017863
-5.4688 -16.406 0.0083216
-5.4688 -15.625 0.0054989
-5.4688 -14.844 0.0025298
-5.4688 -14.063 -0.013788
-5.4688 -13.281 0.0089882
-5.4688 -12.5 -0.0094115
-5.4688 -11.719 -0.0064564
-5.4688 -10.938 0.015605
-5.4688 -10.156 -0.0097101
-5.4688 -9.375 -0.0026607
-5.4688 -8.5938 0.0064183
-5.4688 -7.8125 0.016401
-5.4688 -7.0313 -0.024502
-5.4688 -6.25 0.0061206
-5.4688 -5.4688 0.030267
-5.4688 -4.6875 -0.044046
-5.4688 -3.9063 0.027746
-5.4688 -3.125 -0.012736
-5.4688 -2.3438 0.0018281
-5.4688 -1.5625 0.013664
-5.4688 -0.78125 -0.0019225
-5.4688 0 -0.020998
-5.4688 0.78125 0.0015378
-5.4688 1.5625 0.0085245
-5.4688 2.3438 0.00612
-5.4688 3.125 -0.011589
-5.4688 3.9063 -0.0050966
-5.4688 4.6875 0.011211
-5.4688 5.4688 -0.0046401
-5.4688 6.25 0.0023216
-5.4688 7.0313 -0.0010195
-5.4688 7.8125 0.010631
-5.4688 8.5938 -0.015013
-5.4688 9.375 0.010345
-5.4688 10.156 0.0081603
-5.4688 10.938 -0.026683
-5.4688 11.719 0.01486
-5.4688 12.5 0.0028054
-5.4688 13.281 -0.022487
-5.4688 14.063 0.012792
-5.4688 14.844 0.022433
-5.4688 15.625 -0.0095138
-5.4688 16.406 0.0081363
-5.4688 17.188 -0.012595
-5.4688 17.969 0.012231
-5.4688 18.75 -0.011286
-5.4688 19.531 0.012201
-5.4688 20.313 -0.0074505
-5.4688 21.094 0.0041734
-5.4688 21.875 -0.0018948
-5.4688 22.656 -0.0085426
-5.4688 23.438 0.019725
-5.4688 24.219 -0.022381
-5.4688 25 0.023546
-4.6875 -24.219 0.0031251
-4.6875 -23.438 0.01502
-4.6875 -22.656 -0.010462
-4.6875 -21.875 -0.00325
-4.6875 -21.094 0.0038955
-4.6875 -20.313 -0.0056505
-4.6875 -19.531 0.0046935
-4.6875 -18.75 -0.0053798
-4.6875 -17.969 0.018565
-4.6875 -17.188 -0.00045641
-4.6875 -16.406 -0.0058764
-4.6875 -15.625 -0.0026079
-4.6875 -14.844 -0.0022849
-4.6875 -14.063 -0.010187
-4.6875 -13.281 0.013688
-4.6875 -12.5 0.015018
-4.6875 -11.719 -0.032603
-4.6875 -10.938 0.025564
-4.6875 -10.156 -0.015093
-4.6875 -9.375 0.022883
-4.6875 -8.5938 -0.020556
-4.6875 -7.8125 -0.0061197
-4.6875 -7.0313 0.011109
-4.6875 -6.25 -0.0047191
-4.6875 -5.4688 0.0028985
-4.6875 -4.6875 -0.014145
-4.6875 -3.9063 0.016717
-4.6875 -3.125 -0.020441
-4.6875 -2.3438 0.0035556
-4.6875 -1.5625 0.033495
-4.6875 -0.78125 -0.042222
-4.6875 0 0.027999
-4.6875 0.78125 -0.0039096
-4.6875 1.5625 -0.016283
-4.6875 2.3438 0.0069457
-4.6875 3.125 0.0089681
-4.6875 3.9063 -0.0090645
-4.6875 4.6875 0.0059869
-4.6875 5.4688 -0.0035883
-4.6875 6.25 0.0015294
-4.6875 7.0313 -0.0053532
-4.6875 7.8125 -0.0075154
-4.6875 8.5938 0.014011
-4.6875 9.375 0.010227
-4.6875 10.156 -0.012207
-4.6875 10.938 0.0060037
-4.6875 11.719 -0.0045078
-4.6875 12.5 0.02319
-4.6875 13.281 -0.031355
-4.6875 14.063 -0.0040109
-4.6875 14.844 0.0054688
-4.6875 15.625 -0.0036963
-4.6875 16.406 0.010049
-4.6875 17.188 -0.0060507
-4.6875 17.969 0.0035591
-4.6875 18.75 -0.017444
-4.6875 19.531 0.016046
-4.6875 20.313 -0.00054079
-4.6875 21.094 -0.014563
-4.6875 21.875 -0.0029464
-4.6875 22.656 0.011988
-4.6875 23.438 -0.0072029
-4.6875 24.219 0.008751
-4.6875 25 -0.016863
-3.9063 -24.219 0.01747
-3.9063 -23.438 -0.028188
-3.9063 -22.656 0.0047021
-3.9063 -21.875 0.015177
-3.9063 -21.094 0.018081
-3.9063 -20.313 -0.023147
-3.9063 -19.531 -0.0072151
-3.9063 -18.75 0.012347
-3.9063 -17.969 0.00076337
-3.9063 -17.188 -0.0060105
-3.9063 -16.406 0.016931
-3.9063 -15.625 -0.021718
-3.9063 -14.844 0.018375
-3.9063 -14.063 -0.010246
-3.9063 -13.281 0.01071
-3.9063 -12.5 0.0054378
-3.9063 -11.719 -0.005481
-3.9063 -10.938 -0.0012815
-3.9063 -10.156 -0.010157
-3.9063 -9.375 0.013281
-3.9063 -8.5938 0.0083507
-3.9063 -7.8125 -0.013241
-3.9063 -7.0313 -0.0061979
-3.9063 -6.25 0.0072044
-3.9063 -5.4688 0.010426
-3.9063 -4.6875 0.00099663
-3.9063 -3.9063 0.0058364
-3.9063 -3.125 -0.012727
-3.9063 -2.3438 -0.0057551
-3.9063 -1.5625 0.025266
-3.9063 -0.78125 -0.022213
-3.9063 0 -0.0068696
-3.9063 0.78125 0.028631
-3.9063 1.5625 -0.021542
-3.9063 2.3438 -0.01448
-3.9063 3.125 0.026819
-3.9063 3.9063 0.0063867
-3.9063 4.6875 -0.032223
-3.9063 5.4688 0.02427
-3.9063 6.25 -0.0050473
-3.9063 7.0313 -0.00022628
-3.9063 7.8125 -0.0069854
-3.9063 8.5938 0.01181
-3.9063 9.375 -0.0070047
-3.9063 10.156 -0.0050571
-3.9063 10.938 -0.00011966
-3.9063 11.719 0.0020509
-3.9063 12.5 0.012889
-3.9063 13.281 -0.016211
-3.9063 14.063 0.020696
-3.9063 14.844 -0.0044701
-3.9063 15.625 -0.017921
-3.9063 16.406 0.00024785
-3.9063 17.188 0.0021538
-3.9063 17.969 0.012603
-3.9063 18.75 -0.026788
-3.9063 19.531 0.032799
-3.9063 20.313 7.0197e-06
-3.9063 21.094 -0.0039784
-3.9063 21.875 -0.0058239
-3.9063 22.656 0.025477
-3.9063 23.438 -0.034692
-3.9063 24.219 0.018642
-3.9063 25 0.0023029
-3.125 -24.219 0.010025
-3.125 -23.438 -0.016482
-3.125 -22.656 0.027072
-3.125 -21.875 -0.017382
-3.125 -21.094 -0.0043786
-3.125 -20.313 0.014273
-3.125 -19.531 -0.012049
-3.125 -18.75 0.010495
-3.125 -17.969 -0.016979
-3.125 -17.188 -0.00089008
-3.125 -16.406 0.012323
-3.125 -15.625 0.0034665
-3.125 -14.844 -0.0058701
-3.125 -14.063 -0.0042755
-3.125 -13.281 -0.0043491
-3.125 -12.5 0.0042716
-3.125 -11.719 -0.010192
-3.125 -10.938 0.023779
-3.125 -10.156 -0.0039221
-3.125 -9.375 -0.017568
-3.125 -8.5938 0.017216
-3.125 -7.8125 0.0065257
-3.125 -7.0313 -0.020568
-3.125 -6.25 0.007003
-3.125 -5.4688 0.020516
-3.125 -4.6875 -0.025193
-3.125 -3.9063 0.0054756
-3.125 -3.125 0.0081688
-3.125 -2.3438 -0.011995
-3.125 -1.5625 0.014604
-3.125 -0.78125 0.0018181
-3.125 0 -0.022606
-3.125 0.78125 0.028173
-3.125 1.5625 -0.0069266
-3.125 2.3438 0.00047385
-3.125 3.125 0.0078844
-3.125 3.9063 -0.0017447
-3.125 4.6875 -0.0081231
-3.125 5.4688 0.0025625
-3.125 6.25 0.0017626
-3.125 7.0313 -0.0091375
-3.125 7.8125 0.020138
-3.125 8.5938 -0.0069586
-3.125 9.375 -0.00041498
-3.125 10.156 -0.009605
-3.125 10.938 -0.025306
-3.125 11.719 0.033771
-3.125 12.5 0.012452
-3.125 13.281 -0.027501
-3.125 14.063 -0.002654
-3.125 14.844 0.024023
-3.125 15.625 -0.0044101
-3.125 16.406 -0.0099452
-3.125 17.188 0.017115
-3.125 17.969 -0.00053788
-3.125 18.75 -0.010636
-3.125 19.531 0.0084538
-3.125 20.313 -0.023973
-3.125 21.094 0.019685
-3.125 21.875 -0.0080232
-3.125 22.656 0.0017146
-3.125 23.438 -0.0050378
-3.125 24.219 0.007128
-3.125 25 -0.0063913
-2.3438 -24.219 0.041339
-2.3438 -23.438 -0.02889
-2.3438 -22.656 0.013219
-2.3438 -21.875 -0.019089
-2.3438 -21.094 0.020781
-2.3438 -20.313 -0.024257
-2.3438 -19.531 0.0043365
-2.3438 -18.75 0.0035866
-2.3438 -17.969 0.019619
-2.3438 -17.188 -0.024588
-2.3438 -16.406 0.01313
-2.3438 -15.625 -0.01263
-2.3438 -14.844 0.017857
-2.3438 -14.063 -0.020562
-2.3438 -13.281 0.017912
-2.3438 -12.5 0.012452
-2.3438 -11.719 -0.02991
-2.3438 -10.938 0.0019819
-2.3438 -10.156 -0.0061188
-2.3438 -9.375 -0.0045736
-2.3438 -8.5938 0.019647
-2.3438 -7.8125 -0.011252
-2.3438 -7.0313 0.00086963
-2.3438 -6.25 -0.013589
-2.3438 -5.4688 0.024657
-2.3438 -4.6875 -0.027247
-2.3438 -3.9063 0.0016774
-2.3438 -3.125 -0.013697
-2.3438 -2.3438 0.032882
-2.3438 -1.5625 -0.017352
-2.3438 -0.78125 -0.0021581
-2.3438 0 -0.010565
-2.3438 0.78125 0.013052
-2.3438 1.5625 -0.0058808
-2.3438 2.3438 0.0078693
-2.3438 3.125 -0.028481
-2.3438 3.9063 0.022232
-2.3438 4.6875 -0.010232
-2.3438 5.4688 -0.0016161
-2.3438 6.25 0.012175
-2.3438 7.0313 -0.011748
-2.3438 7.8125 -0.0018926
-2.3438 8.5938 0.0034086
-2.3438 9.375 -0.0090807
-2.3438 10.156 0.02602
-2.3438 10.938 -0.021174
-2.3438 11.719 0.027316
-2.3438 12.5 -0.014919
-2.3438 13.281 -0.0096
-2.3438 14.063 -0.0097502
-2.3438 14.844 0.021126
-2.3438 15.625 -0.02537
-2.3438 16.406 0.039563
-2.3438 17.188 -0.030648
-2.3438 17.969 -0.0088163
-2.3438 18.75 0.0094716
-2.3438 19.531 0.015427
-2.3438 20.313 -0.036064
-2.3438 21.094 0.028282
-2.3438 21.875 -0.0084934
-2.3438 22.656 0.0045122
-2.3438 23.438 -0.0024147
-2.3438 24.219 0.00096511
-2.3438 25 -0.033974
-1.5625 -24.219 0.032504
-1.5625 -23.438 -0.024516
-1.5625 -22.656 0.019229
-1.5625 -21.875 -0.016718
-1.5625 -21.094 0.01568
-1.5625 -20.313 0.00064204
-1.5625 -19.531 -0.006013
-1.5625 -18.75 0.00332
-1.5625 -17.969 0.0006275
-1.5625 -17.188 -0.021318
-1.5625 -16.406 0.013024
-1.5625 -15.625 -3.7565e-05
-1.5625 -14.844 0.0029954
-1.5625 -14.063 -0.015797
-1.5625 -13.281 0.01507
-1.5625 -12.5 0.0095445
-1.5625 -11.719 -0.029642
-1.5625 -10.938 0.0014859
-1.5625 -10.156 0.035792
-1.5625 -9.375 -0.014449
-1.5625 -8.5938 0.0029169
-1.5625 -7.8125 -0.02617
-1.5625 -7.0313 0.011333
-1.5625 -6.25 0.010313
-1.5625 -5.4688 0.00016436
-1.5625 -4.6875 -0.010677
-1.5625 -3.9063 0.030146
-1.5625 -3.125 -0.035451
-1.5625 -2.3438 0.015598
-1.5625 -1.5625 -0.010585
-1.5625 -0.78125 0.0084715
-1.5625 0 -0.0021206
-1.5625 0.78125 3.4193e-05
-1.5625 1.5625 0.0033752
-1.5625 2.3438 -0.0095676
-1.5625 3.125 0.0020059
-1.5625 3.9063 0.0073565
-1.5625 4.6875 -0.0015486
-1.5625 5.4688 0.0092925
-1.5625 6.25 0.0050024
-1.5625 7.0313 -0.0059894
-1.5625 7.8125 0.0067681
-1.5625 8.5938 -0.0012487
-1.5625 9.375 -0.028335
-1.5625 10.156 0.027052
-1.5625 10.938 -0.01509
-1.5625 11.719 0.0094298
-1.5625 12.5 -0.021969
-1.5625 13.281 0.020042
-1.5625 14.063 0.014455
-1.5625 14.844 -0.01671
-1.5625 15.625 -0.011189
-1.5625 16.406 0.027406
-1.5625 17.188 -0.039155
-1.5625 17.969 0.04517
-1.5625 18.75 -0.013325
-1.5625 19.531 -0.007609
-1.5625 20.313 0.010665
-1.5625 21.094 -0.0049543
-1.5625 21.875 0.00082003
-1.5625 22.656 -0.0028893
-1.5625 23.438 0.018557
-1.5625 24.219 -0.010883
-1.5625 25 -0.01567
-0.78125 -24.219 0.00013773
-0.78125 -23.438 -0.010806
-0.78125 -22.656 0.010644
-0.78125 -21.875 -0.0066588
-0.78125 -21.094 0.015532
-0.78125 -20.313 -0.0040676
-0.78125 -19.531 -0.025397
-0.78125 -18.75 0.026972
-0.78125 -17.969 -0.010387
-0.78125 -17.188 0.0020158
-0.78125 -16.406 0.030699
-0.78125 -15.625 -0.012478
-0.78125 -14.844 -0.018546
-0.78125 -14.063 0.0024587
-0.78125 -13.281 -0.0020438
-0.78125 -12.5 0.025871
-0.78125 -11.719 -0.023531
-0.78125 -10.938 0.011305
-0.78125 -10.156 0.025082
-0.78125 -9.375 -0.038685
-0.78125 -8.5938 0.018438
-0.78125 -7.8125 0.016828
-0.78125 -7.0313 -0.021545
-0.78125 -6.25 0.010799
-0.78125 -5.4688 -0.0041706
-0.78125 -4.6875 -0.0016191
-0.78125 -3.9063 0.03244
-0.78125 -3.125 -0.041252
-0.78125 -2.3438 0.020462
-0.78125 -1.5625 0.01441
-0.78125 -0.78125 -0.021064
-0.78125 0 0.0013796
-0.78125 0.78125 0.020408
-0.78125 1.5625 -0.011576
-0.78125 2.3438 -0.029739
-0.78125 3.125 0.048789
-0.78125 3.9063 -0.019758
-0.78125 4.6875 -0.010658
-0.78125 5.4688 0.0075315
-0.78125 6.25 -0.0042839
-0.78125 7.0313 -0.015824
-0.78125 7.8125 0.016804
-0.78125 8.5938 0.013534
-0.78125 9.375 -0.018768
-0.78125 10.156 0.031347
-0.78125 10.938 -0.028479
-0.78125 11.719 0.018879
-0.78125 12.5 -0.010232
-0.78125 13.281 -0.0076538
-0.78125 14.063 0.018328
-0.78125 14.844 -0.019875
-0.78125 15.625 0.0194
-0.78125 16.406 -0.0037371
-0.78125 17.188 -0.028129
-0.78125 17.969 0.041141
-0.78125 18.75 -0.029444
-0.78125 19.531 0.0032896
-0.78125 20.313 0.014085
-0.78125 21.094 -0.016014
-0.78125 21.875 0.0079821
-0.78125 22.656 -0.0077465
-0.78125 23.438 0.009239
-0.78125 24.219 -0.017748
-0.78125 25 0.016127
0 -24.219 -0.028523
0 -23.438 0.014172
0 -22.656 -0.0036213
0 -21.875 -0.010301
0 -21.094 0.0089237
0 -20.313 -0.0027846
0 -19.531 0.0048939
0 -18.75 -0.00070268
0 -17.969 -0.0090098
0 -17.188 0.0079222
0 -16.406 -0.015101
0 -15.625 0.0027189
0 -14.844 0.0077084
0 -14.063 -0.00088254
0 -13.281 0.0016302
0 -12.5 0.0074685
0 -11.719 -0.02773
0 -10.938 0.008016
0 -10.156 0.015889
0 -9.375 -0.020096
0 -8.5938 0.010083
0 -7.8125 0.0096207
0 -7.0313 -0.046011
0 -6.25 0.031072
0 -5.4688 -0.00034886
0 -4.6875 0.0099761
0 -3.9063 0.0025478
0 -3.125 -0.018814
0 -2.3438 0.0042281
0 -1.5625 0.012034
0 -0.78125 -0.011776
0 0 0.0093419
0 0.78125 0.00041638
0 1.5625 0.016718
0 2.3438 -0.023026
0 3.125 0.026426
0 3.9063 -0.033308
0 4.6875 0.014017
0 5.4688 0.0086142
0 6.25 -0.011809
0 7.0313 0.0052301
0 7.8125 0.0023155
0 8.5938 -0.021032
0 9.375 0.0077363
0 10.156 0.0059915
0 10.938 -0.010252
0 11.719 0.00012302
0 12.5 0.021656
0 13.281 -0.0051421
0 14.063 -0.0081419
0 14.844 -0.0026435
0 15.625 -0.00057371
0 16.406 0.015042
0 17.188 -0.027372
0 17.969 0.029444
0 18.75 -0.020409
0 19.531 0.00055485
0 20.313 0.015102
0 21.094 -0.013006
0 21.875 0.0062991
0 22.656 0.0099363
0 23.438 0.0055567
0 24.219 -0.020911
0 25 0.03099
0.78125 -24.219 -0.0088476
0.78125 -23.438 0.044702
0.78125 -22.656 -0.050237
0.78125 -21.875 0.021378
0.78125 -21.094 -0.0084454
0.78125 -20.313 0.0049334
0.78125 -19.531 0.00099623
0.78125 -18.75 -0.0064832
0.78125 -17.969 -0.0031844
0.78125 -17.188 0.036696
0.78125 -16.406 -0.030512
0.78125 -15.625 0.0069786
0.78125 -14.844 -0.0074032
0.78125 -14.063 0.0084529
0.78125 -13.281 -0.0057751
0.78125 -12.5 -0.0063113
0.78125 -11.719 -0.0096098
0.78125 -10.938 0.035641
0.78125 -10.156 -0.020265
0.78125 -9.375 -0.008947
0.78125 -8.5938 -0.002021
0.78125 -7.8125 0.026214
0.78125 -7.0313 -0.031589
0.78125 -6.25 0.035301
0.78125 -5.4688 -0.021847
0.78125 -4.6875 0.0049056
0.78125 -3.9063 -0.021022
0.78125 -3.125 0.0057748
0.78125 -2.3438 -0.0058395
0.78125 -1.5625 0.0087653
0.78125 -0.78125 -0.011028
0.78125 0 0.013276
0.78125 0.78125 -0.017296
0.78125 1.5625 0.02539
0.78125 2.3438 -0.033736
0.78125 3.125 0.043207
0.78125 3.9063 -0.01692
0.78125 4.6875 -0.021254
0.78125 5.4688 0.013499
0.78125 6.25 0.020343
0.78125 7.0313 -0.016896
0.78125 7.8125 -0.0042459
0.78125 8.5938 -0.0023027
0.78125 9.375 0.020244
0.78125 10.156 -0.01831
0.78125 10.938 0.019747
0.78125 11.719 -0.027246
0.78125 12.5 0.0033852
0.78125 13.281 -0.0010823
0.78125 14.063 -0.0056153
0.78125 14.844 0.012544
0.78125 15.625 -0.0011318
0.78125 16.406 -0.00777
0.78125 17.188 0.01194
0.78125 17.969 0.0070931
0.78125 18.75 -0.0069057
0.78125 19.531 -0.0066776
0.78125 20.313 0.015889
0.78125 21.094 -0.013211
0.78125 21.875 -0.005883
0.78125 22.656 -0.012194
0.78125 23.438 0.026034
0.78125 24.219 -0.043021
0.78125 25 0.02168
1.5625 -24.219 -0.040221
1.5625 -23.438 0.025567
1.5625 -22.656 -0.02144
1.5625 -21.875 0.01067
1.5625 -21.094 -0.0023151
1.5625 -20.313 0.014624
1.5625 -19.531 -0.0060612
1.5625 -18.75 -0.0168
1.5625 -17.969 -0.0028364
1.5625 -17.188 0.0092769
1.5625 -16.406 0.0056868
1.5625 -15.625 -0.0022802
1.5625 -14.844 0.0069738
1.5625 -14.063 -0.015965
1.5625 -13.281 0.0067205
1.5625 -12.5 0.021839
1.5625 -11.719 -0.016106
1.5625 -10.938 0.0036383
1.5625 -10.156 -0.005655
1.5625 -9.375 0.0024953
1.5625 -8.5938 0.0034914
1.5625 -7.8125 0.011222
1.5625 -7.0313 -0.016354
1.5625 -6.25 0.0034394
1.5625 -5.4688 0.0015926
1.5625 -4.6875 -0.0046133
1.5625 -3.9063 0.0039588
1.5625 -3.125 0.00064402
1.5625 -2.3438 0.014293
1.5625 -1.5625 -0.0048495
1.5625 -0.78125 -0.0019303
1.5625 0 -0.010725
1.5625 0.78125 -0.006059
1.5625 1.5625 -0.0097203
1.5625 2.3438 -0.00094312
1.5625 3.125 0.01094
1.5625 3.9063 -0.0095731
1.5625 4.6875 0.016234
1.5625 5.4688 -0.021934
1.5625 6.25 -0.0027634
1.5625 7.0313 0.0063501
1.5625 7.8125 0.017712
1.5625 8.5938 0.00022324
1.5625 9.375 -0.008289
1.5625 10.156 -0.013026
1.5625 10.938 0.013112
1.5625 11.719 0.011137
1.5625 12.5 -0.0079213
1.5625 13.281 -0.0024423
1.5625 14.063 0.0014591
1.5625 14.844 0.0043863
1.5625 15.625 -0.0033712
1.5625 16.406 -0.004841
1.5625 17.188 0.005217
1.5625 17.969 -0.0066567
1.5625 18.75 -0.0067667
1.5625 19.531 0.011584
1.5625 20.313 -0.0022915
1.5625 21.094 -0.01584
1.5625 21.875 0.014345
1.5625 22.656 0.0032099
1.5625 23.438 0.0070492
1.5625 24.219 -0.015307
1.5625 25 0.033892
2.3438 -24.219 -0.0023937
2.3438 -23.438 0.016474
2.3438 -22.656 -0.010761
2.3438 -21.875 -0.031554
2.3438 -21.094 0.038249
2.3438 -20.313 -0.027409
2.3438 -19.531 0.018147
2.3438 -18.75 0.020283
2.3438 -17.969 -0.015531
2.3438 -17.188 -0.013599
2.3438 -16.406 0.010357
2.3438 -15.625 -0.0064184
2.3438 -14.844 0.013246
2.3438 -14.063 -0.026116
2.3438 -13.281 0.011513
2.3438 -12.5 0.018507
2.3438 -11.719 -0.013409
2.3438 -10.938 0.0097834
2.3438 -10.156 -0.0079408
2.3438 -9.375 0.0081032
2.3438 -8.5938 -0.013597
2.3438 -7.8125 0.0045819
2.3438 -7.0313 -0.00018284
2.3438 -6.25 -0.0052006
2.3438 -5.4688 0.013729
2.3438 -4.6875 -0.0021683
2.3438 -3.9063 0.0074459
2.3438 -3.125 -0.021185
2.3438 -2.3438 0.011106
2.3438 -1.5625 -0.0011298
2.3438 -0.78125 0.0084119
2.3438 0 -0.0010246
2.3438 0.78125 -0.013283
2.3438 1.5625 0.023988
2.3438 2.3438 -0.0022666
2.3438 3.125 0.0095331
2.3438 3.9063 -0.025137
2.3438 4.6875 0.028789
2.3438 5.4688 -0.012052
2.3438 6.25 -0.0049985
2.3438 7.0313 0.027449
2.3438 7.8125 -0.023312
2.3438 8.5938 -0.011349
2.3438 9.375 0.013568
2.3438 10.156 -0.004952
2.3438 10.938 0.011617
2.3438 11.719 -0.00757
2.3438 12.5 -0.005976
2.3438 13.281 -0.0086166
2.3438 14.063 0.024134
2.3438 14.844 0.0051344
2.3438 15.625 -0.0044578
2.3438 16.406 0.0026757
2.3438 17.188 -0.023895
2.3438 17.969 0.0070634
2.3438 18.75 0.0011088
2.3438 19.531 0.020014
2.3438 20.313 -0.01991
2.3438 21.094 0.013062
2.3438 21.875 -0.0052555
2.3438 22.656 0.0093845
2.3438 23.438 0.0094845
2.3438 24.219 -0.043158
2.3438 25 0.029311
3.125 -24.219 -0.01468
3.125 -23.438 -0.0077171
3.125 -22.656 0.013057
3.125 -21.875 -0.0039773
3.125 -21.094 0.015684
3.125 -20.313 -0.019545
3.125 -19.531 0.020495
3.125 -18.75 -0.044244
3.125 -17.969 0.028913
3.125 -17.188 -0.012109
3.125 -16.406 0.021702
3.125 -15.625 -0.0095636
3.125 -14.844 0.0055613
3.125 -14.063 -0.012275
3.125 -13.281 0.029314
3.125 -12.5 -0.038531
3.125 -11.719 -0.0056412
3.125 -10.938 0.020191
3.125 -10.156 -0.00098578
3.125 -9.375 -0.013909
3.125 -8.5938 0.0053117
3.125 -7.8125 0.015566
3.125 -7.0313 -0.02408
3.125 -6.25 0.014908
3.125 -5.4688 0.013059
3.125 -4.6875 -0.027761
3.125 -3.9063 0.032848
3.125 -3.125 -0.021502
3.125 -2.3438 0.010126
3.125 -1.5625 -0.01637
3.125 -0.78125 0.020753
3.125 0 -0.0073621
3.125 0.78125 0.0036598
3.125 1.5625 0.018633
3.125 2.3438 -0.024671
3.125 3.125 0.0097668
3.125 3.9063 -0.0049412
3.125 4.6875 -0.001663
3.125 5.4688 0.0013149
3.125 6.25 -0.0072545
3.125 7.0313 0.045076
3.125 7.8125 -0.057621
3.125 8.5938 0.020675
3.125 9.375 0.0018621
3.125 10.156 -0.00021993
3.125 10.938 0.017521
3.125 11.719 -0.0077114
3.125 12.5 -0.0038762
3.125 13.281 0.011533
3.125 14.063 -0.018503
3.125 14.844 -0.0038291
3.125 15.625 0.0037916
3.125 16.406 0.01273
3.125 17.188 -0.018274
3.125 17.969 0.028256
3.125 18.75 -0.0078728
3.125 19.531 -0.0080675
3.125 20.313 -0.008013
3.125 21.094 0.025537
3.125 21.875 -0.020216
3.125 22.656 0.0091216
3.125 23.438 0.0038498
3.125 24.219 -0.026069
3.125 25 0.034903
3.9063 -24.219 0.0016545
3.9063 -23.438 -0.023907
3.9063 -22.656 0.029869
3.9063 -21.875 -0.017193
3.9063 -21.094 0.0032061
3.9063 -20.313 0.0062982
3.9063 -19.531 -0.016928
3.9063 -18.75 -0.0037165
3.9063 -17.969 0.036371
3.9063 -17.188 -0.035884
3.9063 -16.406 0.019241
3.9063 -15.625 -0.024228
3.9063 -14.844 0.020181
3.9063 -14.063 -0.023489
3.9063 -13.281 0.021812
3.9063 -12.5 0.0056869
3.9063 -11.719 -0.0081274
3.9063 -10.938 -0.0083599
3.9063 -10.156 0.028048
3.9063 -9.375 -0.045349
3.9063 -8.5938 0.031184
3.9063 -7.8125 0.011283
3.9063 -7.0313 -0.017955
3.9063 -6.25 -0.0080597
3.9063 -5.4688 0.0022957
3.9063 -4.6875 -0.0090102
3.9063 -3.9063 0.017969
3.9063 -3.125 -0.033142
3.9063 -2.3438 0.023753
3.9063 -1.5625 0.0012831
3.9063 -0.78125 0.0060576
3.9063 0 -0.027637
3.9063 0.78125 0.016698
3.9063 1.5625 0.00082468
3.9063 2.3438 -0.014795
3.9063 3.125 -0.0031125
3.9063 3.9063 0.019529
3.9063 4.6875 -0.016006
3.9063 5.4688 0.0025081
3.9063 6.25 -0.01133
3.9063 7.0313 0.02311
3.9063 7.8125 -0.028848
3.9063 8.5938 0.0034905
3.9063 9.375 -0.0056875
3.9063 10.156 0.014161
3.9063 10.938 -0.0072075
3.9063 11.719 0.0023551
3.9063 12.5 -0.024565
3.9063 13.281 0.034611
3.9063 14.063 -0.035794
3.9063 14.844 0.024106
3.9063 15.625 0.0027573
3.9063 16.406 0.010496
3.9063 17.188 -0.041428
3.9063 17.969 0.020039
3.9063 18.75 0.0066554
3.9063 19.531 0.0073347
3.9063 20.313 -0.026746
3.9063 21.094 -0.0023202
3.9063 21.875 -0.0014133
3.9063 22.656 0.013206
3.9063 23.438 -0.0015544
3.9063 24.219 -0.0054273
3.9063 25 0.001883
4.6875 -24.219 0.00062393
4.6875 -23.438 0.008463
4.6875 -22.656 0.0015978
4.6875 -21.875 -0.007697
4.6875 -21.094 -0.0085599
4.6875 -20.313 0.028664
4.6875 -19.531 -0.0163
4.6875 -18.75 -0.00099043
4.6875 -17.969 0.0038083
4.6875 -17.188 -0.0064357
4.6875 -16.406 0.017296
4.6875 -15.625 -0.020545
4.6875 -14.844 0.022301
4.6875 -14.063 -0.010534
4.6875 -13.281 -0.0064967
4.6875 -12.5 0.001526
4.6875 -11.719 -0.014017
4.6875 -10.938 0.01626
4.6875 -10.156 0.00063466
4.6875 -9.375 -0.010767
4.6875 -8.5938 0.00037305
4.6875 -7.8125 -0.002486
4.6875 -7.0313 0.010917
4.6875 -6.25 -0.0053584
4.6875 -5.4688 0.0052471
4.6875 -4.6875 0.012959
4.6875 -3.9063 -0.030906
4.6875 -3.125 0.021364
4.6875 -2.3438 -0.00047969
4.6875 -1.5625 -0.0089317
4.6875 -0.78125 -0.0044073
4.6875 0 -0.0044318
4.6875 0.78125 0.02748
4.6875 1.5625 -0.031404
4.6875 2.3438 0.011537
4.6875 3.125 0.016505
4.6875 3.9063 -0.016707
4.6875 4.6875 -0.016499
4.6875 5.4688 0.030115
4.6875 6.25 -0.0054322
4.6875 7.0313 -0.01963
4.6875 7.8125 0.025865
4.6875 8.5938 0.0040302
4.6875 9.375 -0.0054094
4.6875 10.156 0.0044395
4.6875 10.938 -0.0043911
4.6875 11.719 -0.0056669
4.6875 12.5 -0.0025576
4.6875 13.281 0.01863
4.6875 14.063 -0.022177
4.6875 14.844 0.010406
4.6875 15.625 -0.017681
4.6875 16.406 0.02354
4.6875 17.188 -0.0080158
4.6875 17.969 -0.00055425
4.6875 18.75 0.0036127
4.6875 19.531 -0.00098959
4.6875 20.313 0.0074516
4.6875 21.094 -0.012465
4.6875 21.875 0.0070037
4.6875 22.656 0.0073099
4.6875 23.438 -7.9578e-05
4.6875 24.219 0.0015914
4.6875 25 -0.012203
5.4688 -24.219 0.0096469
5.4688 -23.438 0.011854
5.4688 -22.656 -0.022754
5.4688 -21.875 0.006521
5.4688 -21.094 0.0011955
5.4688 -20.313 -0.0014038
5.4688 -19.531 0.020795
5.4688 -18.75 -0.034117
5.4688 -17.969 0.01412
5.4688 -17.188 0.0031864
5.4688 -16.406 0.016631
5.4688 -15.625 -0.023538
5.4688 -14.844 0.0060439
5.4688 -14.063 0.0056542
5.4688 -13.281 0.013547
5.4688 -12.5 -0.019251
5.4688 -11.719 -0.0026192
5.4688 -10.938 0.011325
5.4688 -10.156 0.0066992
5.4688 -9.375 0.0097395
5.4688 -8.5938 -0.01834
5.4688 -7.8125 -0.0063238
5.4688 -7.0313 0.019435
5.4688 -6.25 -0.013871
5.4688 -5.4688 0.019181
5.4688 -4.6875 -0.0098423
5.4688 -3.9063 -0.006108
5.4688 -3.125 0.0063598
5.4688 -2.3438 -0.009263
5.4688 -1.5625 0.019101
5.4688 -0.78125 -0.0049017
5.4688 0 -0.0052558
5.4688 0.78125 0.025517
5.4688 1.5625 -0.037642
5.4688 2.3438 0.0043053
5.4688 3.125 0.015422
5.4688 3.9063 0.013305
5.4688 4.6875 -0.0080937
5.4688 5.4688 -0.0079572
5.4688 6.25 0.0027383
5.4688 7.0313 -0.0016025
5.4688 7.8125 0.014389
5.4688 8.5938 0.0028813
5.4688 9.375 -0.015946
5.4688 10.156 0.0094355
5.4688 10.938 0.0019154
5.4688 11.719 -0.00869
5.4688 12.5 0.0082071
5.4688 13.281 -0.0089281
5.4688 14.063 0.0033001
5.4688 14.844 0.024884
5.4688 15.625 -0.035352
5.4688 16.406 0.015429
5.4688 17.188 -0.0027881
5.4688 17.969 0.00092415
5.4688 18.75 -0.024442
5.4688 19.531 0.031975
5.4688 20.313 0.0072003
5.4688 21.094 -0.016696
5.4688 21.875 -0.017282
5.4688 22.656 0.031276
5.4688 23.438 -0.011702
5.4688 24.219 -0.0062471
5.4688 25 0.0029409
6.25 -24.219 0.0034358
6.25 -23.438 0.016295
6.25 -22.656 -0.011962
6.25 -21.875 -0.0079747
6.25 -21.094 0.025948
6.25 -20.313 -0.015462
6.25 -19.531 -0.012384
6.25 -18.75 0.015357
6.25 -17.969 0.0093103
6.25 -17.188 -0.01947
6.25 -16.406 0.017768
6.25 -15.625 -0.0085541
6.25 -14.844 -0.0094806
6.25 -14.063 0.0014517
6.25 -13.281 -0.0023142
6.25 -12.5 0.0096192
6.25 -11.719 -0.00022379
6.25 -10.938 0.013171
6.25 -10.156 -0.011644
6.25 -9.375 -0.0070954
6.25 -8.5938 0.0078966
6.25 -7.8125 -0.0056508
6.25 -7.0313 0.010287
6.25 -6.25 -0.0032639
6.25 -5.4688 0.0063488
6.25 -4.6875 -0.015271
6.25 -3.9063 0.0060382
6.25 -3.125 0.004105
6.25 -2.3438 -0.01274
6.25 -1.5625 0.017063
6.25 -0.78125 0.00028316
6.25 0 -0.01611
6.25 0.78125 0.0025252
6.25 1.5625 0.015059
6.25 2.3438 -0.020405
6.25 3.125 0.0032875
6.25 3.9063 0.0090628
6.25 4.6875 0.010417
6.25 5.4688 -0.024726
6.25 6.25 0.0079478
6.25 7.0313 -0.0025695
6.25 7.8125 -0.0021948
6.25 8.5938 0.0039356
6.25 9.375 -0.0083963
6.25 10.156 -0.0049227
6.25 10.938 -0.0077013
6.25 11.719 0.013969
6.25 12.5 0.01901
6.25 13.281 -0.028567
6.25 14.063 0.00023254
6.25 14.844 0.0092873
6.25 15.625 0.0023724
6.25 16.406 -0.0011131
6.25 17.188 0.0020407
6.25 17.969 0.0040674
6.25 18.75 -0.008096
6.25 19.531 -0.00218
6.25 20.313 -0.0021628
6.25 21.094 -0.017987
6.25 21.875 0.050678
6.25 22.656 -0.018686
6.25 23.438 -0.0060642
6.25 24.219 -0.0068381
6.25 25 -0.014267
7.0313 -24.219 0.015239
7.0313 -23.438 -0.0012219
7.0313 -22.656 0.0013215
7.0313 -21.875 -0.0066599
7.0313 -21.094 0.001833
7.0313 -20.313 -0.01516
7.0313 -19.531 0.0022627
7.0313 -18.75 0.012017
7.0313 -17.969 -0.00054898
7.0313 -17.188 0.0034861
7.0313 -16.406 -0.015786
7.0313 -15.625 -0.015012
7.0313 -14.844 0.030493
7.0313 -14.063 -0.014513
7.0313 -13.281 0.0036487
7.0313 -12.5 0.016477
7.0313 -11.719 -0.03064
7.0313 -10.938 0.00061568
7.0313 -10.156 0.004
7.0313 -9.375 0.0059681
7.0313 -8.5938 -0.0019818
7.0313 -7.8125 0.0023433
7.0313 -7.0313 0.0021303
7.0313 -6.25 -0.026969
7.0313 -5.4688 0.016077
7.0313 -4.6875 -0.0020957
7.0313 -3.9063 -0.0035805
7.0313 -3.125 -0.0069871
7.0313 -2.3438 0.025016
7.0313 -1.5625 0.0027466
7.0313 -0.78125 -0.0069668
7.0313 0 -0.024804
7.0313 0.78125 0.015251
7.0313 1.5625 0.001931
7.0313 2.3438 -0.0027107
7.0313 3.125 -0.0083159
7.0313 3.9063 0.011327
7.0313 4.6875 0.012977
7.0313 5.4688 -0.011863
7.0313 6.25 -0.0091198
7.0313 7.0313 0.012333
7.0313 7.8125 -0.013357
7.0313 8.5938 -2.5935e-05
7.0313 9.375 -0.0063206
7.0313 10.156 0.018474
7.0313 10.938 -0.013892
7.0313 11.719 0.0153
7.0313 12.5 0.0076735
7.0313 13.281 -0.020489
7.0313 14.063 0.0061945
7.0313 14.844 0.0086234
7.0313 15.625 0.0035762
7.0313 16.406 0.0024816
7.0313 17.188 -0.013891
7.0313 17.969 -0.0036975
7.0313 18.75 0.028007
7.0313 19.531 -0.02675
7.0313 20.313 0.01788
7.0313 21.094 -0.026496
7.0313 21.875 0.01561
7.0313 22.656 0.0031474
7.0313 23.438 -6.8988e-05
7.0313 24.219 -0.0036719
7.0313 25 -0.001127
7.8125 -24.219 0.0017137
7.8125 -23.438 -0.0024737
7.8125 -22.656 0.0047538
7.8125 -21.875 -0.020876
7.8125 -21.094 0.020682
7.8125 -20.313 -0.0010618
7.8125 -19.531 0.0047746
7.8125 -18.75 0.0071632
7.8125 -17.969 -0.0063704
7.8125 -17.188 -0.0092636
7.8125 -16.406 -0.00088111
7.8125 -15.625 -0.005559
7.8125 -14.844 0.026068
7.8125 -14.063 -0.00041796
7.8125 -13.281 -0.0033724
7.8125 -12.5 -0.0090695
7.8125 -11.719 -0.0074946
7.8125 -10.938 0.012341
7.8125 -10.156 0.0037171
7.8125 -9.375 0.00056988
7.8125 -8.5938 0.014894
7.8125 -7.8125 -0.036447
7.8125 -7.0313 0.020589
7.8125 -6.25 -0.0069777
7.8125 -5.4688 0.010345
7.8125 -4.6875 0.0071266
7.8125 -3.9063 -0.0037116
7.8125 -3.125 0.004843
7.8125 -2.3438 -0.014974
7.8125 -1.5625 -0.0021391
7.8125 -0.78125 -0.0067586
7.8125 0 -0.00099462
7.8125 0.78125 0.021233
7.8125 1.5625 0.0052616
7.8125 2.3438 -0.0034132
7.8125 3.125 -0.013702
7.8125 3.9063 0.0060731
7.8125 4.6875 -0.010792
7.8125 5.4688 0.011896
7.8125 6.25 0.010974
7.8125 7.0313 0.005703
7.8125 7.8125 -0.013701
7.8125 8.5938 0.0029936
7.8125 9.375 0.0092278
7.8125 10.156 0.0087018
7.8125 10.938 -0.016534
7.8125 11.719 0.0055047
7.8125 12.5 -0.0076044
7.8125 13.281 -0.0037993
7.8125 14.063 0.0044501
7.8125 14.844 0.017364
7.8125 15.625 -0.028578
7.8125 16.406 0.0076398
7.8125 17.188 -0.0084707
7.8125 17.969 0.0096182
7.8125 18.75 0.010185
7.8125 19.531 -0.014948
7.8125 20.313 0.031382
7.8125 21.094 -0.0089586
7.8125 21.875 -0.023366
7.8125 22.656 0.00037003
7.8125 23.438 0.011586
7.8125 24.219 -0.013673
7.8125 25 0.0099752
8.5938 -24.219 0.014049
8.5938 -23.438 -0.011891
8.5938 -22.656 0.0013612
8.5938 -21.875 -0.0082524
8.5938 -21.094 0.018382
8.5938 -20.313 -0.0010283
8.5938 -19.531 -0.031462
8.5938 -18.75 0.028919
8.5938 -17.969 -0.00066902
8.5938 -17.188 -0.026757
8.5938 -16.406 0.025643
8.5938 -15.625 0.0032846
8.5938 -14.844 -0.0068099
8.5938 -14.063 -0.015015
8.5938 -13.281 0.0044155
8.5938 -12.5 -0.0010733
8.5938 -11.719 0.0045493
8.5938 -10.938 0.020726
8.5938 -10.156 -0.013547
8.5938 -9.375 -0.02921
8.5938 -8.5938 0.021634
8.5938 -7.8125 -0.0016837
8.5938 -7.0313 0.028998
8.5938 -6.25 -0.039867
8.5938 -5.4688 0.014795
8.5938 -4.6875 -0.0041752
8.5938 -3.9063 -0.0034988
8.5938 -3.125 0.015268
8.5938 -2.3438 -0.018211
8.5938 -1.5625 0.00038168
8.5938 -0.78125 0.028532
8.5938 0 -0.014796
8.5938 0.78125 0.0018133
8.5938 1.5625 -0.0055795
8.5938 2.3438 -0.0056735
8.5938 3.125 0.019713
8.5938 3.9063 0.0029785
8.5938 4.6875 -0.030191
8.5938 5.4688 0.0027756
8.5938 6.25 -0.011965
8.5938 7.0313 0.013486
8.5938 7.8125 -0.0014392
8.5938 8.5938 0.0024889
8.5938 9.375 -0.00035773
8.5938 10.156 0.0052488
8.5938 10.938 -0.0088813
8.5938 11.719 0.0061258
8.5938 12.5 -0.00051636
8.5938 13.281 -0.015192
8.5938 14.063 0.013022
8.5938 14.844 -0.0014466
8.5938 15.625 -0.009557
8.5938 16.406 0.0096981
8.5938 17.188 -0.008308
8.5938 17.969 0.0091701
8.5938 18.75 0.0030181
8.5938 19.531 -0.011323
8.5938 20.313 -0.013936
8.5938 21.094 0.012812
8.5938 21.875 -0.0066955
8.5938 22.656 0.024421
8.5938 23.438 -0.0020884
8.5938 24.219 -0.0242
8.5938 25 0.0076893
9.375 -24.219 0.016985
9.375 -23.438 -0.031371
9.375 -22.656 0.026662
9.375 -21.875 0.002459
9.375 -21.094 -0.014553
9.375 -20.313 -0.0040408
9.375 -19.531 -0.01612
9.375 -18.75 0.018212
9.375 -17.969 0.0085842
9.375 -17.188 -0.013731
9.375 -16.406 0.022945
9.375 -15.625 -0.015749
9.375 -14.844 -0.014461
9.375 -14.063 0.0085554
9.375 -13.281 0.014005
9.375 -12.5 0.022891
9.375 -11.719 -0.032844
9.375 -10.938 -0.013532
9.375 -10.156 0.02626
9.375 -9.375 -0.0044906
9.375 -8.5938 -0.01845
9.375 -7.8125 0.011635
9.375 -7.0313 0.0090044
9.375 -6.25 -0.038874
9.375 -5.4688 0.030551
9.375 -4.6875 0.0060357
9.375 -3.9063 -0.01726
9.375 -3.125 -5.4578e-05
9.375 -2.3438 0.015113
9.375 -1.5625 -0.013644
9.375 -0.78125 -0.00085733
9.375 0 0.0018682
9.375 0.78125 -0.0034934
9.375 1.5625 0.0050519
9.375 2.3438 0.0028426
9.375 3.125 0.00071272
9.375 3.9063 -0.0077823
9.375 4.6875 0.0078732
9.375 5.4688 0.010062
9.375 6.25 -0.01601
9.375 7.0313 0.0095095
9.375 7.8125 0.001388
9.375 8.5938 0.0023986
9.375 9.375 -0.033803
9.375 10.156 0.031111
9.375 10.938 -0.019949
9.375 11.719 0.020866
9.375 12.5 -0.0025118
9.375 13.281 -0.016338
9.375 14.063 0.0213
9.375 14.844 -0.014343
9.375 15.625 0.019338
9.375 16.406 0.0008127
9.375 17.188 -0.013964
9.375 17.969 -0.0062979
9.375 18.75 0.020275
9.375 19.531 -0.0057274
9.375 20.313 -0.03016
9.375 21.094 0.024454
9.375 21.875 0.0091166
9.375 22.656 -0.0050019
9.375 23.438 -0.0065741
9.375 24.219 -0.010212
9.375 25 0.008854
10.156 -24.219 -0.0071359
10.156 -23.438 0.0058279
10.156 -22.656 0.0030379
10.156 -21.875 -0.015456
10.156 -21.094 0.01463
10.156 -20.313 0.024515
10.156 -19.531 -0.017775
10.156 -18.75 -0.0057588
10.156 -17.969 -0.0051099
10.156 -17.188 0.010525
10.156 -16.406 0.0040859
10.156 -15.625 -0.015102
10.156 -14.844 -0.0023927
10.156 -14.063 0.026258
10.156 -13.281 -0.033838
10.156 -12.5 0.013743
10.156 -11.719 -0.0058643
10.156 -10.938 0.0019206
10.156 -10.156 -0.011737
10.156 -9.375 0.018214
10.156 -8.5938 0.022363
10.156 -7.8125 -0.025337
10.156 -7.0313 0.0026462
10.156 -6.25 4.5668e-05
10.156 -5.4688 0.01558
10.156 -4.6875 -0.0079567
10.156 -3.9063 0.020768
10.156 -3.125 -0.031984
10.156 -2.3438 0.014267
10.156 -1.5625 0.015973
10.156 -0.78125 -0.0343
10.156 0 0.0226
10.156 0.78125 -0.0028451
10.156 1.5625 -0.0093245
10.156 2.3438 0.0031493
10.156 3.125 -0.00019135
10.156 3.9063 -0.0046928
10.156 4.6875 -0.0004548
10.156 5.4688 0.00054611
10.156 6.25 0.0095455
10.156 7.0313 0.015681
10.156 7.8125 -0.013438
10.156 8.5938 0.0039274
10.156 9.375 0.0025779
10.156 10.156 -0.011184
10.156 10.938 -0.0076209
10.156 11.719 0.016615
10.156 12.5 0.0090319
10.156 13.281 -0.030321
10.156 14.063 0.01905
10.156 14.844 0.0023618
10.156 15.625 -0.0056782
10.156 16.406 -0.0015746
10.156 17.188 -0.0085488
10.156 17.969 0.0083076
10.156 18.75 0.010593
10.156 19.531 -0.014631
10.156 20.313 0.022284
10.156 21.094 -0.020188
10.156 21.875 0.0015261
10.156 22.656 0.0029033
10.156 23.438 0.0215
10.156 24.219 -0.018754
10.156 25 0.0078131
10.938 -24.219 0.013454
10.938 -23.438 -0.014185
10.938 -22.656 0.0023376
10.938 -21.875 -0.020224
10.938 -21.094 0.011031
10.938 -20.313 -0.00036966
10.938 -19.531 -0.010991
10.938 -18.75 0.018808
10.938 -17.969 -0.0072896
10.938 -17.188 -0.0082082
10.938 -16.406 -0.0029809
10.938 -15.625 0.0074834
10.938 -14.844 0.0090659
10.938 -14.063 0.0034034
10.938 -13.281 -0.018666
10.938 -12.5 -0.0080681
10.938 -11.719 0.0059532
10.938 -10.938 0.032997
10.938 -10.156 -0.025234
10.938 -9.375 -0.0065632
10.938 -8.5938 0.0036916
10.938 -7.8125 -0.012371
10.938 -7.0313 0.016207
10.938 -6.25 -0.0041896
10.938 -5.4688 0.012836
10.938 -4.6875 -0.031156
10.938 -3.9063 0.019588
10.938 -3.125 -0.0064065
10.938 -2.3438 -0.01361
10.938 -1.5625 0.023739
10.938 -0.78125 -0.022965
10.938 0 0.014926
10.938 0.78125 0.0064411
10.938 1.5625 -0.0059952
10.938 2.3438 -0.0044107
10.938 3.125 0.00016071
10.938 3.9063 0.0030274
10.938 4.6875 -0.013793
10.938 5.4688 0.012779
10.938 6.25 -0.0056033
10.938 7.0313 -0.0067336
10.938 7.8125 -0.014784
10.938 8.5938 0.012824
10.938 9.375 0.010311
10.938 10.156 -0.015007
10.938 10.938 0.033983
10.938 11.719 -0.021943
10.938 12.5 0.011348
10.938 13.281 -0.033796
10.938 14.063 0.016856
10.938 14.844 0.003762
10.938 15.625 -0.0045019
10.938 16.406 0.0054577
10.938 17.188 -0.0085837
10.938 17.969 -0.0038411
10.938 18.75 0.018359
10.938 19.531 -0.027948
10.938 20.313 0.027559
10.938 21.094 -0.0191
10.938 21.875 0.0072043
10.938 22.656 -0.005354
10.938 23.438 -0.001283
10.938 24.219 -0.010592
10.938 25 0.0068528
11.719 -24.219 0.025795
11.719 -23.438 -0.002844
11.719 -22.656 -0.01042
11.719 -21.875 -0.012405
11.719 -21.094 0.02855
11.719 -20.313 0.0046618
11.719 -19.531 -0.019448
11.719 -18.75 0.013548
11.719 -17.969 -0.013446
11.719 -17.188 0.0098423
11.719 -16.406 0.00027383
11.719 -15.625 0.011784
11.719 -14.844 -0.018146
11.719 -14.063 0.00063678
11.719 -13.281 0.029206
11.719 -12.5 -0.0047134
11.719 -11.719 -0.012891
11.719 -10.938 -0.0045193
11.719 -10.156 0.016046
11.719 -9.375 0.0093509
11.719 -8.5938 -0.013504
11.719 -7.8125 0.011153
11.719 -7.0313 -0.0048629
11.719 -6.25 -0.0094714
11.719 -5.4688 0.016401
11.719 -4.6875 -0.0097591
11.719 -3.9063 -0.010645
11.719 -3.125 0.011324
11.719 -2.3438 -5.9726e-06
11.719 -1.5625 0.013378
11.719 -0.78125 -0.013566
11.719 0 0.017346
11.719 0.78125 -0.029651
11.719 1.5625 0.0082693
11.719 2.3438 0.020979
11.719 3.125 -0.014028
11.719 3.9063 0.018075
11.719 4.6875 -0.025923
11.719 5.4688 0.0093831
11.719 6.25 0.022951
11.719 7.0313 0.010253
11.719 7.8125 -0.033562
11.719 8.5938 0.0095267
11.719 9.375 -3.2618e-05
11.719 10.156 0.0046391
11.719 10.938 6.3428e-05
11.719 11.719 -0.034553
11.719 12.5 0.038582
11.719 13.281 -0.011488
11.719 14.063 0.015765
11.719 14.844 -0.016
11.719 15.625 0.010393
11.719 16.406 -0.0039315
11.719 17.188 0.01037
11.719 17.969 -0.01448
11.719 18.75 0.01186
11.719 19.531 0.00013713
11.719 20.313 -0.0034002
11.719 21.094 -0.0055404
11.719 21.875 0.013082
11.719 22.656 -0.0084618
11.719 23.438 0.0056098
11.719 24.219 0.0069194
11.719 25 -0.0266
12.5 -24.219 0.0074893
12.5 -23.438 0.016815
12.5 -22.656 -0.01918
12.5 -21.875 -0.0059417
12.5 -21.094 0.00507
12.5 -20.313 0.035003
12.5 -19.531 -0.032366
12.5 -18.75 -0.0019977
12.5 -17.969 0.00023436
12.5 -17.188 0.015375
12.5 -16.406 -0.021987
12.5 -15.625 0.018476
12.5 -14.844 0.017623
12.5 -14.063 -0.043908
12.5 -13.281 0.016794
12.5 -12.5 0.0043771
12.5 -11.719 -0.026501
12.5 -10.938 -0.0031267
12.5 -10.156 0.027656
12.5 -9.375 0.0041902
12.5 -8.5938 -0.025195
12.5 -7.8125 -0.0027562
12.5 -7.0313 -0.004117
12.5 -6.25 0.0072108
12.5 -5.4688 -0.007332
12.5 -4.6875 0.026101
12.5 -3.9063 -0.019004
12.5 -3.125 -0.0030622
12.5 -2.3438 0.0084806
12.5 -1.5625 -0.00031405
12.5 -0.78125 -0.00026516
12.5 0 -0.0050354
12.5 0.78125 0.015249
12.5 1.5625 -0.02087
12.5 2.3438 -0.0010463
12.5 3.125 0.021532
12.5 3.9063 -0.017648
12.5 4.6875 0.0067086
12.5 5.4688 -0.012039
12.5 6.25 0.01537
12.5 7.0313 -0.01191
12.5 7.8125 0.01342
12.5 8.5938 -0.0097327
12.5 9.375 -0.001218
12.5 10.156 0.0016552
12.5 10.938 -0.0059468
12.5 11.719 0.011069
12.5 12.5 0.010341
12.5 13.281 -0.020966
12.5 14.063 0.016783
12.5 14.844 -0.028515
12.5 15.625 0.033465
12.5 16.406 -0.018878
12.5 17.188 0.0043294
12.5 17.969 -0.010068
12.5 18.75 -0.0029529
12.5 19.531 0.017541
12.5 20.313 -0.0090033
12.5 21.094 0.0045771
12.5 21.875 -0.016599
12.5 22.656 0.005133
12.5 23.438 0.011957
12.5 24.219 -0.0041069
12.5 25 -0.0026208
13.281 -24.219 -0.02457
13.281 -23.438 0.01562
13.281 -22.656 -0.012912
13.281 -21.875 0.018458
13.281 -21.094 -0.02244
13.281 -20.313 0.0085031
13.281 -19.531 -0.0057496
13.281 -18.75 0.00053215
13.281 -17.969 0.0087969
13.281 -17.188 0.001903
13.281 -16.406 -0.016316
13.281 -15.625 -0.0058267
13.281 -14.844 0.01599
13.281 -14.063 -0.0015853
13.281 -13.281 -0.0032803
13.281 -12.5 0.0014253
13.281 -11.719 0.010582
13.281 -10.938 -0.0039723
13.281 -10.156 -0.0074376
13.281 -9.375 -0.0055005
13.281 -8.5938 0.0032382
13.281 -7.8125 0.028303
13.281 -7.0313 -0.025308
13.281 -6.25 0.014322
13.281 -5.4688 -0.0047712
13.281 -4.6875 -0.0042825
13.281 -3.9063 0.0038868
13.281 -3.125 0.0079603
13.281 -2.3438 -0.013542
13.281 -1.5625 -0.016695
13.281 -0.78125 0.02348
13.281 0 -0.024458
13.281 0.78125 0.044062
13.281 1.5625 -0.026195
13.281 2.3438 -0.0028092
13.281 3.125 0.013646
13.281 3.9063 -0.01119
13.281 4.6875 0.011508
13.281 5.4688 -0.024618
13.281 6.25 0.010903
13.281 7.0313 -0.0062775
13.281 7.8125 0.017853
13.281 8.5938 -0.016102
13.281 9.375 0.0089344
13.281 10.156 0.004105
13.281 10.938 -0.030538
13.281 11.719 0.039208
13.281 12.5 -0.0097321
13.281 13.281 -0.014484
13.281 14.063 0.0034002
13.281 14.844 -0.0020818
13.281 15.625 0.03184
13.281 16.406 -0.033967
13.281 17.188 0.0022515
13.281 17.969 0.0064284
13.281 18.75 -0.00075387
13.281 19.531 0.01184
13.281 20.313 -0.0017292
13.281 21.094 -0.00016693
13.281 21.875 -0.0029599
13.281 22.656 0.0049622
13.281 23.438 -0.00093968
13.281 24.219 -0.016504
13.281 25 0.019822
14.063 -24.219 -0.019873
14.063 -23.438 0.012194
14.063 -22.656 -0.0019664
14.063 -21.875 -0.004066
14.063 -21.094 0.0094616
14.063 -20.313 -0.0055118
14.063 -19.531 0.022114
14.063 -18.75 -0.01244
14.063 -17.969 -0.0038241
14.063 -17.188 -0.020141
14.063 -16.406 0.022474
14.063 -15.625 -0.0048869
14.063 -14.844 0.0101
14.063 -14.063 -0.0038083
14.063 -13.281 0.0074801
14.063 -12.5 -0.020485
14.063 -11.719 0.0068838
14.063 -10.938 -0.0036003
14.063 -10.156 0.017918
14.063 -9.375 -0.019373
14.063 -8.5938 0.013782
14.063 -7.8125 -0.0047722
14.063 -7.0313 -0.0053536
14.063 -6.25 0.016217
14.063 -5.4688 -0.012308
14.063 -4.6875 -0.0021786
14.063 -3.9063 0.0079529
14.063 -3.125 -0.011124
14.063 -2.3438 0.018513
14.063 -1.5625 -0.016618
14.063 -0.78125 0.025482
14.063 0 -0.020102
14.063 0.78125 -0.0090494
14.063 1.5625 0.01059
14.063 2.3438 -0.0095514
14.063 3.125 -0.0079058
14.063 3.9063 0.031358
14.063 4.6875 -0.0071042
14.063 5.4688 -0.013975
14.063 6.25 -0.005948
14.063 7.0313 0.011579
14.063 7.8125 0.013379
14.063 8.5938 -0.014143
14.063 9.375 -0.015319
14.063 10.156 0.046755
14.063 10.938 -0.056359
14.063 11.719 0.028541
14.063 12.5 0.004247
14.063 13.281 0.0016913
14.063 14.063 -0.019192
14.063 14.844 0.0058817
14.063 15.625 0.0036566
14.063 16.406 -0.012077
14.063 17.188 0.0072186
14.063 17.969 0.013969
14.063 18.75 -0.022189
14.063 19.531 0.015203
14.063 20.313 -0.0098099
14.063 21.094 -0.0090452
14.063 21.875 0.01762
14.063 22.656 6.0604e-05
14.063 23.438 -0.004423
14.063 24.219 -0.0091589
14.063 25 0.019406
14.844 -24.219 0.035418
14.844 -23.438 -0.0069765
14.844 -22.656 -0.015282
14.844 -21.875 -0.024221
14.844 -21.094 0.050497
14.844 -20.313 -0.034164
14.844 -19.531 -0.010094
14.844 -18.75 0.016964
14.844 -17.969 0.0017277
14.844 -17.188 -0.0051067
14.844 -16.406 0.024169
14.844 -15.625 -0.027981
14.844 -14.844 -0.0046877
14.844 -14.063 -0.0016088
14.844 -13.281 0.01022
14.844 -12.5 0.0071194
14.844 -11.719 -0.0078062
14.844 -10.938 0.014957
14.844 -10.156 -0.011989
14.844 -9.375 -0.015447
14.844 -8.5938 0.029937
14.844 -7.8125 -0.016766
14.844 -7.0313 -0.017079
14.844 -6.25 0.019652
14.844 -5.4688 -0.019941
14.844 -4.6875 0.017878
14.844 -3.9063 -0.0011525
14.844 -3.125 -0.027282
14.844 -2.3438 0.02587
14.844 -1.5625 -0.0043211
14.844 -0.78125 0.01364
14.844 0 -0.025007
14.844 0.78125 0.0089196
14.844 1.5625 0.010265
14.844 2.3438 -0.022633
14.844 3.125 0.015594
14.844 3.9063 0.017579
14.844 4.6875 -0.020488
14.844 5.4688 0.0064808
14.844 6.25 -0.0020279
14.844 7.0313 -0.0087736
14.844 7.8125 0.0092233
14.844 8.5938 -0.0138
14.844 9.375 -0.018803
14.844 10.156 0.045954
14.844 10.938 -0.021265
14.844 11.719 0.015631
14.844 12.5 -0.019395
14.844 13.281 -0.0006543
14.844 14.063 0.0082194
14.844 14.844 0.00067974
14.844 15.625 0.0025143
14.844 16.406 0.0019588
14.844 17.188 -0.0031082
14.844 17.969 0.009952
14.844 18.75 -0.025329
14.844 19.531 0.014572
14.844 20.313 0.0070042
14.844 21.094 -0.0083899
14.844 21.875 -0.0010822
14.844 22.656 -0.0086486
14.844 23.438 0.0063289
14.844 24.219 -0.0079064
14.844 25 -0.010512
15.625 -24.219 -0.0081211
15.625 -23.438 -0.002742
15.625 -22.656 0.014541
15.625 -21.875 -0.021607
15.625 -21.094 0.018436
15.625 -20.313 0.0081414
15.625 -19.531 -0.036649
15.625 -18.75 0.028764
15.625 -17.969 -0.015269
15.625 -17.188 0.0055732
15.625 -16.406 0.015413
15.625 -15.625 -0.016071
15.625 -14.844 -0.0083743
15.625 -14.063 0.019657
15.625 -13.281 -0.026459
15.625 -12.5 0.026504
15.625 -11.719 -0.01404
15.625 -10.938 0.028778
15.625 -10.156 -0.025809
15.625 -9.375 -0.0022447
15.625 -8.5938 0.0076544
15.625 -7.8125 0.017757
15.625 -7.0313 -0.032423
15.625 -6.25 0.0086859
15.625 -5.4688 0.021313
15.625 -4.6875 -0.0057119
15.625 -3.9063 -0.011577
15.625 -3.125 0.031417
15.625 -2.3438 -0.010584
15.625 -1.5625 -0.019937
15.625 -0.78125 -0.0015395
15.625 0 0.0030716
15.625 0.78125 0.022274
15.625 1.5625 0.0066302
15.625 2.3438 -0.019951
15.625 3.125 -0.0042336
15.625 3.9063 -0.0012
15.625 4.6875 -0.0084346
15.625 5.4688 0.02013
15.625 6.25 0.013515
15.625 7.0313 -0.017851
15.625 7.8125 0.02156
15.625 8.5938 -0.0071387
15.625 9.375 -0.0086665
15.625 10.156 0.0038659
15.625 10.938 -0.0062024
15.625 11.719 0.010751
15.625 12.5 -0.012912
15.625 13.281 0.0093025
15.625 14.063 -0.0086937
15.625 14.844 0.017414
15.625 15.625 -0.010218
15.625 16.406 0.00059311
15.625 17.188 -0.0092818
15.625 17.969 0.018197
15.625 18.75 0.0034947
15.625 19.531 -0.01036
15.625 20.313 -0.0017485
15.625 21.094 -0.0076005
15.625 21.875 0.013849
15.625 22.656 -0.0028777
15.625 23.438 0.0013935
15.625 24.219 0.010499
15.625 25 0.0028038
16.406 -24.219 0.0074039
16.406 -23.438 0.0047034
16.406 -22.656 -0.027056
16.406 -21.875 0.013158
16.406 -21.094 0.0066526
16.406 -20.313 0.018769
16.406 -19.531 -0.017877
16.406 -18.75 0.019107
16.406 -17.969 -0.01754
16.406 -17.188 0.0015944
16.406 -16.406 0.015357
16.406 -15.625 -0.00094367
16.406 -14.844 -0.013124
16.406 -14.063 0.0279
16.406 -13.281 -0.017819
16.406 -12.5 -0.0033478
16.406 -11.719 -0.012497
16.406 -10.938 0.012082
16.406 -10.156 -0.00046995
16.406 -9.375 -0.0010495
16.406 -8.5938 -0.030471
16.406 -7.8125 0.036629
16.406 -7.0313 -0.0026494
16.406 -6.25 -0.00048717
16.406 -5.4688 0.0092702
16.406 -4.6875 -0.018619
16.406 -3.9063 -0.009549
16.406 -3.125 0.024979
16.406 -2.3438 -0.020401
16.406 -1.5625 0.017849
16.406 -0.78125 -0.010798
16.406 0 0.0038299
16.406 0.78125 -0.0022259
16.406 1.5625 -0.0059684
16.406 2.3438 0.0016651
16.406 3.125 0.010411
16.406 3.9063 -0.0066628
16.406 4.6875 -0.0077265
16.406 5.4688 0.0024486
16.406 6.25 -0.0082544
16.406 7.0313 0.0032962
16.406 7.8125 0.0014419
16.406 8.5938 0.0018114
16.406 9.375 0.012213
16.406 10.156 -0.0026015
16.406 10.938 -0.011641
16.406 11.719 -0.0010017
16.406 12.5 0.0023052
16.406 13.281 -0.010346
16.406 14.063 0.015164
16.406 14.844 0.0046502
16.406 15.625 -0.0053036
16.406 16.406 -0.0057695
16.406 17.188 -0.0086023
16.406 17.969 0.0068905
16.406 18.75 0.021678
16.406 19.531 -0.023172
16.406 20.313 -0.0018853
16.406 21.094 0.012719
16.406 21.875 -0.0026531
16.406 22.656 -0.005782
16.406 23.438 0.0081312
16.406 24.219 -0.014416
16.406 25 0.0036252
17.188 -24.219 -0.005552
17.188 -23.438 0.015164
17.188 -22.656 -0.021082
17.188 -21.875 0.011239
17.188 -21.094 -0.0084566
17.188 -20.313 0.0059538
17.188 -19.531 -0.015022
17.188 -18.75 0.0060791
17.188 -17.969 -0.0028949
17.188 -17.188 0.003748
17.188 -16.406 -0.015607
17.188 -15.625 0.0038993
17.188 -14.844 0.0087912
17.188 -14.063 -0.0081367
17.188 -13.281 -0.0054429
17.188 -12.5 0.0061032
17.188 -11.719 -0.0016022
17.188 -10.938 -0.0024709
17.188 -10.156 0.00041734
17.188 -9.375 0.017571
17.188 -8.5938 -0.0077016
17.188 -7.8125 -0.0066071
17.188 -7.0313 0.004104
17.188 -6.25 -0.018202
17.188 -5.4688 0.015685
17.188 -4.6875 0.0010952
17.188 -3.9063 -0.0083735
17.188 -3.125 0.00010597
17.188 -2.3438 0.0087369
17.188 -1.5625 -0.0045386
17.188 -0.78125 -0.013761
17.188 0 -0.0027876
17.188 0.78125 0.012099
17.188 1.5625 -0.0071537
17.188 2.3438 0.0014747
17.188 3.125 0.02462
17.188 3.9063 -0.022669
17.188 4.6875 -0.00038934
17.188 5.4688 -8.132e-05
17.188 6.25 0.0068379
17.188 7.0313 0.015586
17.188 7.8125 -0.030772
17.188 8.5938 0.015314
17.188 9.375 -0.0080376
17.188 10.156 -0.00077895
17.188 10.938 -0.0055086
17.188 11.719 0.017442
17.188 12.5 0.00563
17.188 13.281 -0.021545
17.188 14.063 0.0036804
17.188 14.844 0.0068463
17.188 15.625 -0.015534
17.188 16.406 0.0070565
17.188 17.188 0.015292
17.188 17.969 -0.018122
17.188 18.75 -0.0030516
17.188 19.531 0.0049286
17.188 20.313 -0.00059406
17.188 21.094 -0.011714
17.188 21.875 0.00062427
17.188 22.656 0.02047
17.188 23.438 -0.016968
17.188 24.219 -0.0067625
17.188 25 0.0049246
17.969 -24.219 -0.013263
17.969 -23.438 0.010587
17.969 -22.656 -0.0098733
17.969 -21.875 0.0081929
17.969 -21.094 0.0076873
17.969 -20.313 -0.018731
17.969 -19.531 -0.0030757
17.969 -18.75 -0.0028435
17.969 -17.969 0.023495
17.969 -17.188 -0.010181
17.969 -16.406 -0.0033377
17.969 -15.625 -0.002245
17.969 -14.844 0.01296
17.969 -14.063 -0.012139
17.969 -13.281 -0.00081856
17.969 -12.5 0.02136
17.969 -11.719 -0.003013
17.969 -10.938 -0.010161
17.969 -10.156 -0.0019308
17.969 -9.375 -0.0033478
17.969 -8.5938 0.0079074
17.969 -7.8125 0.009315
17.969 -7.0313 0.0032771
17.969 -6.25 -0.022028
17.969 -5.4688 0.011745
17.969 -4.6875 -0.0071034
17.969 -3.9063 0.021677
17.969 -3.125 -0.041134
17.969 -2.3438 0.019062
17.969 -1.5625 -0.010118
17.969 -0.78125 0.026472
17.969 0 -0.0030985
17.969 0.78125 0.0010254
17.969 1.5625 -0.013513
17.969 2.3438 0.0032068
17.969 3.125 0.015991
17.969 3.9063 -0.015798
17.969 4.6875 0.016222
17.969 5.4688 -0.0065773
17.969 6.25 -0.0073329
17.969 7.0313 0.011817
17.969 7.8125 -0.024421
17.969 8.5938 0.005837
17.969 9.375 0.0098617
17.969 10.156 0.0017991
17.969 10.938 -0.0013796
17.969 11.719 0.0072928
17.969 12.5 -0.0028637
17.969 13.281 0.0056032
17.969 14.063 -0.0041517
17.969 14.844 0.020731
17.969 15.625 -0.019062
17.969 16.406 -0.0060606
17.969 17.188 -0.0063419
17.969 17.969 0.0095198
17.969 18.75 -0.0049887
17.969 19.531 0.0068472
17.969 20.313 0.013139
17.969 21.094 0.004916
17.969 21.875 -0.02205
17.969 22.656 0.040688
17.969 23.438 -0.037875
17.969 24.219 0.010437
17.969 25 0.021033
18.75 -24.219 -0.01202
18.75 -23.438 0.025135
18.75 -22.656 -0.01887
18.75 -21.875 0.012921
18.75 -21.094 -0.002262
18.75 -20.313 -0.0054641
18.75 -19.531 0.022318
18.75 -18.75 -0.017876
18.75 -17.969 0.014326
18.75 -17.188 -0.011741
18.75 -16.406 0.020866
18.75 -15.625 -0.016818
18.75 -14.844 0.0012151
18.75 -14.063 0.0008492
18.75 -13.281 -0.00082495
18.75 -12.5 -0.0037848
18.75 -11.719 0.018423
18.75 -10.938 -0.027246
18.75 -10.156 0.028426
18.75 -9.375 -0.016525
18.75 -8.5938 0.0063169
18.75 -7.8125 -0.0078592
18.75 -7.0313 0.003811
18.75 -6.25 -0.0031002
18.75 -5.4688 0.017031
18.75 -4.6875 -0.029066
18.75 -3.9063 0.029481
18.75 -3.125 0.0066897
18.75 -2.3438 -0.0064187
18.75 -1.5625 -0.0031359
18.75 -0.78125 0.0036962
18.75 0 -0.0058091
18.75 0.78125 0.019083
18.75 1.5625 -0.022833
18.75 2.3438 0.0052401
18.75 3.125 0.0034896
18.75 3.9063 -0.0066443
18.75 4.6875 0.0058468
18.75 5.4688 -0.0059512
18.75 6.25 -0.01357
18.75 7.0313 0.021695
18.75 7.8125 0.0053938
18.75 8.5938 0.0013023
18.75 9.375 -0.008175
18.75 10.156 -0.0029889
18.75 10.938 -0.0064946
18.75 11.719 -0.0032796
18.75 12.5 -0.0062859
18.75 13.281 0.0058832
18.75 14.063 -0.020414
18.75 14.844 0.039722
18.75 15.625 -0.016067
18.75 16.406 -0.016172
18.75 17.188 0.0095498
18.75 17.969 0.029884
18.75 18.75 -0.013058
18.75 19.531 -0.0038609
18.75 20.313 -0.026819
18.75 21.094 0.034165
18.75 21.875 -0.017006
18.75 22.656 0.0054885
18.75 23.438 -0.00059636
18.75 24.219 0.0034675
18.75 25 -0.012185
19.531 -24.219 -0.0026293
19.531 -23.438 0.026511
19.531 -22.656 -0.016506
19.531 -21.875 0.0062614
19.531 -21.094 -0.023511
19.531 -20.313 0.0095261
19.531 -19.531 0.0095871
19.531 -18.75 -0.019335
19.531 -17.969 0.0089391
19.531 -17.188 0.0019247
19.531 -16.406 -0.0041259
19.531 -15.625 -0.014051
19.531 -14.844 0.018115
19.531 -14.063 -0.0071416
19.531 -13.281 -8.3442e-05
19.531 -12.5 0.008306
19.531 -11.719 -0.0096401
19.531 -10.938 -0.01283
19.531 -10.156 0.013476
19.531 -9.375 -0.0010777
19.531 -8.5938 -0.0025991
19.531 -7.8125 -0.017345
19.531 -7.0313 0.022954
19.531 -6.25 -0.024073
19.531 -5.4688 0.017255
19.531 -4.6875 0.0026497
19.531 -3.9063 -0.018148
19.531 -3.125 0.021933
19.531 -2.3438 -0.022778
19.531 -1.5625 0.023213
19.531 -0.78125 -0.012899
19.531 0 -0.023737
19.531 0.78125 0.010597
19.531 1.5625 -0.000949
19.531 2.3438 0.0035455
19.531 3.125 0.0018248
19.531 3.9063 0.00082041
19.531 4.6875 -0.0037072
19.531 5.4688 -0.0038269
19.531 6.25 0.0015703
19.531 7.0313 0.0029208
19.531 7.8125 -0.0053665
19.531 8.5938 0.00074622
19.531 9.375 0.004019
19.531 10.156 -0.015039
19.531 10.938 0.023253
19.531 11.719 -0.021218
19.531 12.5 0.024866
19.531 13.281 -0.015895
19.531 14.063 -0.0032715
19.531 14.844 0.0080929
19.531 15.625 -0.005556
19.531 16.406 -0.0047263
19.531 17.188 0.0095431
19.531 17.969 0.0097272
19.531 18.75 -0.012156
19.531 19.531 -0.0084789
19.531 20.313 0.010783
19.531 21.094 -0.0051366
19.531 21.875 -0.014023
19.531 22.656 0.0016475
19.531 23.438 0.02164
19.531 24.219 -0.014504
19.531 25 -0.0036918
20.313 -24.219 -0.02737
20.313 -23.438 0.041999
20.313 -22.656 -0.032262
20.313 -21.875 -0.0051983
20.313 -21.094 0.01589
20.313 -20.313 0.0036807
20.313 -19.531 0.00020956
20.313 -18.75 0.0046014
20.313 -17.969 -0.0065544
20.313 -17.188 0.0017116
20.313 -16.406 0.0057394
20.313 -15.625 0.002075
20.313 -14.844 0.0007798
20.313 -14.063 -0.013385
20.313 -13.281 -0.0039967
20.313 -12.5 0.024945
20.313 -11.719 -0.014619
20.313 -10.938 0.0014598
20.313 -10.156 0.0053076
20.313 -9.375 -0.0003632
20.313 -8.5938 -0.0014035
20.313 -7.8125 0.0072023
20.313 -7.0313 0.0044099
20.313 -6.25 -0.012704
20.313 -5.4688 -0.0002673
20.313 -4.6875 0.018131
20.313 -3.9063 -0.0073138
20.313 -3.125 -0.0020801
20.313 -2.3438 -0.026772
20.313 -1.5625 0.032555
20.313 -0.78125 -0.026019
20.313 0 0.028417
20.313 0.78125 -0.0052178
20.313 1.5625 -0.0014938
20.313 2.3438 0.018522
20.313 3.125 -0.016218
20.313 3.9063 -0.0055004
20.313 4.6875 0.0048968
20.313 5.4688 0.014092
20.313 6.25 -0.021343
20.313 7.0313 0.014656
20.313 7.8125 0.003486
20.313 8.5938 -0.0052348
20.313 9.375 0.0076402
20.313 10.156 -0.0016126
20.313 10.938 0.0075085
20.313 11.719 -0.0049829
20.313 12.5 0.028872
20.313 13.281 -0.035997
20.313 14.063 0.015825
20.313 14.844 0.0061814
20.313 15.625 0.0084241
20.313 16.406 -0.011955
20.313 17.188 -0.011417
20.313 17.969 0.0050679
20.313 18.75 0.018134
20.313 19.531 -0.022019
20.313 20.313 0.030518
20.313 21.094 -0.044843
20.313 21.875 0.032009
20.313 22.656 -0.0095614
20.313 23.438 0.013757
20.313 24.219 -0.022017
20.313 25 0.019537
21.094 -24.219 -0.04034
21.094 -23.438 0.029796
21.094 -22.656 -0.0096036
21.094 -21.875 -0.010661
21.094 -21.094 0.034428
21.094 -20.313 -0.041272
21.094 -19.531 0.017752
21.094 -18.75 0.020995
21.094 -17.969 -0.033103
21.094 -17.188 0.0074146
21.094 -16.406 0.0092053
21.094 -15.625 -0.012129
21.094 -14.844 0.013182
21.094 -14.063 -0.019584
21.094 -13.281 0.019008
21.094 -12.5 -0.013139
21.094 -11.719 0.021208
21.094 -10.938 -0.0031496
21.094 -10.156 0.0030727
21.094 -9.375 -0.015734
21.094 -8.5938 0.0089755
21.094 -7.8125 -0.0087966
21.094 -7.0313 0.011903
21.094 -6.25 -0.0076114
21.094 -5.4688 0.012435
21.094 -4.6875 -0.0053874
21.094 -3.9063 -0.017366
21.094 -3.125 4.5762e-05
21.094 -2.3438 0.0072535
21.094 -1.5625 0.022222
21.094 -0.78125 -0.011565
21.094 0 -0.0076839
21.094 0.78125 0.016393
21.094 1.5625 -0.020652
21.094 2.3438 -0.00050859
21.094 3.125 0.010867
21.094 3.9063 -0.0029429
21.094 4.6875 -0.012872
21.094 5.4688 0.022294
21.094 6.25 -0.021723
21.094 7.0313 0.024517
21.094 7.8125 -0.018378
21.094 8.5938 0.001007
21.094 9.375 -0.010232
21.094 10.156 0.029014
21.094 10.938 -0.042759
21.094 11.719 0.020153
21.094 12.5 0.020644
21.094 13.281 -0.050044
21.094 14.063 0.032079
21.094 14.844 -0.0041737
21.094 15.625 -0.020671
21.094 16.406 0.0089848
21.094 17.188 0.0041704
21.094 17.969 -0.0054904
21.094 18.75 0.0041015
21.094 19.531 -0.016728
21.094 20.313 0.034702
21.094 21.094 -0.036027
21.094 21.875 0.021706
21.094 22.656 -0.0022666
21.094 23.438 -0.0015648
21.094 24.219 -0.020511
21.094 25 0.033987
21.875 -24.219 -0.028292
21.875 -23.438 -0.0051357
21.875 -22.656 0.023496
21.875 -21.875 -0.030035
21.875 -21.094 0.019811
21.875 -20.313 -0.0059263
21.875 -19.531 0.011261
21.875 -18.75 -0.0073081
21.875 -17.969 -0.019137
21.875 -17.188 -0.0054634
21.875 -16.406 0.013388
21.875 -15.625 0.001706
21.875 -14.844 0.019408
21.875 -14.063 -0.018372
21.875 -13.281 0.024576
21.875 -12.5 -0.060711
21.875 -11.719 0.020635
21.875 -10.938 -0.0099784
21.875 -10.156 0.028388
21.875 -9.375 -0.012351
21.875 -8.5938 0.003061
21.875 -7.8125 -0.01518
21.875 -7.0313 0.0058908
21.875 -6.25 -0.010393
21.875 -5.4688 0.027045
21.875 -4.6875 -0.015917
21.875 -3.9063 0.00087876
21.875 -3.125 6.0417e-05
21.875 -2.3438 -0.00063398
21.875 -1.5625 -0.0024187
21.875 -0.78125 -0.0016401
21.875 0 -0.013908
21.875 0.78125 0.023752
21.875 1.5625 -0.012514
21.875 2.3438 -0.010996
21.875 3.125 0.0028028
21.875 3.9063 0.015857
21.875 4.6875 -0.0042409
21.875 5.4688 0.0076989
21.875 6.25 -0.019404
21.875 7.0313 0.014827
21.875 7.8125 -0.010255
21.875 8.5938 0.023565
21.875 9.375 -0.030585
21.875 10.156 0.015572
21.875 10.938 -0.017324
21.875 11.719 0.0069176
21.875 12.5 0.0039201
21.875 13.281 -0.0057007
21.875 14.063 0.010482
21.875 14.844 -0.011072
21.875 15.625 -0.0010589
21.875 16.406 0.0091666
21.875 17.188 -0.00011434
21.875 17.969 -0.0001632
21.875 18.75 0.00068979
21.875 19.531 -0.02293
21.875 20.313 0.03368
21.875 21.094 -0.0048073
21.875 21.875 -0.02135
21.875 22.656 0.027869
21.875 23.438 -0.0061644
21.875 24.219 -0.011213
21.875 25 0.036573
22.656 -24.219 -0.0029819
22.656 -23.438 -0.001515
22.656 -22.656 0.00095305
22.656 -21.875 -0.020796
22.656 -21.094 0.023632
22.656 -20.313 -0.0046942
22.656 -19.531 -0.0030077
22.656 -18.75 -0.019353
22.656 -17.969 0.020751
22.656 -17.188 0.021591
22.656 -16.406 0.0033824
22.656 -15.625 -0.033211
22.656 -14.844 0.017645
22.656 -14.063 -0.017124
22.656 -13.281 0.030941
22.656 -12.5 -0.026961
22.656 -11.719 0.034326
22.656 -10.938 -0.028145
22.656 -10.156 0.010303
22.656 -9.375 -0.012712
22.656 -8.5938 0.022915
22.656 -7.8125 -0.008356
22.656 -7.0313 -0.0047261
22.656 -6.25 -0.017263
22.656 -5.4688 0.016957
22.656 -4.6875 -0.0029994
22.656 -3.9063 0.00039459
22.656 -3.125 0.01247
22.656 -2.3438 -0.0028561
22.656 -1.5625 -0.0079841
22.656 -0.78125 0.010583
22.656 0 0.0023819
22.656 0.78125 -0.0067748
22.656 1.5625 -0.0019496
22.656 2.3438 0.0082748
22.656 3.125 -0.0021687
22.656 3.9063 -0.00135
22.656 4.6875 -0.0042351
22.656 5.4688 -0.0052587
22.656 6.25 0.00021523
22.656 7.0313 0.020679
22.656 7.8125 -0.032013
22.656 8.5938 0.017464
22.656 9.375 -0.0012372
22.656 10.156 0.0098745
22.656 10.938 -0.018825
22.656 11.719 0.010743
22.656 12.5 0.010918
22.656 13.281 -0.010322
22.656 14.063 0.0022239
22.656 14.844 0.0033989
22.656 15.625 0.007785
22.656 16.406 0.010808
22.656 17.188 -0.029979
22.656 17.969 0.010293
22.656 18.75 0.0080784
22.656 19.531 -0.012182
22.656 20.313 0.014613
22.656 21.094 0.0029802
22.656 21.875 -0.037168
22.656 22.656 0.047113
22.656 23.438 -0.0081573
22.656 24.219 -0.046826
22.656 25 0.040888
23.438 -24.219 -0.0212
23.438 -23.438 0.033988
23.438 -22.656 -0.024089
23.438 -21.875 0.02465
23.438 -21.094 -0.015139
23.438 -20.313 0.0040094
23.438 -19.531 -0.0051904
23.438 -18.75 0.0028652
23.438 -17.969 -0.0059506
23.438 -17.188 0.012684
23.438 -16.406 -0.0051594
23.438 -15.625 -0.0029408
23.438 -14.844 -0.021574
23.438 -14.063 -0.0099388
23.438 -13.281 0.049627
23.438 -12.5 -0.019201
23.438 -11.719 -0.0098754
23.438 -10.938 0.020225
23.438 -10.156 -0.030417
23.438 -9.375 0.0011138
23.438 -8.5938 0.030482
23.438 -7.8125 -0.0093819
23.438 -7.0313 -0.0085446
23.438 -6.25 0.016481
23.438 -5.4688 -0.0074386
23.438 -4.6875 -9.4804e-05
23.438 -3.9063 0.004584
23.438 -3.125 0.0027641
23.438 -2.3438 -0.026184
23.438 -1.5625 0.023764
23.438 -0.78125 -0.0086023
23.438 0 0.0044214
23.438 0.78125 -0.004378
23.438 1.5625 0.016652
23.438 2.3438 -0.0035235
23.438 3.125 -0.0050501
23.438 3.9063 -0.014656
23.438 4.6875 0.016233
23.438 5.4688 -0.015608
23.438 6.25 0.01305
23.438 7.0313 -0.002075
23.438 7.8125 -0.0099002
23.438 8.5938 0.0054019
23.438 9.375 0.0064259
23.438 10.156 -0.0037425
23.438 10.938 -0.0069735
23.438 11.719 0.011049
23.438 12.5 0.012974
23.438 13.281 -0.023079
23.438 14.063 -0.0044077
23.438 14.844 0.0093033
23.438 15.625 -0.018698
23.438 16.406 0.023538
23.438 17.188 -0.017057
23.438 17.969 0.028642
23.438 18.75 -0.0086348
23.438 19.531 -0.011025
23.438 20.313 0.0088812
23.438 21.094 -0.014391
23.438 21.875 0.01909
23.438 22.656 -0.021387
23.438 23.438 0.011175
23.438 24.219 -0.016991
23.438 25 0.012184
24.219 -24.219 -0.0057127
24.219 -23.438 0.009413
24.219 -22.656 -0.02063
24.219 -21.875 0.041551
24.219 -21.094 -0.034987
24.219 -20.313 -0.00415
24.219 -19.531 0.018085
24.219 -18.75 0.0026406
24.219 -17.969 -0.023014
24.219 -17.188 0.0062873
24.219 -16.406 0.0038083
24.219 -15.625 0.012315
24.219 -14.844 -0.0057284
24.219 -14.063 -0.012639
24.219 -13.281 0.036643
24.219 -12.5 -0.027396
24.219 -11.719 -0.026536
24.219 -10.938 0.050771
24.219 -10.156 -0.035527
24.219 -9.375 0.010794
24.219 -8.5938 0.01753
24.219 -7.8125 -0.0038461
24.219 -7.0313 -0.014004
24.219 -6.25 -0.010719
24.219 -5.4688 0.01787
24.219 -4.6875 0.00011201
24.219 -3.9063 -0.00078422
24.219 -3.125 -0.0091637
24.219 -2.3438 0.0017006
24.219 -1.5625 0.017508
24.219 -0.78125 -0.023967
24.219 0 -0.0064092
24.219 0.78125 0.0084425
24.219 1.5625 0.0093653
24.219 2.3438 -0.023308
24.219 3.125 0.0050731
24.219 3.9063 0.016917
24.219 4.6875 0.013457
24.219 5.4688 -0.020885
24.219 6.25 0.010615
24.219 7.0313 0.00033355
24.219 7.8125 0.0099429
24.219 8.5938 -0.024119
24.219 9.375 0.019233
24.219 10.156 -0.0012064
24.219 10.938 0.003355
24.219 11.719 -0.010719
24.219 12.5 0.0018633
24.219 13.281 -0.0081524
24.219 14.063 0.030467
24.219 14.844 -0.022542
24.219 15.625 0.011579
24.219 16.406 -0.0048913
24.219 17.188 -0.027616
24.219 17.969 0.0354
24.219 18.75 -0.0021867
24.219 19.531 -0.024413
24.219 20.313 0.0090579
24.219 21.094 -0.0042893
24.219 21.875 0.018453
24.219 22.656 -0.010386
24.219 23.438 -0.002407
24.219 24.219 0.014901
24.219 25 -0.0056815
25 -24.219 -0.0072719
25 -23.438 0.0038789
25 -22.656 -0.013515
25 -21.875 0.00012875
25 -21.094 -0.006096
25 -20.313 0.016966
25 -19.531 0.0041153
25 -18.75 -0.023313
25 -17.969 0.0047431
25 -17.188 0.031933
25 -16.406 -0.02548
25 -15.625 -0.00096307
25 -14.844 0.021028
25 -14.063 -0.02862
25 -13.281 0.022946
25 -12.5 -0.0030779
25 -11.719 0.00089545
25 -10.938 0.0077651
25 -10.156 0.00028084
25 -9.375 -0.017558
25 -8.5938 0.0028252
25 -7.8125 -0.014804
25 -7.0313 0.020059
25 -6.25 0.013732
25 -5.4688 -0.025338
25 -4.6875 -0.0035078
25 -3.9063 0.0052091
25 -3.125 0.007332
25 -2.3438 -0.0066615
25 -1.5625 0.0051155
25 -0.78125 -0.0014214
25 0 0.012833
25 0.78125 -0.011266
25 1.5625 0.0058419
25 2.3438 0.0029675
25 3.125 -0.0088469
25 3.9063 -0.017315
25 4.6875 0.015654
25 5.4688 0.010226
25 6.25 -0.0011011
25 7.0313 -0.010195
25 7.8125 0.0049526
25 8.5938 -0.0083652
25 9.375 -0.005788
25 10.156 0.014693
25 10.938 -0.014427
25 11.719 0.0084846
25 12.5 0.0014995
25 13.281 -0.017426
25 14.063 0.030495
25 14.844 -0.037348
25 15.625 0.02518
25 16.406 0.0017387
25 17.188 -0.01563
25 17.969 0.013114
25 18.75 -0.00095543
25 19.531 -0.018651
25 20.313 0.015278
25 21.094 -0.0085929
25 21.875 0.0016176
25 22.656 0.024512
25 23.438 -0.028188
25 24.219 0.013013
25 25 0.0081579
